2 0.25 0.8763888890624999 0.74765625 0.8833333328125 0.82578125 0.325 0.8234375 0.290277778125 0.79296875 0.24305555625 0.78046875 0.23472222187499997 0.74765625 0.23055555625 0.33203125 0.23333333281250002 0.24375 0.22777777812500002 0.21015625 0.23194444375 0.1921875 0.2486111109375 0.16640625 0.28611111093749997 0.165625 0.31805555625 0.2359375 0.8166666671874999 0.24375 0.8625 0.25 0.8763888890624999
5 0.25 0.5736111109375 0.290625 0.590277778125 0.3015625 0.5791666671875 0.3046875 0.54305555625 0.328125 0.49583333281249997 0.36796875 0.46944444374999994 0.38671875 0.4388888890625 0.37421875 0.34722222187499996 0.359375 0.33888888906250003 0.3453125 0.33888888906250003 0.26640625 0.40277777812500004 0.25546875 0.3916666671875 0.24375 0.41111111093749997 0.24140625 0.4611111109375 0.246875 0.48472222187499997 0.2453125 0.5291666671875 0.25 0.5736111109375
10 0.475 0.5125 0.478125 0.5069444437499999 0.48359375 0.5125 0.49921875 0.4986111109375 0.5171875 0.47222222187499996 0.53984375 0.45416666718750004 0.55625 0.44305555625000004 0.58828125 0.4361111109375 0.63203125 0.4458333328125 0.65390625 0.4611111109375 0.6765625 0.4916666671875 0.69765625 0.55 0.7015625 0.6236111109375 0.684375 0.709722221875 0.665625 0.7333333328125 0.66171875 0.752777778125 0.66328125 0.777777778125 0.671875 0.8041666671875 0.6859375 0.8263888890625 0.7 0.8375 0.7109375 0.8375 0.72578125 0.8208333328125 0.73515625 0.7708333328125 0.7453125 0.7638888890625 0.74453125 0.74444444375 0.76953125 0.652777778125 0.77578125 0.6083333328125 0.77578125 0.540277778125 0.76171875 0.44305555625000004 0.775 0.4125 0.771875 0.39027777812500003 0.71484375 0.3763888890625 0.69296875 0.34444444375 0.65 0.31805555625 0.621875 0.309722221875 0.54140625 0.3166666671875 0.484375 0.35694444375 0.45859375 0.36666666718749996 0.45390625 0.39444444375 0.43515625 0.40416666718750005 0.42734375 0.39305555625 0.42265625 0.3958333328125 0.41953125 0.47361111093749997 0.4390625 0.502777778125 0.45546875 0.5138888890625 0.475 0.5125
9 0.54921875 0.6986111109375 0.56328125 0.7083333328125 0.59140625 0.7125 0.6109375 0.70555555625 0.63515625 0.672222221875 0.64375 0.64305555625 0.64609375 0.6166666671875001 0.640625 0.5791666671875 0.61953125 0.540277778125 0.59765625 0.525 0.57421875 0.525 0.55546875 0.5361111109375 0.53671875 0.5638888890625 0.5296875 0.5861111109375 0.525 0.609722221875 0.525 0.6388888890625 0.53203125 0.6763888890625 0.54921875 0.6986111109375
11 0.31171875 0.7819444437499999 0.31171875 0.772222221875 0.303125 0.7611111109375 0.29296875 0.775 0.290625 0.7861111109375 0.29921875 0.79305555625 0.3078125 0.790277778125 0.31171875 0.7819444437499999
11 0.39375 0.70555555625 0.384375 0.6861111109375 0.375 0.6972222218749999 0.37421875 0.7083333328125 0.3796875 0.7166666671875 0.3890625 0.7166666671875 0.39375 0.70555555625
11 0.45234375 0.3888888890625 0.4546875 0.36944444375 0.45 0.35694444375 0.440625 0.35 0.4296875 0.35694444375 0.4265625 0.3791666671875 0.43125 0.3916666671875 0.44453125 0.397222221875 0.45234375 0.3888888890625
11 0.77109375 0.3875 0.76796875 0.36805555624999997 0.7609375 0.3625 0.75078125 0.3625 0.74296875 0.3736111109375 0.740625 0.3916666671875 0.74609375 0.40555555625000006 0.75625 0.40694444374999994 0.77109375 0.3875
11 0.75234375 0.7888888890625 0.7515625 0.7791666671875 0.7453125 0.772222221875 0.7359375 0.7736111109375 0.72890625 0.784722221875 0.72890625 0.7986111109375 0.7390625 0.80694444375 0.74609375 0.8041666671875 0.75234375 0.7888888890625
0 0.4921875 0.6777777781250001 0.52578125 0.6805555562500001 0.50546875 0.6513888890625 0.43828125 0.584722221875 0.41171875 0.5486111109375 0.36484375 0.5013888890625 0.33359375 0.5 0.32578125 0.5097222218749999 0.31875 0.5555555562500001 0.32890625 0.5916666671875 0.3375 0.6041666671875 0.4921875 0.6777777781250001
1 0.37265625 0.5930555562500001 0.38125 0.58194444375 0.38515625 0.5638888890625 0.38125 0.540277778125 0.3734375 0.527777778125 0.36328125 0.522222221875 0.34140625 0.5291666671875 0.334375 0.54444444375 0.334375 0.5638888890625 0.33828125 0.577777778125 0.35234375 0.5930555562500001 0.37265625 0.5930555562500001
11 0.5798421874999999 0.6911263890625 0.5821890625 0.68069305625 0.58042890625 0.67109444375 0.5759703125 0.6669222218749999 0.5757359375 0.6665041671874999 0.5686960937500001 0.6694263890625 0.56470703125 0.6802763890625 0.5720984375 0.6932125 0.5798421874999999 0.6911263890625
11 0.6115203124999999 0.67965 0.615509375 0.6740166671875001 0.61914609375 0.6667125 0.61938125 0.658575 0.6166828125 0.651272221875 0.6117546875000001 0.6470986109375 0.6092906250000001 0.649602778125 0.60987734375 0.64814305625 0.6057710937499999 0.6525236109375 0.6037765625 0.6612875 0.605184375 0.67380694375 0.6115203124999999 0.67965
11 0.61797265625 0.61684305625 0.6223140625 0.6218513890625 0.6287671875 0.6151736109375 0.63064453125 0.6055763890625 0.6287671875 0.5986902781250001 0.62665546875 0.5943083328125 0.62266640625 0.5926388890625 0.61938125 0.5938916671875 0.6162132812500001 0.60056805625 0.6158609375 0.6118361109375 0.61797265625 0.61684305625
11 0.5875859375 0.5726083328125 0.58969765625 0.5771986109375 0.593334375 0.58011944375 0.5960328125000001 0.5799111109374999 0.60236875 0.5707291671875 0.60330703125 0.5634263890625 0.6018992187500001 0.5596708328125 0.59802734375 0.55508055625 0.5970890625 0.5542458328125 0.59403828125 0.5544541671875 0.5913398437499999 0.5546625 0.5893453125 0.555915278125 0.5871164062500001 0.56321805625 0.5875859375 0.5726083328125
11 0.54992421875 0.5911777781249999 0.55273984375 0.594934721875 0.556025 0.5963944437500001 0.56189140625 0.5966041671875 0.5638859375 0.5880486109375 0.5627125000000001 0.5805361109375 0.56048359375 0.5769888890625 0.55801953125 0.573025 0.5571984375000001 0.572190278125 0.5560328125 0.5720208328124999 0.55273984375 0.57406805625 0.5508632812500001 0.57678055625 0.54886875 0.583040278125 0.54992421875 0.5911777781249999
11 0.54042109375 0.6443861109375 0.54206328125 0.6489763890625 0.54417578125 0.6518986109375 0.5494546875 0.653984721875 0.5523882812500001 0.65148055625 0.5550867187499999 0.644177778125 0.5556734375 0.6381263890625 0.553209375 0.6312416671875 0.5521539062499999 0.62978055625 0.54927421875 0.62884305625 0.54452734375 0.6293624999999999 0.541125 0.632909721875 0.54006875 0.6385444437500001 0.54042109375 0.6443861109375
7 0.28765703125000003 0.7669986109375 0.28878984375 0.7856347218749999 0.3281578125 0.7811013890625 0.36752578125 0.7836208328125001 0.38990078125 0.7831166671875 0.39613125 0.7649833328125 0.3941484375 0.7216652781249999 0.39216640625 0.6964805562499999 0.38508593750000003 0.68489444375 0.36641015625 0.6968277781250001 0.33098984374999996 0.70353194375 0.29530390624999997 0.7045388890625001 0.2851078125 0.7246875 0.28765703125000003 0.7669986109375