2 0.364056946875 0.2002099578125 0.5047140734375 0.5274157390624999 0.5310802296875 0.5292722546874999 0.5966080609375 0.5233383703125 0.959310415625 0.4833650203125 0.987338246875 0.475903128125 0.9876337625 0.46574687812500004 0.8991223859374999 0.2579923109375 0.8205855140624999 0.0897529875 0.8110224171875 0.0838880875 0.7860224171875 0.082869415625 0.5791711328125 0.11902491875000001 0.39745624375 0.15151159375 0.35813544531249997 0.16477074375 0.364056946875 0.2002099578125
5 0.794223825 0.18332215937500002 0.7714310671875 0.1542350796875 0.7354563484375001 0.14807616562499998 0.7121634875 0.13617658593749998 0.6257113953125 0.1443865765625 0.6172644 0.1479532703125 0.6150798890625 0.1752404265625 0.6177440078124999 0.17925986249999998 0.6454308578125 0.1835167203125 0.6746657203125 0.1823614203125 0.7036732625 0.18901862187500001 0.7173120984375 0.1981783 0.73199884375 0.21911332187500002 0.7416074046875 0.223415721875 0.759640228125 0.22493267968750003 0.8254863078125 0.2080612953125 0.8217970140625 0.1914852671875 0.794223825 0.18332215937500002
0 0.6116268515625001 0.3417032703125 0.6316850625 0.32140182031250003 0.6695010765625 0.2642794859375 0.7154912999999999 0.21296545781249998 0.7131681640624999 0.197227271875 0.6994384 0.19119259375 0.6786732625 0.18799995 0.63846368125 0.18401500625 0.6224130140625 0.20995498437500001 0.616352015625 0.27488911250000003 0.60552349375 0.3125140546875 0.6116268515625001 0.3417032703125
1 0.6797211703125 0.1997752921875 0.65891056875 0.19814515 0.643428203125 0.20455387812499998 0.6374407390625 0.21917125624999997 0.648301796875 0.2282177484375 0.6760568421875 0.23013085625000002 0.69299629375 0.221434971875 0.69336000625 0.208934971875 0.6797211703125 0.1997752921875
10 0.6931211234375 0.4560929359375 0.591914090625 0.44571165468749996 0.57511103125 0.44972004062500004 0.55671449375 0.46070308281249994 0.5525705609375 0.45975205468749997 0.5480174484375 0.472863525 0.5752723890625 0.49196413281250007 0.7377723890625 0.4985855015625 0.8007270296875 0.48550718125000003 0.8400932921875001 0.47068553125 0.858489828125 0.4597024890625 0.8889999203125001 0.46251003281249997 0.9002928875 0.456712775 0.8948282593749999 0.45336140468749997 0.8998132796875 0.4254061828125 0.9261544718750001 0.38033110468750003 0.9241041187500001 0.35521791875000003 0.9124224734374999 0.3265835828125 0.8963468406249999 0.30559196875 0.8814327750000001 0.292469446875 0.8526980171874999 0.276437246875 0.8433622406250001 0.2627598453125 0.8105290125 0.2442141171875 0.8093219796875 0.23790752343750002 0.7465264640625 0.24551709375000003 0.730521259375 0.269894571875 0.732844396875 0.2856327578125 0.740950409375 0.293784815625 0.7739427609375 0.30686179375 0.8054098328125001 0.32456968124999996 0.8282480546875 0.352094259375 0.8331216484375 0.37575813125 0.822581071875 0.40348698125000004 0.809717359375 0.4154776453125 0.7771364171874999 0.436051009375 0.7391817765625001 0.4501480015625 0.7182347828125 0.4532053578125 0.6931211234375 0.4560929359375
7 0.5277889453125 0.2600695109375 0.5362814046875 0.25494031875 0.52419058125 0.24036848281249998 0.5299961890625 0.232001103125 0.511847471875 0.186677553125 0.45187519531250003 0.192837809375 0.441721065625 0.207285409375 0.43049629375 0.210738915625 0.4456399140625 0.26376178125 0.4579807890625 0.2697398671875 0.5277889453125 0.2600695109375
11 0.4388978234375 0.20873472343750002 0.4460013921875 0.2035489375 0.4447488953125 0.1988048453125 0.42956204531250003 0.19505732343749999 0.4225039421875 0.198680609375 0.42505439999999994 0.2066062953125 0.4388978234375 0.20873472343750002
11 0.51808945625 0.25889211093750003 0.536258671875 0.25572156874999996 0.532319325 0.2477392890625 0.521253678125 0.245724046875 0.5156299265625 0.247841425 0.5126930234375 0.2531969890625 0.51808945625 0.25889211093750003
11 0.8412436921875001 0.239990409375 0.8287664234375001 0.2386998234375 0.813329521875 0.243546053125 0.8117133140625 0.251301959375 0.819887521875 0.25711026718749996 0.8351425671875001 0.2585140390625 0.846390071875 0.25427928125 0.8480290125 0.24574212499999998 0.8412436921875001 0.239990409375
11 0.8936439609375 0.4462735609375 0.90452775 0.45453880468749996 0.9184166390625 0.45510473281249997 0.9324646515625 0.4502019125 0.9340808609375 0.44244600468749995 0.9259293843749999 0.4358564484375 0.9009748484375001 0.433275275 0.8936439609375 0.4462735609375
11 0.595560153125 0.5115630265625 0.60680765625 0.5073282703124999 0.6015476171875 0.4969456484375 0.5890930828125 0.4948738125 0.5792344671875 0.49916516250000004 0.5831056171875 0.509491190625 0.595560153125 0.5115630265625
9 0.7037026953125001 0.3313759 0.6689804734375 0.32996107812500003 0.638197596875 0.336528534375 0.618412171875 0.347454984375 0.6068691515625 0.361845990625 0.60493469375 0.3805393984375 0.6115608890625001 0.3917598625 0.633373934375 0.4067278484375 0.6554370328125 0.413102084375 0.6859471234375001 0.415909628125 0.7153183796875 0.41006682968749997 0.7449396875 0.39563027968750003 0.7550710859375 0.38196392968750004 0.755571190625 0.3647764296875 0.7476243015625 0.351155621875 0.7298869953125 0.339482415625 0.7037026953125001 0.3313759
11 0.6410834328125 0.37407482187499996 0.6409792484375 0.3726853421875 0.6372666125 0.36914567656249997 0.6250638453125 0.3674055734375 0.619910696875 0.3719394984375 0.6235707984375 0.3772846328125 0.6327638671875 0.37890131718750003 0.6370335640625 0.3771550515625 0.6410834328125 0.37407482187499996
11 0.6664909140625 0.3953066703125 0.6637014015625 0.39258601249999997 0.6549064484375 0.391098184375 0.6475562 0.3952039015625 0.6462699703125 0.397975146875 0.6525759171875001 0.40218521406249996 0.6583906984375 0.40253478125 0.66324864375 0.4012645828125 0.6664909140625 0.3953066703125
11 0.7094798140624999 0.40021206875 0.7121603671875001 0.39783631875 0.713291721875 0.39355385468750004 0.7107484890625 0.391114646875 0.706131303125 0.39103992656250003 0.7000790343750001 0.391922778125 0.6957601234374999 0.3953604515625 0.696816578125 0.40048607968749994 0.7048021828125 0.4021669796875 0.7094798140624999 0.40021206875
11 0.736376271875 0.3703666875 0.7335302421875001 0.36753343906249997 0.72474840625 0.3655948296875 0.7181976609375 0.36984575625 0.720091625 0.3737626328125 0.728427496875 0.3772646328125 0.7312522421875001 0.3768150015625 0.7355678796875 0.373489828125 0.736376271875 0.3703666875
11 0.7056352546875 0.35284325625 0.71033259375 0.3502110015625 0.7091422656249999 0.345672025 0.70609924375 0.3438264625 0.6988624921875 0.34398368437500004 0.695205440625 0.34541545 0.691294465625 0.34864447656249997 0.69342589375 0.35132971562500004 0.7002054484375 0.35307410625 0.7056352546875 0.35284325625
11 0.643991571875 0.3520256625 0.6519377828125 0.35506046874999997 0.6583750296875001 0.354758034375 0.662831584375 0.35347148125 0.6646828234375 0.34982453593749996 0.6641834656250001 0.348443984375 0.6594666625000001 0.3448634015625 0.6528523984375 0.3443678421875 0.6475832203125 0.3459599671875 0.6441097328125001 0.34796472500000003 0.643991571875 0.3520256625
8 0.73760060625 0.45058260156249996 0.7989442312499999 0.42486671875 0.8210406109375 0.397552415625 0.8278063843749999 0.360296153125 0.81113829375 0.331135596875 0.7730777671875 0.30509637500000003 0.7393596203125 0.2925428203125 0.7278232906250001 0.2659871734375 0.740605109375 0.24973813281249999 0.70101083125 0.243865840625 0.6825691640625 0.2431144 0.6150340640625 0.249312215625 0.598575796875 0.25007297500000003 0.5765550359375 0.2584922 0.5358077765625 0.275996759375 0.49525422812500003 0.303092434375 0.46459892968750005 0.3316551921875 0.46140729843750006 0.360006528125 0.46601369375 0.41316398281250005 0.49815303593750004 0.4474806171875 0.5348264453125 0.4723987765625 0.5452524328125 0.47202500000000003 0.5513205812499999 0.45869680781250005 0.5685826031250001 0.451149003125 0.6151521984375 0.44506055 0.648699821875 0.4472261125 0.703921478125 0.4529365703125 0.73760060625 0.45058260156249996