2 0.6078125 0.7791666671875 0.6703125 0.76944444375 0.75703125 0.772222221875 0.765625 0.7638888890625 0.76328125 0.68194444375 0.73359375 0.2638888890625 0.73203125 0.24722222187499998 0.7203125 0.23055555625 0.30234375 0.23472222187499997 0.2984375 0.240277778125 0.29609375 0.259722221875 0.28046875 0.5125 0.2671875 0.752777778125 0.26875 0.76944444375 0.275 0.777777778125 0.6078125 0.7791666671875
5 0.3671875 0.4513888890625 0.371875 0.41944444374999995 0.40546875 0.36944444375 0.42109375 0.3625 0.43671875 0.34027777812500004 0.43125 0.28055555625 0.42109375 0.272222221875 0.41171875 0.2736111109375 0.40546875 0.28611111093749997 0.34140625 0.334722221875 0.33203125 0.352777778125 0.3234375 0.4236111109375 0.32265625 0.45 0.32578125 0.45694444375 0.3609375 0.45694444375 0.3671875 0.4513888890625
9 0.571875 0.565277778125 0.60703125 0.5638888890625 0.63046875 0.527777778125 0.63671875 0.5013888890625 0.6359375 0.46388888906250003 0.62578125 0.43055555625 0.6078125 0.40694444374999994 0.59140625 0.4 0.57578125 0.40138888906250003 0.55625 0.415277778125 0.54453125 0.4388888890625 0.5390625 0.46805555625000006 0.5390625 0.49583333281249997 0.54765625 0.5305555562500001 0.5578125 0.5513888890625 0.571875 0.565277778125
7 0.41484375 0.7291666671875 0.4421875 0.65 0.43671875 0.625 0.409375 0.5638888890625 0.34140625 0.565277778125 0.33671875 0.5722222218749999 0.33125 0.6111111109375 0.321875 0.7083333328125 0.3265625 0.7236111109375 0.3375 0.73194444375 0.41484375 0.7291666671875
1 0.42421875 0.427777778125 0.4234375 0.41111111093749997 0.41328125 0.4 0.4046875 0.40277777812500004 0.39453125 0.41805555625 0.39375 0.4361111109375 0.40390625 0.45277777812500003 0.415625 0.45277777812500003 0.42421875 0.427777778125
0 0.52265625 0.5361111109375 0.52578125 0.5166666671875 0.521875 0.5097222218749999 0.428125 0.3916666671875 0.39609375 0.3763888890625 0.38359375 0.41111111093749997 0.38359375 0.45416666718750004 0.3890625 0.46527777812500004 0.5125 0.540277778125 0.52265625 0.5361111109375
10 0.75524453125 0.640165278125 0.73502109375 0.6149875 0.73502109375 0.5835166671875001 0.7380546875 0.5349611109375 0.73502109375 0.47201944375 0.7319875 0.4126736109375 0.7178312499999999 0.3713111109375 0.701146875 0.3380416671875 0.705696875 0.3146638890625 0.705696875 0.284990278125 0.6829453125 0.26790555625 0.672328125 0.285890278125 0.6662609374999999 0.29398194375000003 0.6465429687500001 0.2706041671875 0.610140625 0.250822221875 0.59042265625 0.24632638906249998 0.55351484375 0.24722499999999997 0.5343023437500001 0.25531805625000004 0.4989109375 0.2786958328125 0.48677656249999995 0.2867888890625 0.47919296874999995 0.2733013890625 0.466553125 0.28139444375 0.46351953124999995 0.31016805625 0.45694687500000003 0.345234721875 0.46351953124999995 0.367715278125 0.47363125000000006 0.394690278125 0.49031562500000003 0.3955888890625 0.52570703125 0.3713111109375 0.54997578125 0.3425375 0.58182734375 0.3308486109375 0.61772421875 0.331747221875 0.65159921875 0.358722221875 0.672328125 0.40458055625 0.68597890625 0.4612291671875 0.6895179687499999 0.5043888890625 0.686484375 0.5493486109375 0.6698000000000001 0.5961055562500001 0.6698000000000001 0.62218055625 0.67637265625 0.6581486109375 0.696090625 0.6842236109375001 0.696090625 0.683325 0.71580859375 0.6689388890625 0.729459375 0.6581486109375 0.7385601562499999 0.65545 0.75524453125 0.640165278125
8 0.46604765625000005 0.63566944375 0.4847546875 0.667140278125 0.51155078125 0.7094013890624999 0.5418859375 0.7363763890625 0.576771875 0.7498638890625 0.60255703125 0.75705694375 0.62530859375 0.7534611109375 0.667271875 0.73098194375 0.686484375 0.7013083328125 0.6895179687499999 0.6968125 0.6829453125 0.679727778125 0.67435078125 0.6509541671875 0.667778125 0.625777778125 0.67182265625 0.59430694375 0.67485625 0.5628361109375 0.6804171875 0.5313638890625 0.6789007812500001 0.4935986109375 0.67637265625 0.45583333281250005 0.672328125 0.42705972187499996 0.65362109375 0.3847986109375 0.64199296875 0.3713111109375 0.61266875 0.3515291671875 0.5823335937499999 0.3425375 0.5550312500000001 0.33894166718749996 0.54138046875 0.3515291671875 0.5262125 0.37490833281249997 0.49486640625 0.3919916671875 0.47868750000000004 0.39109305625 0.4604859375 0.37490833281249997 0.45290234375000005 0.3839 0.44481328124999997 0.4099763890625 0.4438015625 0.414472221875 0.43868984375000003 0.49531805625 0.44127343750000003 0.5286666671875 0.447340625 0.5637347218750001 0.45644140625 0.6006013890624999 0.46604765625000005 0.63566944375
11 0.34140625 0.7083333328125 0.33984375 0.69305555625 0.334375 0.6875 0.32421875 0.6916666671875 0.32578125 0.715277778125 0.3328125 0.7208333328125 0.33828125 0.7180555562500001 0.34140625 0.7083333328125
11 0.4234375 0.6180555562500001 0.42109375 0.60694444375 0.415625 0.602777778125 0.40859375 0.609722221875 0.4078125 0.625 0.41171875 0.6319444437499999 0.41875 0.6319444437499999 0.4234375 0.6180555562500001
11 0.48359375 0.29444444375 0.48671875 0.28472222187499996 0.4859375 0.2736111109375 0.4796875 0.2666666671875 0.47109375 0.26944444375 0.46640625 0.27777777812500004 0.46875 0.2888888890625 0.47421875 0.29722222187499997 0.48359375 0.29444444375
11 0.70234375 0.290277778125 0.70234375 0.2791666671875 0.6984375 0.2708333328125 0.69296875 0.2666666671875 0.6828125 0.2708333328125 0.68046875 0.2791666671875 0.6875 0.29722222187499997 0.696875 0.2986111109375 0.70234375 0.290277778125
11 0.74609375 0.6555555562500001 0.75 0.6458333328125 0.7484375 0.63055555625 0.73984375 0.61944444375 0.7296875 0.625 0.728125 0.6388888890625 0.73203125 0.6555555562500001 0.73515625 0.659722221875 0.74609375 0.6555555562500001
11 0.58828125 0.5291666671875 0.58359375 0.5236111109375 0.57890625 0.5263888890625 0.5765625 0.5319444437499999 0.578125 0.54444444375 0.5859375 0.54444444375 0.58828125 0.5291666671875
11 0.59609375 0.42222222187499997 0.5875 0.4236111109375 0.5875 0.4388888890625 0.59453125 0.4388888890625 0.59765625 0.43055555625 0.59609375 0.42222222187499997
11 0.5609375 0.49305555625 0.55625 0.4888888890625 0.55234375 0.49444444374999996 0.553125 0.5083333328124999 0.55859375 0.5111111109375 0.56171875 0.50555555625 0.5609375 0.49305555625
11 0.61964453125 0.5148361109375 0.61767265625 0.50711944375 0.614121875 0.5046638890625 0.60858515625 0.5038 0.60761328125 0.510977778125 0.61096640625 0.5271138890625 0.61708046875 0.5246583328125001 0.61964453125 0.5148361109375
11 0.61925 0.47625 0.6231953125 0.4702861109375 0.62122265625 0.45835972187499996 0.61767265625 0.45379861093749996 0.61686953125 0.4545638890625 0.6113609375 0.45660555625 0.6099796875 0.4618666671875 0.61274140625 0.47063750000000004 0.61925 0.47625
11 0.56047265625 0.46397222187500003 0.56520625 0.465375 0.5699398437500001 0.45906111093749996 0.56974296875 0.44643333281249997 0.56717890625 0.44011805624999994 0.5640226562499999 0.43696111093749995 0.5608671875 0.43766249999999995 0.55889453125 0.438715278125 0.55573828125 0.447484721875 0.5559359374999999 0.45695694375 0.56047265625 0.46397222187500003