2 0 0.571779484375 0.058719065625 0.7437496 0.12437502656249999 0.9164273234375001 0.133473734375 0.9228833484375001 0.15834057031249998 0.9254969578125 0.3674567046875 0.9026925875 0.55121595 0.881937140625 0.5914495234375 0.8712380718749999 0.588217459375 0.8355430828125 0.47258500000000003 0.5004780156249999 0.4464183484375 0.49694211718750003 0.380589853125 0.4986656671875 0.015684967187500003 0.515309728125 0 0.51841280625 0 0.571779484375
5 0.1577430828125 0.8248680140625 0.1782881140625 0.8553116125000001 0.21371682343749998 0.8637493578125 0.23605871406249998 0.8770970078125 0.3229362734375 0.8744431125000001 0.331633596875 0.8714288734375 0.3358737234375 0.844375971875 0.3335191171875 0.840200128125 0.3062160015625 0.8341877640625001 0.27695966875 0.83346981875 0.24852009062499997 0.8249809859375 0.23560360937499997 0.8149810078125 0.2225307671875 0.793179496875 0.213268709375 0.7882776515625001 0.195391003125 0.7856129546874999 0.1284190515625 0.7982157453125 0.13084834375 0.8149702078125 0.1577430828125 0.8248680140625
0 0.35188907187499996 0.678710903125 0.330342965625 0.6976594890625 0.2882985578125 0.75216591875 0.23853693125 0.8003615249999999 0.23966640625000002 0.816193696875 0.2529095875 0.8230853218749999 0.273386925 0.8275945968749999 0.31320513125 0.8341366765625 0.33117849062500004 0.809312871875 0.3421292109375 0.74499135 0.3557745375 0.708189184375 0.35188907187499996 0.678710903125
1 0.2732305625 0.8157930671875 0.2938712484375 0.8187481640625001 0.309802725 0.813351571875 0.31688051875 0.7991676921875001 0.306727021875 0.7894581125 0.27917888125 0.7857770125 0.2616208875 0.7933596703125 0.2603140828125 0.8057930859375 0.2732305625 0.8157930671875
10 0.27921602343749996 0.559507090625 0.37941145 0.5763234390624999 0.3964793921875 0.573403315625 0.415663903125 0.5636345921875 0.4197266984375 0.5648472828125 0.425259653125 0.552072378125 0.39950836875 0.5312953296875 0.23787394218750002 0.5143068671875 0.17407335 0.523314615625 0.13367642500000002 0.5355678609375001 0.1144919140625 0.5453365828125001 0.0842624671875 0.5405879921875 0.0725571390625 0.5456430984375 0.0777564015625 0.549332253125 0.07067161875 0.5768718421875 0.040985940625 0.6201064578125 0.0411353125 0.64526369375 0.05062841875 0.6745456890625 0.06508275 0.6964923984375 0.07897234375 0.7105230203125 0.106431821875 0.728336915625 0.1147137765625 0.7425638250000001 0.14607269843749998 0.7631445859375 0.1468007875 0.769506496875 0.21002965312500002 0.76593836875 0.2278396625 0.7426687390625 0.22671018593749998 0.7268365671875 0.21923799531250002 0.718194478125 0.18730734531249998 0.7030533359375 0.15724823593749998 0.6833948640624999 0.136539853125 0.6545054421875001 0.1334641484375 0.6306119828125001 0.1460748953125 0.6036531968750001 0.15981511875 0.5925265859375 0.19387631562500002 0.5741077156250001 0.2328100734375 0.562486359375 0.2539408109375 0.5607789249999999 0.27921602343749996 0.559507090625
7 0.4293739703125 0.7654221953125 0.4205132984375 0.7699906109375 0.43147655937499996 0.7852850124999999 0.42505216875 0.7932521828125 0.4397375484375 0.8395790406250001 0.5000400828125 0.837274690625 0.51126235 0.8235264093750001 0.5227226515625001 0.8208025718749999 0.5116170062500001 0.7669952296875 0.49975531718750005 0.7602488046875 0.4293739703125 0.7654221953125
11 0.5141886812500001 0.8222626328124999 0.5067095 0.8269762515625001 0.5076009390625 0.8317839843750001 0.5224706375 0.8364895421874999 0.5297864671875 0.833330103125 0.5278402390625 0.8252688156250001 0.5141886812500001 0.8222626328124999
11 0.43896273125 0.7672156875 0.4205949734375 0.7692135234374999 0.42392269374999997 0.7774200109375 0.43481126875 0.7801357921875 0.440582259375 0.7783853296875 0.44391696875 0.773236109375 0.43896273125 0.7672156875
11 0.115108175 0.7653897953125 0.1274599171875 0.7674736890625 0.14322804375 0.7636312734375 0.1454262859375 0.7560055890624999 0.13770906875 0.7496947656249999 0.12259434375 0.7473204703125 0.1110523671875 0.7508213984375 0.10877244687500001 0.759224171875 0.115108175 0.7653897953125
11 0.0784028125 0.5564712515625 0.068167640625 0.5475387625 0.054352731249999994 0.54608675625 0.0399660984375 0.550074371875 0.037767853125 0.5577000562500001 0.0454033953125 0.5647879687499999 0.0701068796875 0.5689557546875 0.0784028125 0.5564712515625
11 0.38074621249999996 0.5104671953125 0.36920423593749996 0.5139681234375 0.3736684171875 0.524651078125 0.385938484375 0.527512059375 0.396098971875 0.52386593125 0.39301627968749997 0.513328178125 0.38074621249999996 0.5104671953125
9 0.259240521875 0.6831152625 0.293777790625 0.6867452765625 0.3249873421875 0.6821688015625 0.3455533421875 0.67254528125 0.3581571 0.6589422015624999 0.3614988 0.6404372765625 0.3557347984375 0.628832034375 0.335101103125 0.6125212296875 0.313568975 0.6047584015624999 0.283339528125 0.6000098125 0.25359314374999997 0.6039543984375 0.22294832968749997 0.6164469578125 0.21180773749999998 0.62941815 0.21001088124999998 0.6465140984375 0.216911346875 0.6605958078125 0.2337272734375 0.6733626546875 0.259240521875 0.6831152625
11 0.324943225 0.644568140625 0.3249422515625 0.6459594640625 0.32837924531249996 0.6497242437499999 0.340423159375 0.65223854375 0.345907084375 0.6480498203125 0.34265884375 0.6424891921875 0.3336085359375 0.6402903171875 0.3292165796875 0.64175753125 0.324943225 0.644568140625
11 0.3011961796875 0.6217853625 0.303773971875 0.624674946875 0.3124367875 0.626719959375 0.32008053593749997 0.6230984375 0.3215731359375 0.6204190374999999 0.315599290625 0.61582036875 0.3098239859375 0.6151002234375 0.3048810546875 0.6160554078125 0.3011961796875 0.6217853625
11 0.2586744125 0.6141483109375 0.2558204890625 0.616344434375 0.2543683 0.6205397171875 0.2567216203125 0.62313308125 0.2613227765625 0.623502759375 0.2674280953125 0.62300994375 0.271996878125 0.6198603328125001 0.2713298515625 0.614684921875 0.263489140625 0.6124992578125 0.2586744125 0.6141483109375
11 0.2295847546875 0.6421705171875 0.232210434375 0.645175915625 0.24082612499999997 0.64766930625 0.24768313281249998 0.643851959375 0.246089203125 0.6398275625000001 0.2380365296875 0.635804715625 0.23518418593749998 0.6360721781249999 0.2306271640625 0.6391098890625 0.2295847546875 0.6421705171875
11 0.25893337031249997 0.6615987515625 0.2540478296875 0.6639215390625 0.254892728125 0.668520890625 0.25778954062500004 0.6705546250000001 0.2650218828125 0.6708606546875 0.2687788265625 0.66966768125 0.2729248359375 0.6666999078125 0.271000971875 0.6638876953125 0.2643683921875 0.661715875 0.25893337031249997 0.6615987515625
11 0.32037663437499997 0.66635493125 0.3126774671875 0.6628225734375001 0.3062318640625 0.6627123687500001 0.301688184375 0.663709515625 0.2995657203125 0.66722545625 0.299959703125 0.66863315 0.304395515625 0.6725029078125 0.310957478125 0.67341965625 0.31633502812500003 0.6721699546875 0.3199520859375 0.6703942374999999 0.32037663437499997 0.66635493125
8 0.234420503125 0.5621543625000001 0.17127300625 0.5838588765625 0.14716375625 0.6096656890625 0.1375998765625 0.64636021875 0.15202847343749998 0.676485434375 0.1880370796875 0.70486794375 0.22073141875000002 0.7195338812500001 0.230236503125 0.7467351 0.21625642812499998 0.7621105640625 0.255318196875 0.7704941109375001 0.273661634375 0.7724220828125 0.341512815625 0.7705638593749999 0.357991503125 0.7708580578124999 0.3805984828125 0.763875996875 0.422575890625 0.7490374390625 0.465084278125 0.724628625 0.497827465625 0.6981249328125 0.5031528062499999 0.6700759374999999 0.5025708421874999 0.616808209375 0.47309514999999996 0.5805555734375 0.438385884375 0.5533789328125 0.427955128125 0.5530847890625 0.42089418125 0.5659787953125 0.40310103750000004 0.5723967234375 0.35617645468750003 0.5754864734375 0.3228678296875 0.5711834234375 0.26820161875 0.56196195625 0.234420503125 0.5621543625000001