2 0.8336819109375 0.046479859375 0.8135967828125 0.041864374999999995 0.4871777609375 0.092905625 0.20945987187499998 0.141120503125 0.164912096875 0.1568082296875 0.1571913515625 0.1632606359375 0.22269252343749998 0.4132037609375 0.247523975 0.4762255546875 0.30617527187500004 0.6876831296875 0.30821109375 0.693725559375 0.32284944375 0.699795515625 0.572352896875 0.64953510625 0.9556770828125 0.580504184375 0.96933488125 0.57725625 0.979738159375 0.5696883609375 0.9824954124999999 0.55597953125 0.8426353390625 0.06504465468750001 0.8336819109375 0.046479859375
5 0.8205982984375 0.2148248125 0.8234372609375 0.2018924734375 0.81765664375 0.1868711421875 0.7904157656249999 0.1807736625 0.75380590625 0.1388590953125 0.7180271578124999 0.1314491125 0.6996440125000001 0.1164002578125 0.6865512093749999 0.1117137890625 0.6565530796875 0.1193251390625 0.5952494203125 0.1221239859375 0.5540308875 0.129538315625 0.547610553125 0.13504473749999998 0.5446221453125 0.1731637734375 0.5704809 0.17943075 0.5772280875 0.1770302921875 0.6151990921875 0.178665846875 0.6680535843750001 0.188700828125 0.6818000890625 0.199599225 0.6909986546875 0.2204934921875 0.689214959375 0.23015037343750003 0.69913495625 0.23129337656249999 0.6997886578125 0.23750530312499998 0.732067746875 0.2382658578125 0.8205982984375 0.2148248125
0 0.6745766109375 0.2240804171875 0.673507353125 0.2006161953125 0.66724345 0.194305759375 0.6230085421875 0.18635976875 0.6063413625 0.1876172203125 0.572360290625 0.19729003750000002 0.5468423734375001 0.22086870468750003 0.54571238125 0.23673751250000002 0.5281673375 0.269563084375 0.5307004296875 0.2936343 0.52323880625 0.3291558578125 0.5013909640625 0.37430677343749996 0.49953954375 0.40992684218750003 0.5058034453125 0.416237278125 0.5178269921875 0.397459528125 0.5358693031249999 0.382662740625 0.58713629375 0.3110952 0.6148464703125 0.28174210781250003 0.6433737703125 0.260153921875 0.6745766109375 0.2240804171875
1 0.620258284375 0.21343843749999997 0.5952983671875 0.2157128609375 0.5861954984375 0.22233476406250002 0.58628420625 0.23648109375 0.5982400234374999 0.24366653125 0.6201905562500001 0.239401625 0.63441335 0.22821928906250002 0.6332693734375 0.21734841562499999 0.620258284375 0.21343843749999997
9 0.60945563125 0.39015529375 0.578967228125 0.3931077 0.531655209375 0.40913441562499997 0.5006088015625 0.4333910625 0.4919214890625 0.457265259375 0.495509853125 0.478061015625 0.5199934765625 0.4978673265625 0.5476429171875 0.5078472609375 0.5927696703125 0.5109648109375 0.6352886125 0.5026044953125 0.67007981875 0.487326746875 0.6930786296875 0.46641654218750006 0.7029846390625 0.44081986874999995 0.69671374375 0.42113959218749997 0.6825586765625 0.40635874375 0.6518181421875 0.3936118359375 0.60945563125 0.39015529375
7 0.407595840625 0.281203209375 0.4262031484375 0.25847201875 0.42676814375000005 0.2505376140625 0.40519820624999997 0.205205615625 0.39226183593749997 0.188702290625 0.3641291125 0.18743325 0.304251928125 0.197135765625 0.2728273234375 0.1978434453125 0.252585765625 0.20504482031250001 0.24762926406250002 0.21115823749999998 0.2491957890625 0.2526512421875 0.2561064015625 0.251803765625 0.2709081765625 0.259426703125 0.27612380000000003 0.2823824375 0.273039696875 0.2929853046875 0.2815845609375 0.30766764375 0.288822025 0.30992613125 0.3757323078125 0.2976949484375 0.380852234375 0.2931345125 0.40280276718749997 0.28886960781250004 0.41068693749999996 0.28397018125 0.407595840625 0.281203209375
10 0.4364473953125 0.5686743125 0.42620754375000003 0.5777951828125001 0.40588427187500004 0.5842200656250001 0.38605826875 0.6086737328125 0.405088121875 0.6165646765624999 0.42713435312500003 0.6398159406249999 0.5818573375 0.6334258203124999 0.6495813328125 0.6251205515625 0.73266510625 0.6031339765625 0.76355508125 0.5906941875 0.8058218953124999 0.566634559375 0.839966390625 0.5585147234375001 0.861433640625 0.5629607125 0.8752548640625 0.5612657578125 0.913865584375 0.5423735609375 0.9119044796875 0.52373778125 0.8817359343750001 0.5164263109375 0.8906683859375001 0.49488158593750003 0.9083021328124999 0.4762023453125 0.919664984375 0.43784282812499997 0.917363046875 0.38936140625000004 0.911582425 0.37434007343750003 0.8931922859375 0.34592138125 0.8111895578125001 0.2584502703125 0.7999691531249999 0.2582532515625 0.7143592796875 0.26953844843749997 0.690305196875 0.2937241109375 0.6812093203125 0.3137158515625 0.685362678125 0.32657720625 0.6977270625 0.337645096875 0.723994378125 0.3477945265625 0.76726271875 0.37316230625 0.79468100625 0.40755244843750005 0.7986849234375 0.44560049843750005 0.7791927640625 0.48652996875000004 0.735469109375 0.5233524421875 0.695476265625 0.542414134375 0.63450645 0.5616887828125 0.5764573109375 0.568807584375 0.455470259375 0.563195415625 0.4364473953125 0.5686743125
11 0.25665041875 0.20375984374999997 0.2503935078125 0.210819246875 0.2512923484375 0.219360646875 0.27917993281250003 0.21830021406250003 0.2869823921875 0.212624296875 0.2855932765625 0.199423953125 0.2770554046875 0.1981114515625 0.25665041875 0.20375984374999997
11 0.3997046796875 0.2727327953125 0.3871838640625 0.2734817609375 0.37653545 0.278720178125 0.37320620781249997 0.28699357187499996 0.3793883984375 0.29252751718750003 0.3961372921875 0.29204655625 0.409549953125 0.28646914843750004 0.4101149484375 0.2785347453125 0.3997046796875 0.2727327953125
11 0.8336303656249999 0.258844309375 0.8087521625 0.2618952234375 0.8013582687499999 0.2714535953125 0.8036392296875 0.2798255 0.8194962765625 0.28417297812500003 0.83608174375 0.2821390359375 0.846485021875 0.27457114531250004 0.84525933125 0.2629237828125 0.8336303656249999 0.258844309375
11 0.9092219484375 0.5248532625 0.9020661999999999 0.5233712671874999 0.8762961499999999 0.531250621875 0.8718299249999999 0.5420229828124999 0.8809397859375 0.5487709203125 0.8978521031250001 0.5498429406249999 0.9113464765625 0.545042025 0.9185769484374999 0.533930671875 0.9092219484375 0.5248532625
11 0.425268946875 0.6486963296875 0.43625120624999997 0.6599337171874999 0.4503992796875 0.6613447265625 0.4678765953125 0.65448234375 0.470797271875 0.6423264953125 0.4618508375 0.6371315390625 0.43965516875 0.6390669734375 0.425268946875 0.6486963296875
11 0.5523472859375 0.48603453124999996 0.5614571484375 0.49278246875000004 0.568367759375 0.4919349921875 0.5759250781249999 0.483929603125 0.5642961125 0.4798501296875 0.5523472859375 0.48603453124999996
11 0.5286668046874999 0.4472534515625 0.5210277718749999 0.45448234843749996 0.53013763125 0.46123028593750004 0.5409494734375 0.4575448515625 0.5370412499999999 0.4470129703125 0.5286668046874999 0.4472534515625
11 0.5522306109375 0.41840884218749996 0.554021296875 0.42212180312500003 0.5655685515625 0.4254247859375 0.5762986812500001 0.420962859375 0.5768636765624999 0.41302845625 0.5710900484375 0.411376965625 0.5600330703124999 0.4127329265625 0.5522306109375 0.41840884218749996
11 0.6471137703125 0.41542456406249995 0.6466234953125001 0.41076561875 0.6392226078125 0.4069541515625 0.6295477515625 0.4081406171875 0.6204448828125 0.4147625203125 0.6323189890625 0.4211714671875 0.6471137703125 0.41542456406249995
11 0.655420490625 0.44114727187499997 0.653228234375 0.44692169843749996 0.6635567906250001 0.45194715781249994 0.6770511640625 0.4471462421875 0.6776978734375 0.4399883296875 0.6733063671874999 0.4381673421875 0.660703840625 0.43813981875 0.655420490625 0.44114727187499997
11 0.6295079921875 0.4875831640625 0.6389377125 0.484067225 0.6409665421875 0.47673981562499995 0.6308831234375 0.474043828125 0.618689159375 0.4778987578125 0.6177973140625 0.4827271984375 0.6295079921875 0.4875831640625
8 0.5051557234375 0.561368325 0.5439241578125 0.5643556281250001 0.5828145703125001 0.561624190625 0.6466059093750001 0.5542086140625 0.685790209375 0.5473654328124999 0.742790684375 0.5236697265625 0.7488945828125 0.5127350703125 0.7887755249999999 0.464247184375 0.79659924375 0.43517308750000006 0.7927955 0.4128228546875 0.7803865265625001 0.3707467078125 0.7614601125 0.3563622234375 0.7234914125 0.3471656515625 0.6930584078125 0.32685804687500003 0.6896742312499999 0.3016036828125 0.7011673890625 0.27982122187499997 0.7107727953125 0.27456914062500004 0.6880982343750001 0.265940678125 0.646677678125 0.2653156796875 0.5973353968749999 0.26525552812500003 0.54711010625 0.270600034375 0.5234864046875 0.28410871875 0.4781847734375 0.2912758015625 0.4329352 0.302529509375 0.36860549374999996 0.332420396875 0.33890927187500003 0.3535832828125 0.3070710921875 0.388860890625 0.293399759375 0.4382095 0.2854080328125 0.4656737625 0.2849618109375 0.502807 0.2984253421875 0.548013128125 0.32949695625 0.58128041875 0.36894873281249996 0.60455693125 0.3842866609375 0.6055278687500001 0.3998265765625 0.5877314671875 0.43230336718749995 0.5654135484375 0.46137433124999994 0.5589957796875 0.5051557234375 0.561368325