2 0.7069504375 0.640454153125 0.6376706890625 0.3655594125 0.63076889375 0.3574317296875 0.6071118125 0.3625767953125 0.38191581406249997 0.3700583984375 0.3332485765625 0.374040253125 0.3096278703125 0.37294166406249996 0.3012638703125 0.37723666875 0.3079655984375 0.41970445156249997 0.3297876171875 0.49097953125 0.3650494640625 0.640946521875 0.3677965421875 0.646538965625 0.37611507187500004 0.6500485296875 0.44838482500000004 0.6502870921875 0.7069504375 0.640454153125
5 0.397279709375 0.5956054375 0.38745350156249997 0.612323128125 0.39711146875000003 0.6244823421875 0.504135740625 0.623214646875 0.529205009375 0.6142319203125 0.527888309375 0.6016799875000001 0.5195925124999999 0.5942681390625 0.511269434375 0.59153903125 0.4751209171875 0.593761121875 0.4668251203125 0.586349271875 0.44186498125 0.5766010359375 0.43772390312500004 0.5717244265625 0.4406210328125 0.5515617953125 0.40595290781250004 0.5382393703125 0.396226734375 0.5377870109375 0.386436903125 0.5482610453125 0.3669436359375 0.5543804375 0.375112115625 0.5836450765625 0.397279709375 0.5956054375
0 0.502941809375 0.5895903796875 0.5141392828125 0.576059140625 0.5128862390625 0.5525808125 0.5353994046875 0.50522645625 0.5312810640625 0.49644756250000005 0.515969796875 0.5004194515625 0.5047450437500001 0.5186334328125 0.47120719062500005 0.5498616703125 0.45585045312499994 0.561638128125 0.4391406375 0.5671063078125 0.44187407500000003 0.5750401218750001 0.46683876093750004 0.5840079015625 0.4751300109375 0.5922002078124999 0.502941809375 0.5895903796875
1 0.491912578125 0.5742447171875 0.49195350156249995 0.5672206078124999 0.4780907984375 0.5611111796875 0.465562984375 0.5644318578124999 0.46273860781250004 0.57210718125 0.46826459218750005 0.5778288703125 0.47937112343750005 0.5799067671875 0.491912578125 0.5742447171875
7 0.5975610359375 0.57057103125 0.5655899734375 0.571426075 0.5543788609375 0.5872986859375 0.5390539515625 0.5936119453125001 0.5389948390625 0.603757884375 0.5445162781249999 0.61026003125 0.6404249234375 0.608475353125 0.648898053125 0.5854493859375001 0.6448069953125 0.5719877515625 0.6212317578125 0.56308459375 0.5975610359375 0.57057103125
9 0.543990759375 0.4619086109375 0.531576621875 0.44571786874999997 0.5038421203125 0.4350599296875 0.46214488437499995 0.435462615625 0.4523959765625 0.4389125375 0.4370210515625 0.45381082343749996 0.43829682812500004 0.4733868671875 0.44797298281250003 0.4824242515625 0.468773859375 0.49041770625 0.5118469078125 0.4924210140625 0.531344721875 0.4855211671875 0.5425331 0.473550840625 0.543990759375 0.4619086109375
11 0.561198809375 0.609474590625 0.561235184375 0.6032309375 0.5473497484375 0.60102379375 0.543149559375 0.6062931234375 0.5459102765625 0.609544196875 0.561198809375 0.609474590625
11 0.6212272125 0.5638650515625 0.6198150234375001 0.5677027125 0.6253501015625 0.5718634875 0.6336822734374999 0.57303168125 0.640647728125 0.5702329703125 0.6379051984374999 0.56386006875 0.6212272125 0.5638650515625
8 0.5236372046875 0.3807147390625 0.49681993125 0.37626986093750003 0.46876004218749995 0.3754214984375 0.42764807656250003 0.381045971875 0.41340000468750004 0.38335218125 0.38771488125000003 0.394032325 0.37179181250000004 0.40425389218749996 0.36237960937499997 0.4143208078125 0.3464140375 0.43207619062499997 0.3426877140625 0.4433209359375 0.34055518125 0.4603496171875 0.3440965625 0.48061028749999996 0.3485093546875 0.4910922421875 0.362254603125 0.5054338171875 0.3752136296875 0.5151711359375 0.3954629703125 0.5300431703124999 0.43686099843750004 0.5452141734375 0.4555484703125 0.5488234656250001 0.46938017500000007 0.5483254343749999 0.4974200546875 0.5523697015625 0.5096247734375 0.5520239578125 0.5156201578124999 0.551366778125 0.5303716125 0.5511621203125 0.550322978125 0.547522359375 0.5739407515625 0.542683046875 0.5987904312500001 0.5358463125 0.6183652765625001 0.5269367046875 0.632296746875 0.5093154515625 0.6429622046875 0.493825753125 0.6483580875 0.47512208593749994 0.648441884375 0.460739046875 0.6444588140625 0.446394815625 0.6343892859375 0.42925531406250006 0.61618075625 0.41333608125000004 0.59834463125 0.40291524062499995 0.578877528125 0.39333192499999997 0.5467827546875 0.38727151875 0.5236372046875 0.3807147390625
11 0.530266453125 0.4544683359375 0.524628003125 0.4501591109375 0.5172477640625 0.450200728125 0.5124315171875 0.45219304375 0.51275899375 0.45490704375 0.5165153515625 0.4580685875 0.522688371875 0.4591262125 0.530266453125 0.4544683359375
11 0.48346644687499996 0.4454499125 0.48636831875000003 0.448090040625 0.4935737234375 0.44871478906249995 0.4997638765625 0.4465935484375 0.49927784218750004 0.44175265937499997 0.4929372890625 0.44010876562499995 0.48710017031249997 0.44031895781249997 0.483830409375 0.44190152656250004 0.48346644687499996 0.4454499125
11 0.4549613015625 0.4482679375 0.45478029375 0.4499941625 0.45441465000000003 0.4538313171875 0.4585226203125 0.455564196875 0.46521703125 0.45539387812500004 0.46900171874999996 0.45393127968749997 0.4698780921875 0.45069635625000004 0.465266984375 0.4468197796875 0.45857481875 0.44660455312499997 0.4549613015625 0.4482679375
11 0.4678840203125 0.4690078671875 0.4644644140625 0.46672930937499996 0.458800146875 0.46685151718749995 0.45244331875 0.4680008796875 0.450023259375 0.47116478749999996 0.45189442343749997 0.47394980468750003 0.451556278125 0.47306675625 0.45394573437499997 0.47539420625 0.46028516562500005 0.4772308703125 0.466296290625 0.476257471875 0.46974900625 0.47285274375 0.4678840203125 0.4690078671875
11 0.49047795625 0.4791167953125 0.485839903125 0.4798652078125 0.48343163593750005 0.48100539062500003 0.482394753125 0.482210140625 0.479461546875 0.4839941609375 0.48339739687499994 0.48688223124999996 0.4899150296875 0.4874742109375 0.49524508437500003 0.485794640625 0.4962853296875 0.48401235312499996 0.49510253593750003 0.480680878125 0.49047795625 0.4791167953125
11 0.52467486875 0.471457140625 0.5198743390625 0.4707514171875 0.51506399375 0.47149181562500003 0.5129972328125 0.47293751093749997 0.512989375 0.474286140625 0.5134871999999999 0.47710330624999997 0.5157054859375 0.47922996875 0.5210276781250001 0.4788998078125 0.5241265375 0.4773092890625 0.5262031031250001 0.4744190328125 0.52467486875 0.471457140625
11 0.40784429375000003 0.611742946875 0.40125223906249996 0.61128178125 0.398494509375 0.6130044859375 0.3984729421875 0.6167061921875 0.399554925 0.6196879234375 0.406961040625 0.6218841234375 0.415763303125 0.6201334046875 0.4176988875 0.61806331875 0.41442777499999994 0.6134371703125 0.40784429375000003 0.611742946875