2 0.2330422453125 0.7118572421875 0.316792609375 0.7306414765625 0.571282871875 0.7717761999999999 0.6006543515625 0.7813534718749999 0.643219175 0.7844940015625 0.6588749968750001 0.7628074421875 0.7128723124999999 0.3086846046875 0.7033674765625 0.288757596875 0.32595445 0.20909089375 0.3205384546875 0.222824103125 0.2465493921875 0.6035600703124999 0.2314471578125 0.683881359375 0.2289951046875 0.7061092265625 0.2330422453125 0.7118572421875
5 0.419547434375 0.26595780156250004 0.40588390625 0.26958421875 0.40031465624999996 0.28470667031249997 0.38899163125 0.2954066640625 0.37792298281250003 0.2684379234375 0.37154576562499997 0.2625943828125 0.3598953828125 0.262116759375 0.3485827796875 0.2797948015625 0.322537003125 0.41688395 0.3233762484375 0.45878409218750005 0.334260365625 0.46620792499999997 0.36206803593750003 0.4687434640625 0.366850165625 0.4466111203125 0.3683514234375 0.41178455312500006 0.3731439796875 0.3966302609375 0.4409601625 0.35475369375 0.44826732500000005 0.35923983437499996 0.4656297859375 0.33622771406249996 0.46949239687500005 0.3224308234375 0.46558808437500004 0.3083155140625 0.4584341765625 0.30244013281250004 0.45808596718750005 0.2773064140625 0.4548155203125 0.2715902390625 0.419547434375 0.26595780156250004
7 0.3154174984375 0.5380027125 0.30216472968749997 0.60863115 0.302042753125 0.6309545421875 0.3155843046875 0.649651515625 0.3350224625 0.6644036578125 0.3575465390625 0.6653270625000001 0.35738285937500003 0.659738253125 0.3669888234375 0.64338576875 0.36446379218749997 0.6167672843750001 0.3676821125 0.587593209375 0.373843525 0.552957690625 0.381119409375 0.53650968125 0.36184493125 0.52734635 0.356366384375 0.4992112578125 0.3342916421875 0.48714207500000006 0.32529869218749996 0.49793759375 0.3154174984375 0.5380027125
0 0.37913441406250004 0.455487878125 0.3861246453125 0.4557744515625 0.3970191875 0.47017633437499995 0.43511881093750004 0.499648775 0.47899306406250003 0.5474997703125 0.49936116718749995 0.560894509375 0.50277444375 0.55824339375 0.4958957640625 0.5286553765625001 0.46117814062500007 0.47559767031250005 0.42206516875 0.3916582296875 0.41410329062500006 0.36481685625 0.40028650781249997 0.369832515625 0.3716114453125 0.410522678125 0.3674527546875 0.4340761046875 0.37913441406250004 0.455487878125
1 0.3941563734375 0.42540218437500005 0.40473398281249995 0.4356045 0.41479970625 0.415084290625 0.4133683 0.3926972125 0.4032713015625 0.3922832734375 0.3970681875 0.399006590625 0.39180544687499996 0.41135055937500004 0.3941563734375 0.42540218437500005
9 0.5031925015625001 0.526163465625 0.5166329281250001 0.581139934375 0.5438275828125 0.5892324390625 0.5739132015624999 0.5569732515625 0.582742471875 0.540588925 0.5901507625 0.5087955749999999 0.5930521515625 0.47542193125 0.5894543453125001 0.458528140625 0.571855228125 0.4271050984375 0.55072085625 0.42065656718750005 0.534267490625 0.4283551859375 0.5227912109374999 0.44044442031250003 0.5082394375 0.4733404390625 0.502997546875 0.4996405078125 0.5031925015625001 0.526163465625
8 0.6485799140624999 0.6298105453125 0.6640199328125 0.5676449265625 0.673950125 0.4564100640625 0.66585584375 0.44491403125 0.664567265625 0.4141596640625 0.65410120625 0.37465590625 0.621396728125 0.31749415625 0.579894253125 0.2976508859375 0.5142027671875 0.30612196875 0.47340713437500004 0.34352418125 0.4390095703125 0.4007260375 0.43654709062499997 0.4159758546875 0.4406046578125 0.428701921875 0.46895548906249995 0.4828941359375 0.449600734375 0.523966396875 0.4161612640625 0.4946850078125 0.4109402234375 0.5349411765625 0.41210682656250003 0.5880189375 0.41619566875 0.621679153125 0.42821511250000005 0.661246596875 0.46511998437499996 0.72276711875 0.48828835000000004 0.7390677078125 0.5145530609375 0.7485176140625 0.5584971624999999 0.7391549671875 0.5931001078125 0.715454121875 0.616205921875 0.689886409375 0.6485799140624999 0.6298105453125
11 0.3534994 0.6595790453125 0.36126632187499996 0.6598974609375 0.3679291953125 0.64900641875 0.3682252765625 0.6392498859375 0.36370795 0.63069154375 0.353468121875 0.6386448953125 0.3508419640625 0.648305903125 0.3534994 0.6595790453125
11 0.33154350625 0.5191264765625 0.3351100375 0.5150861171875001 0.3377361953125 0.505425109375 0.33647889062499997 0.49560489218750003 0.33041860624999997 0.4939609171875 0.3249921859375 0.500716078125 0.32470652968749997 0.5174506609375 0.33154350625 0.5191264765625
11 0.3686339515625 0.288989975 0.367836409375 0.2750020328125 0.3568094625 0.27594549218750003 0.3541728796875 0.27862844999999997 0.3538872234375 0.295363034375 0.3625945171875 0.30130210156250004 0.3686339515625 0.288989975
11 0.5254903468750001 0.4796297625 0.5234667765625 0.47675575625000005 0.519583315625 0.476596546875 0.5166402265625 0.482057990625 0.5175910218750001 0.494656690625 0.5234876265625 0.49071185625 0.5254903468750001 0.4796297625
11 0.528516840625 0.5299927234374999 0.5252463921875 0.5242765484375 0.5229163156250001 0.524181021875 0.5193497875 0.5282213812500001 0.51797050625 0.5407245578125 0.5275973203125 0.538328171875 0.528516840625 0.5299927234374999
11 0.5561921062499999 0.5478736046875 0.5538516062500001 0.5408000281249999 0.54919145 0.5406089796875 0.545624921875 0.5446493390625 0.5447054015624999 0.5529847875 0.5498357406250001 0.5559861625 0.5561921062499999 0.5478736046875
11 0.570120440625 0.5135565015625 0.5704477984375 0.5247341171875 0.5752612046875 0.523535928125 0.5781938703125 0.511096434375 0.576323553125 0.506833184375 0.570120440625 0.5135565015625
11 0.5765779328125 0.46916444999999996 0.572673621875 0.455049140625 0.57034354375 0.45495361718750005 0.5670939484375 0.463193540625 0.5667978671875 0.4729500765625 0.5720814578125 0.47456220781249997 0.5765779328125 0.46916444999999996
11 0.5403486265625 0.44395526093750004 0.54161635625 0.460753528125 0.549066346875 0.4568723765625 0.5487285640625 0.43871670937499996 0.5448451015625 0.4385575015625 0.5403486265625 0.44395526093750004