2 0.333340125 0.205464025 0.3000227109375 0.2855956703125 0.21467773124999998 0.531036421875 0.20001275000000002 0.55877381875 0.1894664234375 0.6002815984375001 0.2083593890625 0.6183372874999999 0.651690265625 0.726922221875 0.673212378125 0.7200006218749999 0.8183866640625 0.35828669375 0.805638875 0.35127977499999996 0.438953903125 0.2319790109375 0.361508578125 0.2073096546875 0.339775678125 0.20218268906249998 0.333340125 0.205464025
5 0.7453879921875 0.44345581875000006 0.7441530078125 0.429565790625 0.7300469125 0.4222384375 0.7213521765625 0.409788284375 0.7501669859375 0.4021873203125 0.7571037046875 0.396624446875 0.7596095296875001 0.38521675 0.7439562078125 0.3719249328125 0.61182265625 0.3295546484375 0.5699040828124999 0.3252651796875 0.560606728125 0.335070696875 0.55323444375 0.36212873125 0.574466178125 0.3695372375 0.6089249999999999 0.37526658125 0.62319815 0.3818334234375 0.6531324984375 0.4536889109375 0.64738703125 0.4603327359375 0.6673041937499999 0.4802298859375 0.6803860921875 0.485715778125 0.6951385390625 0.48359654062499996 0.7022423140625 0.4772731515625 0.7273600453125 0.4799989359375 0.733628546875 0.47747811249999994 0.7453879921875 0.44345581875000006
7 0.49231356875000004 0.307760875 0.42420933281249995 0.28609507968750003 0.40197526874999995 0.283249653125 0.38097618906249997 0.294294253125 0.362882640625 0.3116237515625 0.3580380484375 0.33367862812500004 0.3636383296875 0.3341998578125 0.37826745625 0.3456502140625 0.405244659375 0.34641489375 0.4337690890625 0.3531440359375 0.46722558125 0.363436459375 0.4823558734375 0.3726052765625 0.49484913906249994 0.3547545484375 0.5238528687499999 0.3527976140625 0.5397309671875 0.3325457046875 0.5305350671875 0.322377090625 0.49231356875000004 0.307760875
0 0.5634764078125001 0.3805433453125 0.5619729125 0.38738796249999996 0.5457169703125 0.3963518171875 0.5096969328125 0.4302503015625 0.4543483640625 0.4675882546875 0.4374460703125 0.4859987015625 0.4394944609375 0.48968162499999995 0.4701906078125 0.4865240984375 0.529134796875 0.4588335296875 0.6196322734375 0.4305874078125 0.6477788624999999 0.42602849843749996 0.6451855703125 0.4118180359375 0.6096150859375 0.37862906875 0.5868579890625 0.3716606421875 0.5634764078125001 0.3805433453125
1 0.5908533203124999 0.3990006203125 0.578839353125 0.4081652671875 0.5975433953125 0.42057692968750005 0.620111571875 0.42190132968749994 0.6222832859375 0.41201465937500004 0.6166611390625001 0.4050888921875 0.6052716578124999 0.3984024078125 0.5908533203124999 0.3990006203125
9 0.47140372656249996 0.4940095875 0.41425340781250003 0.5005254328125 0.40144789999999997 0.5263017249999999 0.42836738125 0.5598496171875 0.4431635625 0.5705394609375001 0.47356933124999995 0.5817120390625 0.5063357374999999 0.588641975 0.523804796875 0.5871636078125 0.55819801875 0.573679334375 0.5683087812500001 0.5536667093750001 0.5635000421874999 0.5365338375 0.553447 0.52376325 0.52318641875 0.50542561875 0.497879765625 0.49705580625 0.47140372656249996 0.4940095875
8 0.3427442453125 0.62444223125 0.402030421875 0.6472274671875 0.5111960890625 0.6705807578125 0.524067196875 0.664018084375 0.554952265625 0.6665045843749999 0.5961588859375 0.661027028125 0.6588438828125 0.635818790625 0.685856940625 0.5973957203125 0.6888560499999999 0.5317096546875 0.6586750578125 0.4869933515625 0.607640171875 0.44615659531249996 0.5928658578125 0.44187129374999995 0.579471715625 0.444310965625 0.5205056625 0.4655969953125 0.4829305171875 0.4415341875 0.517948225 0.41219878125 0.47872439843750003 0.40214564375000006 0.42560526562499995 0.3968137140625 0.391335365625 0.396728396875 0.34979463593750004 0.4037269796875 0.282032390625 0.4325369890625 0.26174526249999996 0.4533486171875 0.2477485015625 0.47804396093749996 0.24942692968750002 0.5224356625000001 0.267027190625 0.5593845328125 0.28849158125 0.5852461453125 0.3427442453125 0.62444223125
11 0.3644736046875 0.33039729218749997 0.362803053125 0.338002421875 0.3725001203125 0.34588949687500004 0.38217531875 0.34737203125 0.3914945421875 0.343971053125 0.3853493625 0.33292228437500004 0.376175328125 0.32915821093750003 0.3644736046875 0.33039729218749997
11 0.50832286875 0.3259362046875 0.5117295687500001 0.32993956406249997 0.5209036031250001 0.33370363593749997 0.5309129109375 0.3336651453125 0.53360765625 0.3279014765625 0.527818453125 0.321736221875 0.5111846703125 0.3194120234375 0.50832286875 0.3259362046875
11 0.7312958859375 0.3905361734375 0.7453801125 0.39145898749999997 0.746360575 0.3804913703125 0.744145128125 0.37756896093750003 0.72751134375 0.3752447609375 0.7200734578125 0.3830891765625 0.7312958859375 0.3905361734375
11 0.5139109296875 0.521635675 0.5171287078125 0.5199950078125 0.5179639828125 0.51619244375 0.513031921875 0.5126291625 0.5003060015624999 0.5120267828125 0.5032115359375 0.5183116812499999 0.5139109296875 0.521635675
11 0.46317430000000004 0.5184656453125001 0.4694428015625 0.515944821875 0.469943965625 0.5136632828125001 0.466537265625 0.509659925 0.45431250937499995 0.50677600625 0.4550244640625 0.5165430343749999 0.46317430000000004 0.5184656453125001
11 0.4405265375 0.5435199171875 0.44798628906250004 0.5420800421874999 0.4489886171875 0.5375169640624999 0.44558191875000003 0.5335136046875 0.43743208125 0.53159099375 0.4335460828125 0.5362737140625 0.4405265375 0.5435199171875
11 0.4723124796875 0.561417471875 0.4611119203125 0.5603750140625 0.4614678953125 0.565258528125 0.47335854218750006 0.569663471875 0.47793462656249996 0.5683432390625 0.4723124796875 0.561417471875
11 0.5154441703125 0.5731924296875001 0.5301966171875 0.5710731921875001 0.5306977828125 0.568791653125 0.523049109375 0.5645875015625 0.5133739109375 0.5631049671875 0.5108462203124999 0.568108121875 0.5154441703125 0.5731924296875001
11 0.546888125 0.5406141796874999 0.5299202296875001 0.53981100625 0.532491653125 0.5476169296875 0.5506508015625 0.5495010515625001 0.5514860765625 0.5456984859375 0.546888125 0.5406141796874999