2 0.9618118296875 0.8315513734375 0.9785450046875 0.47228340625 0.9731689812500001 0.4441712171875 0.416527271875 0.45696350625 0.40298912343750004 0.46069362812500003 0.38924047968750003 0.47875600937499996 0.2512623140625 0.8269571843750001 0.266133134375 0.8459553078125 0.276690059375 0.8492214125 0.9618118296875 0.8315513734375
9 0.5868401390625 0.7025799 0.6225793984375 0.7035587624999999 0.668945790625 0.6927081984375 0.6901298437500001 0.6841448812500001 0.7115594359374999 0.6691787046875 0.727903478125 0.64975968125 0.7349883625 0.6109190671875 0.7275879921875 0.60934940625 0.7050362234375 0.5872550796875 0.669682790625 0.5806366328125 0.619037540625 0.583684578125 0.5888046953125 0.5894483765625 0.5676206406250001 0.5980116953125 0.5392465828125 0.6216274265624999 0.5311096015625 0.6392663390625 0.53121471875 0.663054540625 0.5565372125 0.6924848984375 0.5868401390625 0.7025799
5 0.8336476453125 0.7839764046875 0.8503071734375001 0.8049676578125 0.9043895515625 0.8051427 0.9506506937499999 0.8014582656250001 0.9635111562500001 0.795066178125 0.9671461875 0.717020578125 0.9571395171875 0.7206808328125 0.9063539781250001 0.7229655078125 0.8908517953124999 0.716009828125 0.8637404625 0.7155406703125 0.8532185796875 0.720203965625 0.807518459375 0.75789581875 0.8159358875 0.7727377796875 0.8336476453125 0.7839764046875
0 0.856270140625 0.667157878125 0.8911325015625 0.6865820390625 0.9309751625 0.7176251765624999 0.955876921875 0.7138113890625 0.967587278125 0.7075501796875 0.9707924671875 0.638733496875 0.9466530625 0.6404105343750001 0.8289485703125001 0.619112315625 0.766974878125 0.599218996875 0.7457557828125 0.599852915625 0.7411261390624999 0.605619284375 0.74596615 0.6164749890625 0.7871065765624999 0.6313626375 0.856270140625 0.667157878125
1 0.9697309437499999 0.6576285484375 0.9546846656250001 0.660892084375 0.9336759390625 0.678148075 0.936060840625 0.691123690625 0.9573149734375 0.698419175 0.968156984375 0.69531836875 0.9699083390625001 0.657716084375 0.9697309437499999 0.6576285484375
11 0.582561409375 0.6638229515625 0.57435435 0.6656030625 0.570426146875 0.6751857890624999 0.5771601171875 0.6808684921875 0.5867350203125 0.6787916984375 0.593539196875 0.6693788734375 0.582561409375 0.6638229515625
11 0.636678828125 0.67192739375 0.6294537859375 0.6790504046875 0.635240775 0.687319609375 0.6464641 0.6864726734375 0.6550569875 0.6790529765625 0.6448858890625 0.6701472828124999 0.636678828125 0.67192739375
11 0.689253203125 0.6406815171875 0.683255715625 0.6467445734374999 0.6845183109375 0.6536140171875 0.6920589703125 0.6559469499999999 0.6999854562500001 0.652640296875 0.7050009234375 0.641234340625 0.689253203125 0.6406815171875
11 0.6932516171875001 0.6160032609375 0.6952508203125001 0.6036641328125001 0.6770479921875 0.6052312234375 0.6733653265624999 0.6084110921875 0.6777844734375 0.6169769828125 0.6932516171875001 0.6160032609375
11 0.6281914515625 0.6102723 0.63569706875 0.60467583125 0.6342941859375 0.5970431140625 0.615004090625 0.600433434375 0.6168278390624999 0.6103559656249999 0.6281914515625 0.6102723
11 0.57814239375 0.62430273125 0.56365726875 0.6306193546875 0.56576159375 0.6420684265625 0.5702859890624999 0.6434681875 0.583543559375 0.638211521875 0.5863844953124999 0.6304520218749999 0.57814239375 0.62430273125
8 0.47677436562500003 0.8102821640625001 0.5444871609375 0.8164537078125 0.5913541140625 0.8134109374999999 0.641798278125 0.8050126203125 0.712931259375 0.7900926515625 0.7704152843750001 0.7654148859375 0.8121116609374999 0.7441614609375 0.86646955 0.7074435046875001 0.8913891046875 0.6842325890625001 0.9133428718750001 0.62503569375 0.9086269921874999 0.6282666421875 0.9183144609375 0.5975033328125 0.9032511234375 0.5453187140625 0.8777279640625 0.510664090625 0.8100843640625 0.4800585625 0.705557 0.46711958906250006 0.6228869687499999 0.47385874218749996 0.5388887953125 0.49818228124999997 0.48304746875 0.5169081578125 0.434536225 0.545744075 0.3907925875 0.5806693562499999 0.3511193390625 0.622851165625 0.3419165078125 0.686912225 0.3486830484375 0.728687725 0.378882240625 0.7689412234375 0.4198107515625 0.79313096875 0.47677436562500003 0.8102821640625001