2 0.2034673125 0.99154166875 0.5718407453125 0.970086359375 0.5908687859375 0.9657845437500001 0.5780556859375 0.40891122968750004 0.5743194953125 0.3954870375 0.5562277296875 0.3823533984375 0.2074600640625 0.25638614843749996 0.1884310328125 0.27193961875 0.1851596140625 0.2826236625 0.2034673125 0.99154166875
9 0.332039696875 0.588022928125 0.33105924375 0.623840025 0.341927459375 0.669883453125 0.3505047109375 0.690793825 0.3654952359375 0.711726078125 0.38494585 0.727410828125 0.423849653125 0.7331458046875 0.42542186875 0.7256815046875 0.44755214218750006 0.70232941875 0.45418135625 0.666701359375 0.45112845156250003 0.6161009375 0.445355275 0.5860328140625 0.436778025 0.5651224421875 0.41312387343749996 0.5375397921875 0.39545626562499997 0.53000985 0.3716293625 0.5309471515624999 0.3421511234375 0.5573299375 0.332039696875 0.588022928125
5 0.2766337875 0.810905271875 0.261767678125 0.8198521062499999 0.25051076875 0.83797856875 0.229485365625 0.8553926437499999 0.22931003906249997 0.9095471203125 0.23300046718749998 0.9557358234375 0.249754828125 0.988845728125 0.33091293125 0.98411880625 0.3302586890625 0.9828905265625 0.31976886875 0.9752153078125 0.3139093171875 0.9594071625 0.31162092656249996 0.9086395843749999 0.31858792187499996 0.8928751968749999 0.31905784062500003 0.8657143796875 0.314386959375 0.855342771875 0.2766337875 0.810905271875
0 0.4033728234375 0.7860426640625 0.36751934999999997 0.856542634375 0.3480635859375 0.89212693125 0.31696994375 0.9331040093749999 0.3207899359375 0.95790275 0.3349513515625 0.9838835953125 0.3958097140625 0.9803389984375 0.396557984375 0.978363296875 0.39431020625 0.9461002546874999 0.41564307500000003 0.8275072140624999 0.435568759375 0.7647621 0.43493380937500004 0.7435392921874999 0.429158059375 0.7391056953125 0.4182846953125 0.74433131875 0.4033728234375 0.7860426640625
1 0.371259884375 0.9817688640625001 0.37706418125 0.969808534375 0.3737953375 0.95485805 0.356511271875 0.93442726875 0.34351454375 0.937268934375 0.33620719375 0.958804175 0.342788071875 0.9815751515625 0.344684975 0.9833166765625 0.371259884375 0.9817688640625001
11 0.3708597 0.58238335625 0.36907669374999996 0.5742285500000001 0.3594783765625 0.570630734375 0.35378642656250003 0.577571684375 0.3558666015625 0.587085628125 0.365294740625 0.59356886875 0.3708597 0.58238335625
11 0.36274207187499996 0.6368502656249999 0.3556074734375 0.62986555625 0.347324815625 0.6359488421874999 0.34817313125 0.6471562343749999 0.3556048984375 0.6555000796875 0.364525078125 0.645005075 0.36274207187499996 0.6368502656249999
11 0.39403878125 0.688395871875 0.3879658640625 0.682603140625 0.38108524374999997 0.6841075515624999 0.378748515625 0.691739009375 0.38206055 0.69955950625 0.3934850609375 0.7041821390624999 0.39403878125 0.688395871875
11 0.4187571890625 0.6915359765625 0.4311163921875 0.693106028125 0.4295467515625 0.6749358062499999 0.4263617078125 0.6713598703125 0.41778188437499997 0.6760840234375001 0.4187571890625 0.6915359765625
11 0.4244974734375 0.6261959890625 0.43010304687499995 0.6335150125 0.43774818125000003 0.6318434453124999 0.4343523453125 0.6126484015625 0.4244136734375 0.6148214390625 0.4244974734375 0.6261959890625
11 0.410444215625 0.576576628125 0.4041173171875 0.562294771875 0.3926496171875 0.564802125 0.3912475796875 0.569381 0.396512796875 0.582470878125 0.40428492031249996 0.5850438703124999 0.410444215625 0.576576628125
8 0.2241622125 0.48159005156249995 0.217980628125 0.549601315625 0.22102835 0.5964190140625 0.229440328125 0.6466309625 0.2443845734375 0.7173288531249999 0.2691024859375 0.774019834375 0.2903904890625 0.815023684375 0.32716818124999997 0.868163578125 0.3504168578125 0.89230166875 0.40971006093750006 0.9122116531250001 0.40647385781249995 0.9076030328125 0.4372872140625 0.91622629375 0.4895567328125 0.8993192875 0.5242677359375 0.8725528593749999 0.55492305625 0.8037562328125001 0.567883078125 0.69864878125 0.5611329625 0.61611361875 0.536769853125 0.5328637546875 0.5180135109374999 0.47760929374999994 0.4891306796875 0.4300474828125 0.454148578125 0.3874720828125 0.41189814374999995 0.3492258546875 0.3477328625 0.3422524984375 0.3058894 0.3504885 0.2655704109375 0.3821325015625 0.2413413109375 0.42395704062500006 0.2241622125 0.48159005156249995