2 1 0.32166211875 0.8067432171875 0.281359325 0.5295703359374999 0.22883332968749998 0.48844626562500004 0.25244438593749996 0.4661452203125 0.3319239140625 0.39635508124999996 0.6830228593750001 0.39617260625 0.7010432203125 0.42443299375 0.7287755953125 0.9272939687499999 0.76863768125 0.938498978125 0.7681147109375 0.94879701875 0.7620174765625001 0.9716672875000001 0.6441635828125001 0.9734403437499999 0.576100640625 0.9790891437499999 0.55937455625 0.9986420718750001 0.5431615843750001 1 0.5276482953125 1 0.32166211875
8 0.6528229078125001 0.669309728125 0.6653434328125 0.669693740625 0.6910871796875 0.6783696734375 0.7312116875 0.6821135515625001 0.780454903125 0.67729745 0.8367305249999999 0.65588436875 0.8687140921875001 0.6251465703125 0.8762694234374999 0.5866398187499999 0.86980624375 0.5648624375 0.829412078125 0.516392046875 0.847627696875 0.483585375 0.8593774328125001 0.476839359375 0.855975615625 0.46789537187499997 0.83445076875 0.4588288546875 0.8189587656249999 0.46052028749999996 0.7384155906250001 0.4404573390625 0.73328971875 0.43527365625 0.6888101265625 0.43347612343749997 0.622623215625 0.4406324375 0.5535547078125 0.464773034375 0.5209365312500001 0.48682504218749995 0.488816784375 0.5191186015625 0.46971598906249995 0.5620377265625 0.474771065625 0.6158373265625 0.50318943125 0.6577006562500001 0.5153695046875 0.6619740734375 0.5358974921875 0.6505574859375 0.5810579890625001 0.6445762078125 0.6179386578125 0.6535070546874999 0.6528229078125001 0.669309728125
9 0.6700906703125 0.5517173171875001 0.6508101046875 0.5648187671875 0.64663479375 0.5965827859374999 0.680293415625 0.62638731875 0.7059009828125 0.6366190140625 0.7404229859375 0.640624375 0.77147508125 0.6364636296875 0.7976736671875 0.6240076765625 0.8101723968749999 0.6087049703125 0.8143695031249999 0.5926276671874999 0.8090856546875 0.5733130281250001 0.788445984375 0.5541340609375001 0.765605625 0.5441605625 0.711645078125 0.53912569375 0.6700906703125 0.5517173171875001
10 0.5194522234375001 0.6631392515625001 0.514620509375 0.6705307640625 0.5391604234375 0.7088952734375 0.5464188953125 0.7056513640625 0.5602549328124999 0.70694235625 0.5855220484375 0.7210634546875 0.6496662468750001 0.737243571875 0.697888109375 0.7440956859375001 0.739600490625 0.7456350203125 0.8993059421874999 0.7377937828125 0.8868317125 0.7209451703124999 0.8989899890625 0.70953186875 0.901326859375 0.698770634375 0.929317590625 0.6817764953125 0.9539065062500001 0.65583836875 0.9724407828125001 0.6034555734375 0.9652531078125 0.5580835640624999 0.9418489328125 0.49080836093749997 0.900953634375 0.47993445625 0.8718298656249999 0.47800125312499997 0.8470829734375 0.48980842343750003 0.8384844906250001 0.5242966703125 0.8659958828125 0.5605857359375 0.87527256875 0.566156715625 0.8786280890624999 0.591565303125 0.8772662796875 0.607122921875 0.8408813359374999 0.6562716656250001 0.792975428125 0.6776814625 0.7377211640625 0.6874263328125 0.6838287078125 0.6816135812499999 0.648467825 0.6712560734374999 0.6191860796875 0.6551919140625 0.5849364375 0.6480750296875 0.55422479375 0.648346371875 0.5194522234375001 0.6631392515625001
0 0.6889409 0.5275964359375 0.727796190625 0.5139687328125 0.7915808484375 0.4705134984375 0.8582906890625001 0.44144741875 0.8805427343750001 0.4262705265625 0.8767786718749999 0.4055292234375 0.8314384031250001 0.38169282656250003 0.80957310625 0.3765157140625 0.7472619375 0.4350088859375 0.7148235328125 0.4868785703125 0.69084743125 0.50581576875 0.6889409 0.5275964359375
1 0.8407368843749999 0.40295052499999995 0.8217068828125 0.39725373125 0.7999314703125 0.40698545781249995 0.7973903296875 0.420080334375 0.8183704515624999 0.43536989843749996 0.8378770859375001 0.43562152656249997 0.8524621171875 0.42835582656250004 0.8536877437499999 0.41435396874999997 0.8407368843749999 0.40295052499999995
5 0.9491128124999999 0.391888378125 0.9257522296875 0.3559866109375 0.9153643046875001 0.347175009375 0.851220103125 0.3309948921875 0.8236842093750001 0.326857146875 0.8140888687500001 0.340862290625 0.8155623593750001 0.35590022656250003 0.8081677062500001 0.36069989687500004 0.828104678125 0.37197095625 0.8391054171875 0.37378163125 0.87212943125 0.3949003734375 0.8843993890625 0.41408262812499996 0.884987703125 0.43923301718749996 0.9033367984374999 0.45270862031250003 0.9142013578125001 0.4560750578125 0.9655989671875 0.4585180859375 0.9745814953125 0.45151387187500003 0.9758071234375001 0.43751201406250007 0.95918208125 0.4202761046875 0.9491128124999999 0.391888378125
11 0.5767000421875 0.2959695765625 0.5629320953125 0.2939007046875 0.5514547234375 0.297535196875 0.549390215625 0.3051849078125 0.5559677828125 0.30971980781249997 0.572434846875 0.312824759375 0.5796252265625 0.31035873281250004 0.58189400625 0.3003753796875 0.5767000421875 0.2959695765625
11 0.636802409375 0.3901959875 0.62289828125 0.3896828765625 0.616342509375 0.4008346953125 0.6382758984375 0.4052339265625 0.643379975 0.3947308890625 0.636802409375 0.3901959875
11 0.9633955750000001 0.5155615953125 0.9723781 0.5085573796875 0.9623306265625 0.4958563734375 0.948358409375 0.49612114218750003 0.9408275765624999 0.502476575 0.9508750499999999 0.515177584375 0.9633955750000001 0.5155615953125
11 0.8999650499999999 0.7143282546874999 0.891118703125 0.71977670625 0.8930688265625 0.7293694765625001 0.9108514046874999 0.733381409375 0.921285625 0.7257284125 0.9204467453125 0.7193762671874999 0.9112381515625 0.7130274046875 0.8999650499999999 0.7143282546874999
11 0.53267274375 0.7192692093749999 0.541608975 0.7287295953124999 0.5554450125 0.7300205859375 0.56553878125 0.7262569953125 0.570506678125 0.717309721875 0.5628178687500001 0.709534196875 0.537776821875 0.7087661734374999 0.53267274375 0.7192692093749999
7 0.6522255703125001 0.3131183203125 0.59517393125 0.3039240515625 0.5554745953125 0.2958328390625 0.5424592609375 0.33435949531250003 0.5386809484375 0.3670381171875 0.5320801234375 0.38474428125000004 0.55465834375 0.39433413906250003 0.60369134375 0.40071611249999994 0.6239626484375 0.4051876859375 0.6418597640625 0.4053095265625 0.65011485 0.3891183609375 0.6607742328125 0.3518501609375 0.66780895625 0.3187013453125 0.6522255703125001 0.3131183203125
11 0.6706789843750001 0.5768677078125 0.6718583171875 0.5793304499999999 0.67580485625 0.5820513890625 0.685490084375 0.5829550828125 0.6911606781249999 0.58191571875 0.6944045187500001 0.57672875 0.690594159375 0.5724520484375 0.68789504375 0.57141596875 0.6782098171875 0.5705122734375 0.6725392218749999 0.5715516390625 0.670951346875 0.5737561828125 0.6706789843750001 0.5768677078125
11 0.7113945125 0.5579239359375 0.7152729609375 0.5614227578125 0.7207392859375 0.5627170359375 0.7291770890625 0.56193586875 0.7306287828125 0.5612870875 0.7338045328125 0.556878 0.7299941734375001 0.552601296875 0.7272950578125 0.5515652171875 0.718993434375 0.5507906234375 0.71470644375 0.5519590875 0.7116668734375 0.5548124125 0.7113945125 0.5579239359375
11 0.7609318859374999 0.5656830312500001 0.7604552531250001 0.5711282 0.761702675 0.572813059375 0.7671009093750001 0.57488521875 0.7754025328124999 0.5756598140625 0.7782378296875 0.57514013125 0.7811412171875001 0.5738425687500001 0.7827971828125 0.5708601437499999 0.7804385171875 0.565934659375 0.777807490625 0.5641206984375 0.7667386609375 0.5630879046875 0.7624516703124999 0.5642563703125 0.7609318859374999 0.5656830312500001
11 0.776829725 0.6071623500000001 0.7837477453125 0.607807846875 0.7894183406249999 0.6067684812499999 0.792594090625 0.6023593953125 0.790303515625 0.5966560296875 0.7876043984375001 0.59561995 0.7793027765625 0.5948453546875 0.773564090625 0.5966625999999999 0.77045643125 0.6002938062500001 0.7741986984375 0.605348390625 0.776829725 0.6071623500000001
11 0.7347986843750001 0.625199140625 0.7401969187499999 0.6272712984375 0.748498540625 0.6280458953125 0.752853625 0.62609955 0.7546457703125 0.6215613624999999 0.753534528125 0.618320740625 0.7495198984375 0.61637768125 0.7440535734375 0.6150834015625 0.7369993734375 0.6159936687500001 0.7326442921874999 0.6179400140625 0.73223575 0.6226073000000001 0.7347986843750001 0.625199140625
11 0.6829707375 0.6117366796875 0.6896844843750001 0.6147158187499999 0.6966025046875 0.6153613140624999 0.702205009375 0.61509983125 0.7051764875 0.6130243859375 0.705516940625 0.6091349828125 0.7016384906249999 0.6056361609375001 0.6989393734375 0.60460008125 0.689254146875 0.6036963875 0.6864188484375 0.60421606875 0.6833792812499999 0.60706939375 0.6829707375 0.6117366796875