2 0.657748890625 0.9876557515625001 0.990706278125 0.5266191421875 0.99830264375 0.0914236171875 0.9864079609375 0.0882392375 0.7334661312499999 0.040026807812499995 0.43427366875000006 0.43966140625000005 0.4298989546875 0.45870446249999997 0.43514892656250004 0.4740444828125 0.6366073953125 0.9789935296875001 0.646737903125 0.993921240625 0.657748890625 0.9876557515625001
5 0.9354685609375 0.3655311 0.9337870234375 0.393683378125 0.9351336124999999 0.39823798906249996 0.9476275718749999 0.399405534375 0.9526617343750001 0.42610125468750004 0.9776893703124999 0.4213192828125 0.989188934375 0.4094549359375 0.9927002937499999 0.412382040625 0.996174859375 0.2133243125 0.9891821375 0.27407277343750003 0.9815289999999999 0.279609984375 0.972995378125 0.3063403953125 0.950700634375 0.31311452812499996 0.9432805515625 0.3315256421875 0.932718425 0.339309334375 0.9318379437500001 0.3605025359375 0.9354685609375 0.3655311
0 0.778631990625 0.332986159375 0.9116788234375001 0.285066315625 0.9476777343749999 0.2811359171875 0.9746372031250001 0.285305178125 0.986409534375 0.2791976765625 0.9905684390625 0.271510321875 0.9954836359374999 0.25292447500000004 0.9971558875 0.157121253125 0.9680338453124999 0.1300283859375 0.9486083750000001 0.1416731 0.9045022390625 0.205198784375 0.865162725 0.23408707031249998 0.826351496875 0.2502594359375 0.763115128125 0.29984000625 0.747905521875 0.3209099109375 0.778631990625 0.332986159375
1 0.947467146875 0.23691534375 0.967574534375 0.2396627390625 0.979835440625 0.22795637656249998 0.9854600734375 0.203472446875 0.9814600203125 0.18269155312500002 0.977516925 0.17902320625 0.957545921875 0.17915423125000002 0.943859 0.20054010625 0.942842134375 0.218854884375 0.947467146875 0.23691534375
9 0.7321294859374999 0.5527712375 0.7637191921875 0.5194246796875001 0.7865646921875 0.46858795468750003 0.7962912734375001 0.419304125 0.7940297140625 0.3874835 0.7901660453125 0.3695810296875 0.7737117421875 0.3405155296875 0.758837084375 0.3288785453125 0.7303549296875 0.3243933140625 0.7037648984375 0.3359763796875 0.68166349375 0.36274147968750003 0.653096690625 0.4280666484375 0.64569385 0.4707073734375 0.64559195625 0.5162881640625 0.6564043796875 0.5456079859375 0.6758073812500001 0.56530994375 0.6974374515624999 0.568373309375 0.722328703125 0.5607129125 0.7321294859374999 0.5527712375
8 0.5562365609375 0.7228301874999999 0.5822586953125 0.751988615625 0.6150510171875 0.776154815625 0.6810529828125 0.8026435624999999 0.6901508421875 0.8008761671875 0.7250763874999999 0.793503821875 0.767173028125 0.77939409375 0.8130770578125001 0.74871434375 0.8448803390625 0.70596965 0.8719943593749999 0.6458052750000001 0.9054072718749999 0.560447546875 0.9250272125000001 0.4950728015625 0.9341378421875 0.422033653125 0.9306829328124999 0.359179815625 0.9214686875 0.3124938015625 0.9185732546875001 0.271686315625 0.9128625749999999 0.22755425156250003 0.9074494218750001 0.19993197499999998 0.9055488781250001 0.1904001078125 0.8979676890625001 0.1833433125 0.8854961796874999 0.1597385734375 0.8670908046875001 0.1486101640625 0.8302041359375 0.1400409734375 0.7946672640625 0.13449511875 0.739220609375 0.1421779 0.695335853125 0.14403727500000002 0.654513090625 0.17485796874999998 0.60756520625 0.23456335312499998 0.5621531531249999 0.31651626718750003 0.5305693296875 0.3894607796875 0.5140353156249999 0.47923448906250005 0.5119057359375 0.5619462890625 0.5194911921875 0.6201736203125 0.5380028359375 0.664220178125 0.5562365609375 0.7228301874999999
11 0.72088710625 0.370825140625 0.7239243796875 0.374738740625 0.7246183375 0.376290703125 0.7297315390625 0.3768828921875 0.737429825 0.363937609375 0.7335454218749999 0.349996778125 0.7290942390625 0.34766515937500003 0.7219370484375001 0.35368577343749996 0.719320784375 0.3639320109375 0.72088710625 0.370825140625
11 0.6734073359375 0.41069731562499995 0.674574740625 0.417038821875 0.6773165171875 0.42170053750000003 0.683625096875 0.4222001875 0.6928715921874999 0.4105152875 0.693098775 0.39695737656249996 0.6891749984375 0.390045325 0.6837085109375 0.389848671875 0.675965353125 0.401846953125 0.6734073359375 0.41069731562499995
11 0.6676767140625001 0.48362698593750003 0.66919771875 0.489571596875 0.6763202703125 0.49855538125 0.68063715625 0.49804463749999994 0.68288201875 0.4825611890625 0.6842013171875 0.47110670624999995 0.679878934375 0.46364167187499994 0.6747976734375001 0.46634087500000004 0.6692197375 0.47691022812500006 0.6676767140625001 0.48362698593750003
11 0.71290533125 0.495826809375 0.7071348484375 0.5049496734375001 0.7053862125 0.512561453125 0.7044202015625001 0.5236204015625 0.7092703046875 0.5265036453125 0.7108629343749999 0.5287095109375 0.7163742953125001 0.5298531640624999 0.721129471875 0.5228652640625 0.7236874875 0.514014903125 0.7221030515625 0.5014890249999999 0.7178259875 0.494972509375 0.71290533125 0.495826809375
11 0.76578891875 0.4495701796875 0.7602641828125 0.45076939843749997 0.755817734375 0.4564134015625 0.75230235 0.46600421562500005 0.7518640578125 0.47248137031250004 0.7524020109375 0.483850978125 0.7583694624999999 0.48415158593749996 0.7628474015625 0.4817974578125 0.76552665 0.47813097187500003 0.7696009359375 0.46724959843749997 0.7681964296875 0.458513240625 0.76578891875 0.4495701796875
11 0.772700325 0.380639140625 0.7653587828124999 0.374893253125 0.7606749203125001 0.3781437640625 0.7576025609375 0.389233046875 0.7580641515625001 0.39636578125 0.7602204171875 0.40525670781249995 0.764679503125 0.408876796875 0.76923928125 0.4071282 0.7693420875 0.4066806875 0.7729031046875 0.39803703125 0.77375261875 0.38976982968749996 0.772700325 0.380639140625