2 0.0802963296875 0 0.005309015625 0.45625566875 0.008195571875 0.7043256812500001 0.44586289843750004 0.7733296171874999 0.5839360703125 0.789688175 0.6218058875 0.7990793609375 0.623683321875 0.796220784375 0.646730015625 0.8015921640625001 0.6675655734375 0.7947233625 0.6749757328125 0.5869100328125 0.70321473125 0.14102560625 0.6998990078125 0.07555429218750001 0.7060043078125 0.0298424109375 0.7019157390624999 0.020460806249999998 0.5774232406250001 0 0.0802963296875 0
5 0.059439323437500004 0.5380021421875 0.0146594703125 0.5021381500000001 0.012194915625 0.4914398875 0.0057375671875 0.4930853703125 0.0074194125 0.6376226984375 0.13827510781250002 0.6578500578125 0.1841615046875 0.6527230984375 0.18909256875 0.579897540625 0.1645485703125 0.575071859375 0.12216362031250001 0.576023584375 0.078684715625 0.5665023109375 0.057435179687500004 0.5416316765625 0.059439323437500004 0.5380021421875
0 0.0198652140625 0.5132869375 0.061800384374999996 0.5407655453125 0.077567540625 0.5647351281249999 0.095131853125 0.569205459375 0.13064061093749998 0.5758332390625001 0.1677966015625 0.5724385453124999 0.197028871875 0.5487387203125 0.21367236875 0.5245534546874999 0.2146289859375 0.4930392828125 0.23660493593749998 0.47923184374999994 0.292478215625 0.42190489218750005 0.33015363125 0.363962409375 0.331340453125 0.3396121359375 0.311898703125 0.33800038125 0.28707806874999997 0.3434224375 0.24635098281249998 0.37710981875 0.1299751703125 0.45141364062499995 0.032270215625 0.48919684218750004 0.024023431249999998 0.4965510875 0.0198652140625 0.5132869375
1 0.1370921953125 0.49375616562499997 0.1227759109375 0.48665252187499997 0.0897549234375 0.48201718437499996 0.0625500140625 0.49338165468749995 0.0595321875 0.5031788671874999 0.0649913515625 0.5127857359375 0.08502021875 0.527954328125 0.10956421718750001 0.5327800109374999 0.13661920156250001 0.5308923171875 0.1472502625 0.517595659375 0.147526896875 0.507347921875 0.1370921953125 0.49375616562499997
7 0.2624817734375 0.6386746390625 0.2840311625 0.6445917156250001 0.3412160171875 0.6563656140624999 0.5123101765625 0.6773595109375 0.5188062375 0.672092884375 0.5302778359375 0.6708111437500001 0.5611805546874999 0.628383025 0.56561540625 0.6013994375 0.5616767625 0.5825410546875001 0.5508387140625 0.579967996875 0.5443426546875 0.5852346234375 0.5217795859375001 0.585485225 0.5083270578125 0.58169068125 0.49951637031249996 0.56678226875 0.35395667343750004 0.5531521953125 0.2783882234375 0.6104093109375001 0.2635418859375 0.615095325 0.2624817734375 0.6386746390625
9 0.114475975 0.28021610625000004 0.14024064218750001 0.294743828125 0.17811045781249998 0.3041350140625 0.20773349218749998 0.3208804421875 0.2358824328125 0.32946575 0.2931939984375 0.3404686875 0.3466936328125 0.331842284375 0.3772732828125 0.3170735390625 0.397164809375 0.290254959375 0.40007914062500005 0.2725228875 0.3935260203125 0.252443021875 0.32901715 0.18245688124999998 0.27809815000000004 0.1582524546875 0.19411173125 0.14682433125 0.1673101671875 0.147170103125 0.127389771875 0.158820090625 0.10866185312500001 0.169994215625 0.07788584374999999 0.21165137500000003 0.078449746875 0.23391403125000002 0.0913490046875 0.25820405 0.114475975 0.28021610625000004
11 0.2788486328125 0.6247371109375 0.27583080625 0.6345343234375 0.2805529265625 0.64006113125 0.286899059375 0.64427128125 0.3047167953125 0.6471996921875001 0.3149445078125 0.6449217296875001 0.320576815625 0.636346003125 0.31374705625 0.6265138718750001 0.299177353125 0.620952146875 0.2788486328125 0.6247371109375
11 0.5192918171875001 0.5834927796875 0.54147475625 0.5855550578125001 0.553960034375 0.5781056421875 0.5524859453125 0.569945521875 0.5414176921875 0.5602085625 0.520985478125 0.55605866875 0.507509734375 0.56096994375 0.5053556625 0.5740762578124999 0.5192918171875001 0.5834927796875
11 0.29722746093749997 0.23028171562500002 0.312177296875 0.2335305625 0.323902315625 0.23070690312500003 0.3281640265625 0.22190591249999997 0.322198021875 0.2153828828125 0.302019228125 0.20969106875 0.28978736875 0.215598565625 0.2877832234375 0.2192281015625 0.29722746093749997 0.23028171562500002
11 0.298748375 0.28487663125 0.31107096562500003 0.2785541078125 0.29192039531249997 0.2613817546875 0.2784504375 0.263842615625 0.2678630171875 0.270450321875 0.26963133125 0.27775378906250003 0.2805017875 0.283880953125 0.298748375 0.28487663125
11 0.21815441562500001 0.294670865625 0.223377396875 0.2881831015625 0.2141447171875 0.2793194953125 0.19759061718749998 0.2752630265625 0.18554454843749998 0.276288825 0.178479575 0.283141325 0.19360161250000002 0.2923053953125 0.21815441562500001 0.294670865625
11 0.1459702640625 0.24607623125 0.1541386734375 0.239738425 0.14180969375000002 0.22802858124999997 0.12204293749999999 0.22544810937499998 0.117825865625 0.22942971406249998 0.1110720515625 0.2380032296875 0.1289243859375 0.24861764062499997 0.1459702640625 0.24607623125
11 0.1664499890625 0.19735061874999998 0.17414545625 0.1902676109375 0.16297462812500002 0.1787481125 0.1534119546875 0.17550657812499998 0.1373185140625 0.1758671765625 0.1259702546875 0.1867101953125 0.150559525 0.2000819265625 0.1664499890625 0.19735061874999998
11 0.258333334375 0.1843000765625 0.25586878125 0.1736018140625 0.2406887421875 0.16318906875 0.2158913234375 0.15990530625 0.209118628125 0.17541967187500002 0.223918534375 0.1881452953125 0.2404923828125 0.190077484375 0.258333334375 0.1843000765625
8 0.1145092171875 0 0.0908333625 0.0110934953125 0.082549978125 0.0216080734375 0.071589125 0.0529784453125 0.0670015859375 0.0808910375 0.0546150421875 0.156256196875 0.050155565624999995 0.20098122031250001 0.047988709375 0.2407582921875 0.0254713828125 0.3423062859375 0.024060903124999998 0.3641890203125 0.0124779859375 0.4126365109375 0.046207425 0.4288485796875 0.078109471875 0.4385962640625 0.149885509375 0.4671835125 0.20756740625 0.48403526562500004 0.2837001734375 0.499415021875 0.34324035625 0.4960958390625 0.41441312343750003 0.4840405921875 0.47379230312500004 0.46840882187500005 0.537645603125 0.44327461250000005 0.5887469375000001 0.4115393125 0.6270279249999999 0.37360183125 0.671500659375 0.3112918171875 0.6843526109375 0.255251440625 0.6555720765624999 0.18663450625 0.6240811359375 0.14337320625 0.51878124375 0.083885228125 0.4329110671875 0.04356248125 0.3390072859375 0.0166624171875 0.2818264453125 0.00562633125 0.24860865156249998 0 0.1145092171875 0