2 0 0.5482263546875 0.37360845781249996 0.6194431671875 0.3971216734375 0.6159223046875 0.693023221875 0.2879778609375 0.696531909375 0.2773951046875 0.684843796875 0.26936471875 0.46163504843750003 0.20770429687499997 0.4248977640625 0.2010257640625 0.32527483125 0.17193076093749998 0.305670009375 0.171083334375 0.289586771875 0.181565209375 0.006596614062500001 0.49313613749999996 0 0.501394390625 0 0.5482263546875
5 0.1066692171875 0.5292224203125 0.1594027109375 0.54577751875 0.17351321875 0.5480474109375 0.20514299687499998 0.540450825 0.2185040578125 0.5310685890625 0.222162634375 0.5228162578125 0.21438291562499998 0.5104175843750001 0.199086190625 0.5114163406250001 0.1847758296875 0.5060392125 0.17407408124999998 0.49163294375 0.1708023109375 0.48418768749999996 0.183064184375 0.457715659375 0.17092640312500001 0.4426939984375 0.1063178421875 0.43691333749999994 0.09038449531250001 0.4497256390625 0.0998001015625 0.4658469390625 0.0933323203125 0.49555735 0.1066692171875 0.5292224203125
0 0.3025788171875 0.470406884375 0.38863920625000004 0.4189054671875 0.3920979296875 0.40754590156250003 0.38486780625 0.4036921234375 0.3697209703125 0.40702130625 0.30161662031250003 0.4337354609375 0.180941565625 0.468137003125 0.17397415624999998 0.49007932500000007 0.1903201078125 0.5053935515625 0.2074026046875 0.5104478515624999 0.257987684375 0.493600175 0.27397099687500004 0.481564684375 0.3025788171875 0.470406884375
1 0.22036396093750002 0.49485114531249996 0.2369468296875 0.4921373578125 0.255552390625 0.477448609375 0.2535667625 0.4682883203125 0.2336122 0.462003234375 0.2156432609375 0.4648784375 0.1996599515625 0.4769139296875 0.20610356406250002 0.49025082500000006 0.22036396093750002 0.49485114531249996
9 0.36144161874999997 0.386854546875 0.386940459375 0.392493971875 0.4160479140625 0.389104259375 0.44727798593749996 0.375293203125 0.461725340625 0.3610886984375 0.46780631250000004 0.3470758765625 0.4653210546875 0.3301475015625 0.453483053125 0.319786690625 0.42768443281249996 0.3094864125 0.3996632671875 0.308053859375 0.36926966875 0.31315860624999997 0.34892829999999997 0.3225711078125 0.33180873437499997 0.33865205781249996 0.32691397968749997 0.34939623124999997 0.329349275 0.3655477984375 0.3427731984375 0.37885442812500003 0.36144161874999997 0.386854546875
11 0.37605502031250004 0.5706353703125 0.37406939375000003 0.56147508125 0.35610045625 0.5643502828125 0.353678059375 0.5701107750000001 0.35957207812499997 0.574902775 0.37605502031250004 0.5706353703125
11 0.3550753953125 0.5049899953125 0.3689360875 0.503375846875 0.3711086703125 0.4937313125 0.35298984375 0.49427608906250003 0.3550753953125 0.5049899953125
11 0.1709505703125 0.39964669218750004 0.1591125671875 0.38928588125 0.14941008281249998 0.39041578593750004 0.13867127031249998 0.397144765625 0.139070975 0.403359234375 0.149173165625 0.40844379999999997 0.164469890625 0.40744504375 0.1709505703125 0.39964669218750004
11 0.3395610265625 0.22035519374999998 0.334603409375 0.2084105 0.3178206875 0.20801705468749998 0.30564584375 0.214130640625 0.30337333593750004 0.22222155781250003 0.30951717031250003 0.2308976015625 0.31382526718750003 0.2327437828125 0.3395610265625 0.22035519374999998
11 0.6030157484374999 0.2781113921875 0.611482053125 0.27947332812500003 0.6224207171875 0.2758515828125 0.6261292578125001 0.2683760609375 0.6187492406249999 0.26219185624999997 0.606174690625 0.262090975 0.5980581296875 0.2661667 0.59563573125 0.2719271890625 0.6030157484374999 0.2781113921875
10 0.5820619203125 0.25629013437500003 0.5045661328125 0.22383568125000003 0.48188939218750004 0.218650234375 0.36599626875 0.21884192812499997 0.35262230781250004 0.20631210625000002 0.3373255828125 0.20731086250000003 0.327536071875 0.22879920625 0.310016803125 0.2386656875 0.2634900046875 0.2534755 0.229837534375 0.2730470484375 0.1941124109375 0.30381674687500004 0.172697646875 0.3399635734375 0.16014889375000002 0.38368680624999996 0.15793925 0.4144665890625 0.17234953749999998 0.4213973328125 0.2048286875 0.42700649375 0.24318895937499999 0.41549559687500004 0.2620443359375 0.4046908921875 0.2580601828125 0.3644582578125 0.2644280375 0.3331942296875 0.2905506015625 0.305108053125 0.359741240625 0.27357162968750004 0.420828215625 0.268022990625 0.4800423875 0.2767797359375 0.5137206546875001 0.301032303125 0.5467493984375 0.315186359375 0.609122515625 0.3079226859375 0.61579015 0.281319509375 0.59732158125 0.2764266265625 0.5922140734375 0.26215150781249996 0.5820619203125 0.25629013437500003
7 0.3477280625 0.574761428125 0.3769857875 0.57333895625 0.39590544843750003 0.5606461125 0.4269059890625 0.5312382015625 0.42985142343750005 0.5062314781249999 0.39303735624999997 0.5003132109374999 0.37324396718749997 0.491562078125 0.354013 0.49153357187499996 0.3442804765625 0.4976460484375 0.32459151249999996 0.5218916218749999 0.30504840624999996 0.5406105125 0.29316658125 0.5604203875 0.3477280625 0.574761428125
11 0.43267366249999994 0.3383799109375 0.4364590453125 0.3414350796875 0.44376522500000004 0.341021725 0.4498423546875 0.33847796875 0.45051574531250005 0.33437919374999997 0.44786448281249996 0.33197849218750003 0.440562903125 0.330031690625 0.4367739140625 0.3317838359375 0.43267366249999994 0.3383799109375
11 0.398399165625 0.323833265625 0.402086375 0.32612193437500003 0.409171309375 0.32713211875 0.4158010609375 0.32347528593749997 0.4157554484375 0.3203344375 0.41233630468750004 0.31811003125 0.4042497671875 0.3185273890625 0.4016957625 0.3200488453125 0.398399165625 0.323833265625
11 0.3720275796875 0.3318075328125 0.37025710156249997 0.3309642109375 0.367358146875 0.32955420156250004 0.3610197046875 0.3304668734375 0.35650334375 0.3330033953125 0.355059740625 0.3348322453125 0.356871621875 0.338729253125 0.36272998749999996 0.340057584375 0.3677957578125 0.33876798125 0.368607259375 0.3368382171875 0.37155305 0.3341347609375 0.3720275796875 0.3318075328125
11 0.3583022859375 0.3561310578125 0.3542534234375 0.3562527359375 0.35041560625 0.3572240296875 0.3483315328125 0.35877841250000003 0.3460561984375 0.3626567765625 0.348866190625 0.36465941874999996 0.3574617296875 0.364882453125 0.363372478125 0.362183546875 0.36486951093750003 0.3587753953125 0.36209786718750003 0.356913071875 0.3583022859375 0.3561310578125
11 0.3949087765625 0.369786290625 0.389953578125 0.3703633484375 0.3841924734375 0.372957175 0.382179509375 0.37563886874999997 0.382674153125 0.3784660296875 0.38634791874999996 0.37978580625 0.394123978125 0.37940460468750004 0.3982262703125 0.377703625 0.40005606406250005 0.374605771875 0.397304375 0.370643684375 0.3949087765625 0.369786290625
11 0.42882429375 0.3585817 0.42565071718749997 0.36017530781249996 0.4240490890625 0.364692884375 0.42686075937499995 0.36685185625 0.43083807187499995 0.3680494140625 0.4361459859375 0.365682890625 0.43939670937499997 0.36285705 0.43996507500000004 0.359557046875 0.435212946875 0.358449721875 0.42882429375 0.3585817
8 0.368458534375 0.26811035156249996 0.3161108515625 0.284627975 0.2792561046875 0.308755584375 0.269972846875 0.332361459375 0.26177785 0.36357295624999997 0.26898000781250003 0.382233384375 0.2665263578125 0.4094148875 0.2242838640625 0.4244199609375 0.21371285625 0.42800436875000003 0.2258671453125 0.439700290625 0.23772100312500002 0.44672526250000005 0.3108279015625 0.4699330296875 0.3551698671875 0.47204604375 0.41514260625 0.47144971093750004 0.4989091140625 0.4489190609375 0.5467855875 0.4282146328125 0.5859966078125 0.39406343593750004 0.6054015374999999 0.3598654 0.6080191921875 0.325941246875 0.60124765625 0.313954221875 0.5758062046875 0.3196069 0.544742315625 0.312466459375 0.5256546609375 0.304939346875 0.5024142453125 0.2888189359375 0.482918840625 0.2749522875 0.44115375468750007 0.269393803125 0.40317798437499996 0.2667561984375 0.368458534375 0.26811035156249996