2 0.53671875 0.765277778125 0.6453125 0.4763888890625 0.6546875 0.4458333328125 0.6546875 0.434722221875 0.54453125 0.309722221875 0.5265625 0.3013888890625 0.41484375 0.60694444375 0.4140625 0.622222221875 0.4375 0.6541666671875 0.52265625 0.75555555625 0.53671875 0.765277778125
5 0.4875 0.6583333328125 0.49765625 0.6361111109375 0.49375 0.625 0.4828125 0.6152777781250001 0.47578125 0.584722221875 0.47734375 0.56805555625 0.48828125 0.55 0.478125 0.5125 0.45859375 0.51805555625 0.44140625 0.584722221875 0.43515625 0.5930555562500001 0.434375 0.60555555625 0.43828125 0.6138888890625 0.47109375 0.6541666671875 0.4875 0.6583333328125
0 0.521875 0.5722222218749999 0.54453125 0.547222221875 0.55 0.5291666671875 0.4765625 0.5708333328124999 0.478125 0.60694444375 0.48984375 0.6180555562500001 0.5015625 0.6083333328125 0.521875 0.5722222218749999
1 0.49921875 0.58055555625 0.4953125 0.575 0.484375 0.5763888890625 0.4859375 0.5944444437499999 0.49296875 0.5958333328125 0.4984375 0.590277778125 0.49921875 0.58055555625
7 0.54921875 0.66944444375 0.54921875 0.6625 0.54609375 0.6625 0.54296875 0.652777778125 0.52109375 0.6319444437499999 0.496875 0.65 0.49609375 0.665277778125 0.525 0.7 0.5390625 0.69305555625 0.54921875 0.66944444375
9 0.55625 0.51944444375 0.5734375 0.4986111109375 0.57265625 0.4583333328125 0.55625 0.4361111109375 0.53671875 0.44166666718750003 0.52734375 0.4625 0.52578125 0.48194444374999995 0.52890625 0.497222221875 0.54453125 0.51805555625 0.55625 0.51944444375
11 0.5453125 0.6513888890625 0.54453125 0.6638888890625 0.55 0.665277778125 0.55234375 0.6569444437499999 0.5453125 0.6513888890625
11 0.49765625 0.6555555562500001 0.49609375 0.665277778125 0.5015625 0.66805555625 0.503125 0.6583333328125 0.49765625 0.6555555562500001
11 0.44609375 0.5986111109375 0.4390625 0.5888888890625 0.4359375 0.5944444437499999 0.4375 0.6083333328125 0.44609375 0.6083333328125 0.44609375 0.5986111109375
11 0.55790390625 0.511509721875 0.55988515625 0.5067652781249999 0.5594281249999999 0.50229305625 0.5579796875 0.49958194375 0.5543218750000001 0.49768472187499996 0.5542671875 0.497590278125 0.550815625 0.502022221875 0.5524921875000001 0.50825694375 0.55493125 0.510425 0.55790390625 0.511509721875
11 0.5678109375 0.48968749999999994 0.5701734375 0.4871125 0.57047890625 0.482775 0.569259375 0.47952222187500004 0.56727734375 0.47789583281250003 0.5640539062500001 0.477590278125 0.5630859375 0.48141944375 0.56354296875 0.48440138906249997 0.565753125 0.48928055625000005 0.5678109375 0.48968749999999994
11 0.56461015625 0.4620375 0.56567734375 0.459190278125 0.5652203124999999 0.45512499999999995 0.56422890625 0.4518708328125 0.5612179687500001 0.4510861109375 0.5583609375 0.4568861109375 0.55958046875 0.46163055625 0.561409375 0.46325694375 0.56461015625 0.4620375
11 0.54525234375 0.45620833281250006 0.5471578125 0.4575638890625 0.5499015625 0.45661527812499997 0.5505109375 0.4534986109375 0.55035859375 0.4456361109375 0.5495203125 0.4446875 0.54411484375 0.44539444375 0.54311875 0.4467208328125 0.542965625 0.44943194374999995 0.54418515625 0.45309166718749994 0.54525234375 0.45620833281250006
11 0.5369453125 0.4768111109375 0.5388507812500001 0.4743708328125 0.53915546875 0.470440278125 0.5379359375 0.4671875 0.53526875 0.465697221875 0.530771875 0.46705277812499996 0.5320679687500001 0.473015278125 0.53450625 0.476675 0.5369453125 0.4768111109375
11 0.5393078124999999 0.5035125 0.5426609375 0.50391944375 0.5435757812500001 0.5003958328125 0.5438804687500001 0.49660000000000004 0.5427375 0.494159721875 0.54018203125 0.4923861109375 0.537859375 0.492940278125 0.5363351562500001 0.49741388906250006 0.5373265625 0.49971805625 0.5393078124999999 0.5035125
8 0.5966828125 0.58055555625 0.6026304687499999 0.5594 0.62091328125 0.5123888890625 0.62267578125 0.4767388890625 0.6217945312500001 0.44618194375 0.614965625 0.41797500000000004 0.6046125 0.39446944375 0.59293828125 0.3776236109375 0.5737734375 0.3662625 0.54976328125 0.3592111109375 0.526634375 0.3650875 0.5125359375 0.37605694375 0.5026234374999999 0.3948611109375 0.49205 0.42189305624999995 0.4823578125 0.45558472187500004 0.482578125 0.48183194374999994 0.48456093750000007 0.513172221875 0.48984765625 0.5382458328124999 0.514971875 0.58708194375 0.524871875 0.602102778125 0.5466796875 0.60484444375 0.566725 0.600534721875 0.5966828125 0.58055555625