2 0.453395159375 0.63190704375 0.502642696875 0.3287944265625 0.491141359375 0.3228882609375 0.11213385625000001 0.32832151875000004 0.10533732343749999 0.3313427859375 0.09949474375 0.35070782968750003 0.052747771875 0.6488762203125 0.068408796875 0.65437051875 0.278597421875 0.6476488734375 0.3702468296875 0.6409226421875001 0.43018700781249997 0.640467153125 0.44673490468750005 0.6372631375 0.453395159375 0.63190704375
5 0.232070721875 0.591199375 0.195474978125 0.5854295828125 0.182223665625 0.5734345078125 0.1782240265625 0.5526956609375 0.1541981984375 0.5472468187499999 0.10571393437500001 0.5528301984375 0.09914453437500001 0.559742840625 0.10107621250000001 0.568944853125 0.12521454999999998 0.60021405625 0.15283117968749999 0.61939726875 0.21017993437500002 0.6223294578125 0.233706071875 0.619217275 0.2492091625 0.598112934375 0.232070721875 0.591199375
0 0.28092051093750003 0.5440928453125 0.30374359375000004 0.505042725 0.32090580625 0.48847074687500003 0.32290668125 0.4749654953125 0.302426228125 0.48247275156249997 0.2274588828125 0.536079140625 0.18565653124999998 0.5605702406249999 0.1822690921875 0.57421278125 0.21520483750000002 0.5889554640625 0.22634276562500003 0.5886354296875 0.2626442953125 0.5654717609375 0.26875943125 0.5507763671875 0.28092051093750003 0.5440928453125
1 0.21863770312500003 0.5760912 0.23800415312499998 0.5733908828125001 0.2458238375 0.5640061249999999 0.2466652828125 0.5545295375 0.23239082031249997 0.54889795 0.21441093281249998 0.551460978125 0.20372726874999997 0.5595637625000001 0.2057952296875 0.5711005984375 0.21863770312500003 0.5760912
7 0.3688644953125 0.54556123125 0.3598853796875 0.5589746515625 0.33654095 0.565199934375 0.3332205921875 0.6038845609375 0.3445856515625 0.6074559015625 0.39343332656249996 0.608098721875 0.41816432031249995 0.60173615 0.421960596875 0.595098084375 0.41652896874999995 0.5737182515625 0.4260315453125 0.5453803171875 0.3688644953125 0.54556123125
11 0.3555894125 0.5570516921875 0.36650020781250003 0.5528402828125001 0.36331824375 0.5461103859375 0.3467249203125 0.548536125 0.34704290625 0.5539840484375 0.3555894125 0.5570516921875
11 0.39181963125 0.6043446359375 0.3975930140625 0.6076868546874999 0.41002665 0.6056729828125 0.41539119687500003 0.6020107265625 0.4151186390625 0.597341078125 0.40107130625 0.595600865625 0.39427477187500004 0.598622134375 0.3917742046875 0.6035663609374999 0.39181963125 0.6043446359375
11 0.1318098359375 0.522066525 0.13144642499999998 0.5158403265625 0.12424105156250001 0.5118571203125 0.11310312656249999 0.5121771546875 0.1050108828125 0.5168922625000001 0.10532886875 0.5223401859375 0.1153073640625 0.526048815625 0.1318098359375 0.522066525
11 0.1322942109375 0.36311568906249997 0.140931571875 0.36773988125 0.15336520781250002 0.36572600624999996 0.16141202500000001 0.360232625 0.1596620515625 0.3541437140625 0.14968355625000002 0.3504350859375 0.13868190625000001 0.3530899453125 0.1320216515625 0.3584460390625 0.1322942109375 0.36311568906249997
11 0.4254494578125 0.34426534375 0.4307685765625 0.3398248140625 0.42901860156250005 0.333735903125 0.4190855328125 0.33080555 0.4054924640625 0.3368480859375 0.4057195953125 0.34073946093749996 0.41851664375000003 0.34495178593750003 0.4254494578125 0.34426534375
10 0.42419917500000004 0.34673745624999996 0.394445390625 0.33872467031250003 0.3061379921875 0.3310300859375 0.261722565625 0.3346450484375 0.1957126796875 0.35057420625 0.1605943515625 0.3462236765625 0.134613071875 0.3550583609375 0.1295210859375 0.363390265625 0.13672645781249998 0.367373471875 0.14161296875 0.3794140046875 0.126905896875 0.3902634796875 0.10349226874999999 0.419196025 0.0962631265625 0.4386983578125 0.0961939296875 0.4614056203125 0.12380844375 0.5283381828125 0.1601770578125 0.5302166015625 0.18527146249999998 0.5300802296875 0.2011379640625 0.515202090625 0.20738938125 0.502841521875 0.20384400781249998 0.48988542500000004 0.18047791875000002 0.4718468953125 0.17097745625 0.45243547812499996 0.1751609140625 0.42853807499999996 0.19589226875000001 0.40143665781250004 0.22830666875 0.3833545046875 0.26949470937500003 0.3722313671875 0.3280937484375 0.3726914421875 0.380441371875 0.3855120828125 0.41099117500000004 0.38327000624999996 0.4260616578125 0.37864673125000003 0.44220071718750004 0.368438240625 0.42419917500000004 0.34673745624999996
9 0.34854831875 0.43641907343749997 0.34320754375 0.416595790625 0.32302342031250003 0.405287159375 0.306112109375 0.4022649734375 0.27690344375 0.40359148749999996 0.2563775625 0.4103204671875 0.2401930765625 0.41975068125000004 0.2285316890625 0.434995228125 0.2353953046875 0.457016046875 0.252670025 0.4662644328125 0.273831875 0.4704313015625 0.323657275 0.46393235781250003 0.3424786078125 0.45189274062499996 0.34854831875 0.43641907343749997
11 0.2527849828125 0.45473454843749994 0.254820015625 0.4583482859375 0.2614645 0.458527959375 0.26772257499999996 0.4549306546875 0.2691660078125 0.45125194999999996 0.2630411125 0.44860128125000004 0.25630185625 0.44964116093750006 0.2548830125 0.45089787968749995 0.2527849828125 0.45473454843749994
11 0.295649128125 0.4531894109375 0.2929480703125 0.45522435312500004 0.2910990484375 0.45764068281250003 0.29184248749999997 0.46184805625 0.2988493625 0.46254996249999997 0.3056186578125 0.45918149374999995 0.30779227656249997 0.4566398734375 0.3062940625 0.45371740000000005 0.301398378125 0.45224755625 0.295649128125 0.4531894109375
11 0.3241844359375 0.43631246875 0.320148584375 0.4382009078125 0.31975218125 0.43991529218750003 0.3208080203125 0.44381228281249996 0.3263312734375 0.4446610890625 0.3317073671875 0.4430125484375 0.334651978125 0.43946387343750004 0.3341599859375 0.43672121875 0.3290884890625 0.43508248437499997 0.3241844359375 0.43631246875
11 0.321139571875 0.415397678125 0.31648993124999997 0.4152999390625 0.313379309375 0.41598053437500004 0.3111840671875 0.41815169531249996 0.3093514375 0.41994096562500005 0.3109536734375 0.4227341578125 0.3147442984375 0.42515020156250005 0.3224614078125 0.423827984375 0.32646486874999997 0.42138463593750003 0.326584271875 0.41774387968750004 0.321139571875 0.415397678125
11 0.2875753734375 0.41146312656250006 0.280887690625 0.4105433140625 0.2761540421875 0.4118495765625 0.27444844218750003 0.4138798875 0.27325401718750003 0.416138253125 0.274553409375 0.4185215140625 0.2761288375 0.419947509375 0.2832791375 0.4202633984375 0.28893122187500003 0.4176568140625 0.290035225 0.41382541718750004 0.2875753734375 0.41146312656250006
10 0.2591142703125 0.429635253125 0.2541929890625 0.427702978125 0.247448328125 0.42865024218750003 0.24571569843750002 0.430217478125 0.24310645000000003 0.43382531406249997 0.24462489999999998 0.437118384375 0.249636934375 0.43773835937500005 0.2560678125 0.4371016140625 0.2592638703125 0.435017659375 0.2601120765625 0.43251412499999997 0.2591142703125 0.429635253125
8 0.44687001562499995 0.47600795625 0.453130746875 0.4673192359375 0.46233616718750004 0.45596715000000004 0.46807675625 0.4432172421875 0.4696271296875 0.42629439218750004 0.47199474375 0.4137203359375 0.47094662343750004 0.405439834375 0.468787290625 0.397426696875 0.460460728125 0.3803749578125 0.45350825468749995 0.372362046875 0.444561596875 0.368818175 0.441831421875 0.3703542453125 0.433940721875 0.37524900156249996 0.4235356078125 0.380550059375 0.407413121875 0.384519775 0.393116275 0.3859353578125 0.38746308906250004 0.3857037171875 0.36982550625 0.3830211515625 0.354475828125 0.3809018703125 0.34549246718750004 0.3767291546875 0.33426564999999997 0.37277857187499996 0.31747745312500003 0.37016924218749997 0.2938376546875 0.370927921875 0.2691587546875 0.37321335312500004 0.2596183484375 0.3739998640625 0.2435692703125 0.37922727031250003 0.22203369999999997 0.3870550421875 0.21158270781250002 0.3915700421875 0.20077355312499998 0.39960149375 0.1925246015625 0.40801115 0.1859470328125 0.416097978125 0.17647075 0.42763578593749996 0.174351184375 0.4348068515625 0.1698195734375 0.4441141828125 0.17020519843749998 0.4507209578125 0.1739499140625 0.46174030781250003 0.177010609375 0.4658669671875 0.18041562656250001 0.4710663765625 0.18444513906249999 0.47731235781250003 0.19560301093750002 0.4849080953125 0.20165874375 0.49206029375 0.2050132125 0.5012200578125 0.204070478125 0.509224103125 0.196868459375 0.5162651375 0.1904621578125 0.5224360015625 0.1830581765625 0.526016825 0.1840834328125 0.529079278125 0.1946936359375 0.5321421921875 0.20240056874999998 0.5337516859375 0.210245234375 0.5377209078125 0.2167662046875 0.5383409859375 0.22215765781250002 0.53891478125 0.2870289578125 0.539293928125 0.2947084078125 0.5404325640625001 0.30609280625 0.537406346875 0.3147548671875 0.5360743234374999 0.3281839296875 0.5342703015625 0.3418104 0.5310220859375 0.352371553125 0.528394403125 0.3648671625 0.5251008234375 0.375662521875 0.52165935 0.38856221875 0.5156361515625 0.39704200625 0.511157425 0.405613646875 0.508252371875 0.41159607343750004 0.5044960609375 0.42131246093749997 0.49704794999999996 0.42941897031250004 0.4910242 0.438284534375 0.48350221250000003 0.44687001562499995 0.47600795625