2 0.2876328796875 0.7347557421875 0.37362276250000004 0.752526825 0.6331558625 0.79061395 0.6636431859374999 0.7998300875 0.7066381265625 0.8024681671874999 0.719927471875 0.7806412578125 0.723836103125 0.3267726578125 0.712110209375 0.30699526875 0.3251557375 0.23188453125000003 0.32124710625 0.24565416406249999 0.28919633125 0.626511853125 0.2829425234375 0.7068529109374999 0.2829425234375 0.7290661078125 0.2876328796875 0.7347557421875
5 0.4252166921875 0.2875493953125 0.41192734687500004 0.29132808125 0.40801871562500003 0.30648604062499996 0.397856275 0.317297240625 0.38378520312500003 0.29051005937499996 0.3767496671875 0.2847522546875 0.365023775 0.2844114125 0.3556430609375 0.30218696093749997 0.34469889375 0.43931299843750005 0.35017097656249996 0.481121803125 0.3618968703125 0.48840426875 0.3900390125 0.49061061562499997 0.3923841921875 0.4684655875 0.3900390125 0.4336892984375 0.3931659171875 0.41850861562499997 0.45648574062499997 0.375922771875 0.46430300312500006 0.3803149734375 0.4791558 0.3571451859375 0.481500978125 0.3433301046875 0.47602889531250003 0.3292877984375 0.46821163437499996 0.32350727031250004 0.465084728125 0.2984265328125 0.46117609687499994 0.29275961875 0.4252166921875 0.2875493953125
7 0.35095270312500004 0.560279040625 0.3454806203125 0.630924546875 0.347825796875 0.6532059109375 0.3634603234375 0.671708590625 0.3845669296875 0.6862053546875 0.40723698906249994 0.6868643171875 0.4064552640625 0.68128829375 0.414272525 0.6648556234375 0.40880044218749995 0.6383183921875 0.40880044218749995 0.6091635734375 0.4111456203125 0.574523621875 0.41661770468750003 0.5580227828125001 0.3962928234375 0.5491020421874999 0.387693834375 0.52108559375 0.3642420484375 0.5092973093750001 0.3564247859375 0.5201766796875 0.35095270312500004 0.560279040625
0 0.40567353749999996 0.4771818234375 0.41270907343749996 0.47738632968749994 0.4252166921875 0.49163314218750004 0.46664818124999996 0.5206039484375 0.5158969328125 0.5678502046875 0.537785265625 0.5809813671875 0.5409121703124999 0.578295609375 0.5307497296875 0.5488453921875001 0.49009996874999995 0.4962957859375 0.44163294375 0.4129758078125 0.43068877656250004 0.38627951718750003 0.4173994296875 0.3914465265625 0.3931659171875 0.4323918640625 0.391602465625 0.4559479421875 0.40567353749999996 0.4771818234375
1 0.4173994296875 0.4469795203125 0.4291253234375 0.4570386375 0.4369425859375 0.4364409921875 0.4330339546875 0.4141141796875 0.4228715140625 0.41381878437499997 0.4173994296875 0.4206013484375 0.41349079843750003 0.4329826578125 0.4173994296875 0.4469795203125
9 0.5377852671875 0.546273246875 0.557328421875 0.6009859859375 0.585470565625 0.6087456312499999 0.6120492546875 0.5761984124999999 0.619084790625 0.55974301875 0.6229934218750001 0.5279251625 0.622211696875 0.49458264218750003 0.6167396125 0.4777636875 0.59563300625 0.4466070234375 0.573744671875 0.44041748593749996 0.558110146875 0.448292978125 0.54794770625 0.46049250468749997 0.537003540625 0.4934941796875 0.5346583625 0.519804184375 0.5377852671875 0.546273246875
8 0.694912234375 0.6480232703125 0.703511221875 0.5857986046875 0.70116604375 0.47466445156250003 0.6917853296875001 0.46328517968750005 0.6870949703125 0.43260569687499995 0.6722421734374999 0.39330086875000003 0.6331558640625 0.336631734375 0.5893791968750001 0.3173110359375 0.5244959203125 0.3265316390625 0.4877547890625 0.3643367609375 0.45961264531249996 0.42182838125 0.4588309203125 0.43707723125 0.46430300156250004 0.44973121406249994 0.49869895625 0.5034873609375 0.4838461578125 0.544705371875 0.4471050265625 0.515870903125 0.4463233 0.5561096 0.4533588359375 0.6090704484375 0.46117609843749996 0.642617471875 0.47759234843750004 0.6819677468750001 0.521369015625 0.7429381921875 0.5463842546875 0.75893689375 0.5737446703125 0.768062140625 0.6167396125 0.758205296875 0.6487903875 0.7341470875 0.6691152687499999 0.708359709375 0.694912234375 0.6480232703125
11 0.40254663281249997 0.6811746796875 0.41036389531250006 0.681401909375 0.41583597812499995 0.6704543703125 0.41505425156250003 0.660713375 0.40958216875 0.6522243640625 0.40020145312500005 0.6602816390624999 0.3986380015625 0.6699544671875 0.40254663281249997 0.6811746796875
11 0.36502377343750003 0.541251503125 0.3681506796875 0.53717741875 0.36971413124999997 0.527504590625 0.367368953125 0.5177181515625 0.36111514375 0.5161480421875 0.3564247859375 0.5229533296875 0.3579882375 0.5396586734375 0.36502377343750003 0.541251503125
11 0.3767496671875 0.3111304265625 0.3744044890625 0.2971790109375 0.363460321875 0.298249215625 0.36111514375 0.30095769687499996 0.36267859687500004 0.31766303906250004 0.3720593109375 0.3234890140625 0.3767496671875 0.3111304265625
11 0.5549832421875001 0.4995701046875 0.5526380640624999 0.4967252875 0.5487294328125001 0.49661167187500005 0.5463842546875 0.5020968046875 0.5487294328125001 0.5146598953125 0.554201515625 0.51065398125 0.5549832421875001 0.4995701046875
11 0.5635822312500001 0.54979975 0.5596736 0.5441328359375001 0.557328421875 0.5440646671875 0.5542015171875 0.5481387515625 0.5542015171875 0.5606336734374999 0.5635822312500001 0.5581296984375 0.5635822312500001 0.54979975
11 0.5932878265625 0.567323115625 0.590160921875 0.5602905984375 0.585470565625 0.5601542625 0.582343659375 0.5642283453125 0.582343659375 0.57255829375 0.58781574375 0.5754940046875 0.5932878265625 0.567323115625
11 0.6034502671875 0.532910390625 0.6050137203125 0.544062434375 0.6097040781249999 0.542810446875 0.6112675296875001 0.5303609703125 0.6089223515625 0.5261278265625 0.6034502671875 0.532910390625
11 0.6050137203125 0.48852944374999996 0.5995416359375 0.474487134375 0.5971964578125 0.47441896562499997 0.5948512781249999 0.482680746875 0.5956330046875 0.49242174375000003 0.6011050874999999 0.4939691265625 0.6050137203125 0.48852944374999996
11 0.565927409375 0.46379178125 0.5690543140625001 0.48054256874999995 0.57608985 0.4765821 0.573744671875 0.45846570781249996 0.569836040625 0.45835209375 0.565927409375 0.46379178125