2 0 0.45966260625000005 0.0089067609375 0.46329090781250004 0.42447271249999996 0.5405639921875001 0.47262788593750005 0.5331507078125 0.5081735625 0.4972244625 0.69307788125 0.2210460125 0.7873947421875 0.045464278125 0.7863916328125 0.0353621265625 0.7521319390625 0.0279676984375 0.376844328125 0.018701950000000002 0.2717761546875 0.0297371921875 0 0.41646551875000004 0 0.45966260625000005
10 0.5631507578125 0.1224095921875 0.620063759375 0.11878763437499999 0.6551593515625 0.10646444687500001 0.6640650609375001 0.0976771578125 0.6790214796875 0.0513503 0.563722953125 0.029696734375 0.46218491093749997 0.0340796640625 0.37708869843750004 0.04929880625 0.358274171875 0.056771234375 0.3293900578125 0.047241828125 0.315642459375 0.049470921875000004 0.1975533640625 0.140393028125 0.1597893125 0.196182090625 0.1423058703125 0.2592634109375 0.1331686734375 0.265719434375 0.1327185875 0.28932249374999996 0.13448687343750002 0.2930627359375 0.190409653125 0.30760421718750003 0.2221294390625 0.3034875171875 0.2530711578125 0.2774671359375 0.261128084375 0.260131871875 0.2462166109375 0.236571840625 0.24942520781250002 0.1985455859375 0.26607919375 0.169314678125 0.281820121875 0.1590242984375 0.2838906140625 0.1517400984375 0.31176517656249997 0.137034559375 0.316677784375 0.1302370484375 0.3437871671875 0.12189341718749999 0.3784197875 0.10490769687499998 0.43847710781250004 0.0907479890625 0.462210684375 0.0906108453125 0.5235090421875 0.10301734843749999 0.5631507578125 0.1224095921875
9 0.44107500312500003 0.22945427187499998 0.48269071874999997 0.1983868421875 0.4875904390625 0.1633237421875 0.47329626406249997 0.1459804203125 0.4541666453125 0.1362116984375 0.4204470859375 0.1342568921875 0.37935861718749997 0.14249835 0.354017521875 0.1545822234375 0.32937088281250004 0.17365989531249998 0.3174751765625 0.1945391140625 0.3195585546875 0.21552050781249998 0.336540521875 0.2317963375 0.3611228828125 0.24020716874999998 0.4083585515625 0.2376016171875 0.44107500312500003 0.22945427187499998
0 0.3905471328125 0.2551761953125 0.176990034375 0.3553400515625 0.1683158078125 0.36645860625000004 0.1693189171875 0.376560759375 0.20013208593749998 0.40551737968749996 0.2209463875 0.40411645937499996 0.25035775 0.39081989687499996 0.28160811875 0.36790786875000003 0.39869410625 0.2668836109375 0.3993821234375 0.25974461249999997 0.3905471328125 0.2551761953125
1 0.24491574843750002 0.36535996718749997 0.24689602968750002 0.355633871875 0.2407657671875 0.35075939218749996 0.22682121249999998 0.3512581921875 0.2162254359375 0.3533368484375 0.21281033124999998 0.35604090625 0.2059421421875 0.361038428125 0.2030956671875 0.3669931359375 0.2102405296875 0.3746576265625 0.2218089359375 0.3749603828125 0.2353067734375 0.3724387328125 0.24491574843750002 0.36535996718749997
7 0.39248107499999996 0.4794110359375 0.43130675937499996 0.487293259375 0.4478584328125 0.46697796875 0.4795850578125 0.4124967078125 0.4907097578125 0.3968234203125 0.44174692968749996 0.38262586718749997 0.405960246875 0.37798688125 0.3720938796875 0.3789990328125 0.3605896859375 0.3817345109375 0.36164218125 0.39689204375 0.36819456562499997 0.4035838796875 0.33395048125 0.455530334375 0.33437866875 0.468972621875 0.39248107499999996 0.4794110359375
8 0.6634264562500001 0.093749953125 0.641560740625 0.1098282 0.6039788921875 0.1233633859375 0.5800540187500001 0.124078109375 0.551290225 0.11901009375 0.5289739953125 0.1090696109375 0.49656995156250006 0.09419683749999999 0.4737864140625 0.090298025 0.40875673125 0.09053635625 0.37703501093749997 0.093268965625 0.333212078125 0.11914410312499998 0.3039878859375 0.13629515 0.2924694296875 0.14379667812500002 0.2716880203125 0.160060984375 0.25976112812499996 0.17419710156249998 0.24860160781250001 0.20143522656249999 0.25037146093749996 0.2246190359375 0.2560400109375 0.24949061874999998 0.2630227515625 0.2607416234375 0.25185954375 0.2771947265625 0.2335405765625 0.2914023125 0.213081171875 0.30553555 0.21299796875000002 0.31543143749999997 0.2244940171875 0.32381200625 0.23387710468749998 0.32702100624999997 0.3135979453125 0.3460700546875 0.3405205203125 0.3484780609375 0.37016198125 0.3462630984375 0.415019178125 0.3415517765625 0.45216319218749995 0.3343551109375 0.49490420156250003 0.3190798578125 0.5287626765625 0.30563657499999997 0.5608027140625 0.2899878734375 0.5879434203125 0.26796210781249996 0.61273943125 0.24917889999999998 0.6330483078125 0.2281698359375 0.649782415625 0.20873521562500003 0.6687350984375 0.16869418125 0.6718313375 0.140804790625 0.668066346875 0.113636028125 0.6683000015625 0.1106151921875 0.6634264562500001 0.093749953125
11 0.4161456421875 0.47077122187500003 0.40716277031250003 0.47878142187500006 0.4177660484375 0.48709008125000003 0.438117378125 0.4810266296875 0.43726859375 0.47247865468750005 0.4271282890625 0.468832528125 0.4161456421875 0.47077122187500003
11 0.4181067578125 0.392045959375 0.4215597265625 0.384616559375 0.4155668484375 0.3805348296875 0.3988228140625 0.38072306093749997 0.394906871875 0.383489928125 0.3975239421875 0.39577814375 0.4087380734375 0.396170715625 0.4181067578125 0.392045959375
5 0.1651457953125 0.3767375890625 0.165242209375 0.363640653125 0.1759097640625 0.3444608125 0.1633067109375 0.33008064375 0.10877285156250001 0.32952675625 0.0954882265625 0.33641838125 0.0896561171875 0.348023625 0.1009860703125 0.43399005625 0.1726562203125 0.45237395312500006 0.1824107140625 0.45213463750000005 0.2226439546875 0.421212409375 0.18745831562499998 0.40449291875000004 0.1651457953125 0.3767375890625
11 0.3832919828125 0.21400261718750002 0.381773353125 0.21808023125 0.3824890796875 0.22286854374999998 0.384354196875 0.22470001874999998 0.3939533609375 0.2269338875 0.4041708046875 0.22086221875 0.40612531093750004 0.2139011375 0.39930125156249996 0.2105647 0.38953184687500003 0.21145571875 0.3832919828125 0.21400261718750002
11 0.43382858750000003 0.1926171828125 0.43215061875 0.1950901078125 0.4303249359375 0.19770731875 0.43436186875000005 0.2052608828125 0.445481121875 0.20341776875 0.45630685781249997 0.1986327421875 0.456357575 0.19430414375 0.44948173281250003 0.1904321453125 0.43796543125 0.19069632187500002 0.43382858750000003 0.1926171828125
11 0.450009603125 0.1570052203125 0.44202422343750003 0.15892513125000002 0.4375976921875 0.162767946875 0.43639529374999997 0.165190921875 0.43561537968749997 0.1670293125 0.43629010937499996 0.168985028125 0.44502992187499996 0.16982356875 0.45499741718750003 0.16607405625 0.4579695046875 0.1596821515625 0.45658141875 0.1578013578125 0.450009603125 0.1570052203125
11 0.394665259375 0.1566032 0.3957624703125 0.1579743296875 0.40099909218749996 0.1598560734375 0.41142896249999994 0.15592372968749998 0.41466537968750006 0.1497741671875 0.4055284390625 0.14735591406249998 0.3995277421875 0.14987769374999999 0.39380445000000003 0.1552072390625 0.394665259375 0.1566032
11 0.354332825 0.17178330625 0.35018125 0.173569875 0.34694364843750003 0.17728781875 0.34968276875000004 0.1806481359375 0.3534780203125 0.1825462125 0.3613172140625 0.1815878140625 0.36373528125 0.176875521875 0.36514884375 0.174159475 0.36136686406249996 0.1723950578125 0.354332825 0.17178330625
11 0.3378606609375 0.209316590625 0.341313140625 0.2126019859375 0.350237653125 0.2128809140625 0.3568202921875 0.208946696875 0.3611287609375 0.2039008046875 0.355654275 0.2020432578125 0.3447211015625 0.2033266140625 0.34249981875 0.2051813390625 0.3378606609375 0.209316590625
11 0.15414374375 0.2800054875 0.154831759375 0.272866490625 0.1473792453125 0.2681528734375 0.1377019125 0.2691692765625 0.127182240625 0.27577050000000003 0.12995363437500002 0.2896128953125 0.14508370937499998 0.2872386 0.15414374375 0.2800054875
11 0.297670271875 0.0513585296875 0.28569096250000003 0.057327865624999995 0.2817043015625 0.0734504390625 0.289079653125 0.07738696875 0.3115786375 0.06481640625 0.31157219375 0.050683612499999996 0.297670271875 0.0513585296875
11 0.64461390625 0.056534490625 0.6625089328125 0.0538697953125 0.6727971187499999 0.0449373046875 0.6705658578125 0.03653453125 0.6590430765625 0.033033603125 0.6439901671875 0.0361849875 0.63362481875 0.0443403890625 0.6344736015625 0.052888364062500005 0.64461390625 0.056534490625