2 1 0.3783438671875 0.9864738031250001 0.3341112328125 0.3670963546875 0.181637815625 0.344752434375 0.1875790703125 0.1120736453125 0.4212710171875 0.03510530625 0.5042002250000001 0.0342938046875 0.5247844703125 0.0517711796875 0.5354620765625 0.182609278125 0.568276084375 0.20150616562499998 0.5696529124999999 0.2873021671875 0.5899529765625 0.8019158765625001 0.7158702109374999 0.8127735328125001 0.7141955640625001 0.8235603375 0.7076416265625001 0.821461965625 0.7007796421875 0.8287308859375001 0.6966644984375 0.8327356703125 0.6818751578125 0.8509536984375 0.667089225 1 0.48149922968750003 1 0.3783438671875
5 0.48558395781249997 0.327434565625 0.49627931406250003 0.32987676875 0.4945557984375 0.3335358125 0.5041562453124999 0.3370450921875 0.5149933046874999 0.3492458796875 0.53538055625 0.346201221875 0.5894562828125001 0.3231901140625 0.6027575078125 0.306268321875 0.5999596796875 0.29711901093750004 0.5876322546875 0.289339709375 0.5960166828125 0.270282053125 0.5932897046875001 0.266012034375 0.5487139125 0.25502297500000004 0.5302833328125 0.25517103125 0.5170941515624999 0.249221253125 0.46178180781249994 0.2635408546875 0.450457846875 0.26369061562499996 0.44355925156250003 0.2550739921875 0.44409187812499995 0.2382253734375 0.41310071875 0.2298316875 0.38896243125 0.23455269531249998 0.377942475 0.24034419062499998 0.287764359375 0.33119905156249996 0.27837646718750003 0.34232764531250004 0.2720904125 0.3682472859375 0.2772403625 0.3711455890625 0.3111208 0.379692446875 0.346887053125 0.38046341250000004 0.3668285953125 0.3620184375 0.3660582859375 0.35485181718750003 0.385999828125 0.33640684374999996 0.3977900953125 0.33778196718750003 0.3994221625 0.343119065625 0.4436436953125 0.3297116671875 0.4765206703125 0.3303294625 0.48558395781249997 0.327434565625
0 0.4560625671875 0.328494828125 0.42262783906249995 0.3353482875 0.41160788125 0.34113978437500003 0.380362975 0.34585908593750003 0.3676195015625 0.3553096234375 0.36580453749999997 0.3679648078125 0.3916959984375 0.39221491406250003 0.42268715625000003 0.4006086015625 0.5085836671874999 0.4584181140625 0.5313732953125 0.46787717500000003 0.5440047234375001 0.48129820937499995 0.559779178125 0.481759425 0.5683761625 0.47733964375 0.5722186484375 0.46666715156249994 0.50649683125 0.3911751078125 0.47980540156249996 0.3271282265625 0.4560625671875 0.328494828125
1 0.44534661406250003 0.33992805625 0.42456390937500005 0.3463271203125 0.413219353125 0.3603523140625 0.426083934375 0.37453579062500003 0.43810735312500004 0.3766733578125 0.46326969843750004 0.36600597968750004 0.46734533593750005 0.35609592968750003 0.4638480484375 0.344659290625 0.44534661406250003 0.33992805625
9 0.70748911875 0.407080959375 0.664757946875 0.41606687343750004 0.64444155 0.42399082187500003 0.6048830671875 0.4526470734375 0.5879016546875 0.47612450937500006 0.5876273078125 0.50311293125 0.59713630625 0.515618353125 0.6164080484375 0.5275162078125 0.6506839375 0.5327086578125 0.6895017703125 0.5295159453125 0.7416916812500001 0.5142807296874999 0.775542459375 0.4901974296875 0.7905672046875 0.46961659375 0.7842926828125 0.4351552109375 0.7714281015625 0.420971734375 0.745282890625 0.409834615625 0.70748911875 0.407080959375
7 0.315134646875 0.41140869375 0.3188148328125 0.404853053125 0.3085149296875 0.39905644218749997 0.2751007984375 0.392034471875 0.2689267875 0.3950825375 0.236474925 0.4237404921875 0.17739632656249998 0.4954438828125 0.22025228593750001 0.5147655703125 0.250148534375 0.5242263359375 0.2766183453125 0.527129753125 0.26920772187500003 0.5214863140625 0.28015682656249996 0.510815528125 0.28656399062500004 0.508529903125 0.3014766875 0.510820640625 0.31901585312499997 0.4798719484375 0.35297698906249997 0.44231364375000004 0.3511302078125 0.4323146515625 0.3554673078125 0.42471896718749996 0.315134646875 0.41140869375
11 0.2843057890625 0.398898159375 0.278060928125 0.3970669328125 0.26391853906249996 0.401942815625 0.258677140625 0.40804065156249997 0.26233672812500003 0.4153604421875 0.2714708671875 0.41734483750000007 0.2856132578125 0.41246895625 0.28952659375 0.40667575625 0.2843057890625 0.398898159375
11 0.2687414171875 0.519961428125 0.2739622203125 0.5277390265624999 0.28708054843749997 0.5288095140625 0.29966172343749997 0.5234758234375 0.3031087546875 0.5161577390625001 0.295231825 0.508989415625 0.275077728125 0.5127965140625 0.2687414171875 0.519961428125
11 0.650412065625 0.4528104703125 0.65588661875 0.4474750765625 0.6533219421875 0.4390882078125 0.6464484734375 0.4398489453125 0.6380846421874999 0.4450311703125 0.6411156250000001 0.45494292343750004 0.650412065625 0.4528104703125
11 0.63788115 0.4768988828125 0.62991276875 0.4787267 0.6224815484375 0.48695869375 0.6225524 0.49183798593750006 0.6332477562500001 0.49428018749999997 0.639888071875 0.4927570078125 0.6477855984375 0.4860499 0.645687225 0.479187915625 0.63788115 0.4768988828125
11 0.6753297234375 0.5017616703125001 0.6720449937499999 0.5049629078125 0.67570458125 0.512282696875 0.6935980046875 0.5057304640625 0.6875154421875 0.4997823890625 0.6753297234375 0.5017616703125001
11 0.7524282312499999 0.48897206718749997 0.7545472015625 0.4819586171875 0.7480691859374999 0.47936495 0.7387727453124999 0.48149740156250004 0.7317369765625 0.4863749890625 0.7345348078125 0.49552430000000003 0.7524282312499999 0.48897206718749997
11 0.7479480796875 0.4557309328125 0.7634185296875 0.45055041406249996 0.7592926375 0.44170574062499995 0.74976304375 0.4430757515625 0.7440553390625 0.44764869999999995 0.742564975 0.45207018593750004 0.7479480796875 0.4557309328125
11 0.711665265625 0.434680359375 0.7184678812499999 0.42904032968749994 0.7148082921875 0.42172053906249996 0.7010613578125 0.42324201562499997 0.6947250484375 0.43040692968750005 0.6963571140625 0.4357440296875 0.711665265625 0.434680359375
11 0.40387512968749995 0.23684343281250003 0.3905945 0.23988979375000002 0.382767825 0.25147619374999997 0.386660565625 0.259558425 0.39579470625 0.261542821875 0.4039962375 0.260477446875 0.41627340625000003 0.2495020234375 0.413475575 0.2403527140625 0.40387512968749995 0.23684343281250003
8 0.90568150625 0.54097035625 0.9201521749999999 0.5216450375 0.9341410859374999 0.5037373374999999 0.9605435703125 0.4545627171875 0.952522884375 0.40413852187500005 0.9343339265624999 0.3762988109375 0.9069431437500001 0.3518769609375 0.859089128125 0.333128153125 0.819494365625 0.313465546875 0.7756252625 0.3058889484375 0.7267460906250001 0.30240135 0.6847070984375 0.3045322015625 0.6217943874999999 0.3147164734375 0.5699122828125 0.331190640625 0.5318223234375 0.34809444375 0.49741771874999996 0.3677453984375 0.48457842656250005 0.3778771828125 0.443697859375 0.4151721765625 0.4343430171875 0.42729187968750004 0.41708116874999995 0.4452976015625 0.40781771874999995 0.487600215625 0.40764375468749997 0.51867215625 0.4203833515625 0.5510280062499999 0.45225462343749995 0.590101715625 0.49121540625 0.61513655625 0.5239429765625 0.6272286921875 0.5747178078124999 0.6387744078125001 0.627124384375 0.646351684375 0.68592203125 0.6469105890625 0.7280063984375 0.6356236359375 0.8083204125 0.6119749109375 0.8663989453125 0.5800332515625 0.881272534375 0.5691084625 0.90568150625 0.54097035625