2 0.48671875 0 0.371875 0.36805555624999997 0.37265625 0.3916666671875 0.665625 0.70694444375 0.67578125 0.7111111109375 0.68515625 0.7 0.77265625 0.48194444374999995 0.78359375 0.4458333328125 0.82421875 0.34861111093749997 0.82734375 0.3291666671875 0.81875 0.3125 0.540625 0.0111111109375 0.52890625 0 0.48671875 0
5 0.4859375 0.2236111109375 0.49921875 0.2166666671875 0.5 0.20138888906250002 0.50703125 0.1875 0.52265625 0.177777778125 0.53046875 0.175 0.55546875 0.1888888890625 0.571875 0.177777778125 0.58515625 0.11388888906250001 0.57421875 0.097222221875 0.55703125 0.10555555624999999 0.528125 0.097222221875 0.49296875 0.10833333281249999 0.4703125 0.15972222187500001 0.46640625 0.17361111093749998 0.4703125 0.20555555625 0.478125 0.21944444375 0.4859375 0.2236111109375
0 0.52890625 0.30694444375 0.5703125 0.3958333328125 0.58125 0.4 0.5859375 0.39305555625 0.584375 0.377777778125 0.565625 0.3083333328125 0.5453125 0.1861111109375 0.52421875 0.177777778125 0.50703125 0.19305555624999998 0.5 0.20972222187499998 0.5109375 0.2611111109375 0.52109375 0.27777777812500004 0.52890625 0.30694444375
1 0.5453125 0.2388888890625 0.54453125 0.2208333328125 0.534375 0.20416666718749998 0.5203125 0.20972222187499998 0.5140625 0.2236111109375 0.51484375 0.240277778125 0.52734375 0.259722221875 0.53671875 0.25833333281250004 0.5453125 0.2388888890625
9 0.61953125 0.47222222187499996 0.6328125 0.4791666671875 0.65 0.477777778125 0.66171875 0.46666666718750005 0.675 0.44166666718750003 0.6796875 0.4138888890625 0.678125 0.38333333281250004 0.67109375 0.3625 0.65703125 0.34444444375 0.646875 0.33888888906250003 0.63046875 0.34027777812500004 0.615625 0.352777778125 0.60546875 0.3708333328125 0.596875 0.3958333328125 0.596875 0.425 0.60703125 0.45694444375 0.61953125 0.47222222187499996
11 0.4234375 0.3513888890625 0.41796875 0.35694444375 0.4203125 0.3736111109375 0.4296875 0.372222221875 0.42890625 0.3541666671875 0.4234375 0.3513888890625
11 0.48828125 0.35694444375 0.48828125 0.3708333328125 0.49765625 0.3736111109375 0.49921875 0.35555555625 0.48828125 0.35694444375
11 0.6265625 0.15972222187500001 0.62109375 0.14861111093749999 0.61484375 0.14861111093749999 0.60859375 0.1583333328125 0.6078125 0.17361111093749998 0.61484375 0.18055555625 0.6265625 0.16944444375 0.6265625 0.15972222187500001
11 0.7890625 0.33888888906250003 0.784375 0.3263888890625 0.7765625 0.3236111109375 0.7671875 0.3291666671875 0.76484375 0.3333333328125 0.77421875 0.35972222187499997 0.78671875 0.35555555625 0.7890625 0.33888888906250003
11 0.7 0.6347222218749999 0.7015625 0.622222221875 0.6984375 0.6138888890625 0.69296875 0.6111111109375 0.6859375 0.6180555562500001 0.68359375 0.6263888890625 0.6859375 0.6375 0.69296875 0.6416666671875 0.7 0.6347222218749999
10 0.63984375 0.26944444375 0.6703125 0.27777777812500004 0.6953125 0.30555555624999997 0.71875 0.3763888890625 0.7171875 0.4375 0.7015625 0.49583333281249997 0.6734375 0.527777778125 0.65546875 0.559722221875 0.65546875 0.622222221875 0.68125 0.63055555625 0.68828125 0.6125 0.703125 0.6083333328125 0.71015625 0.5986111109375 0.7515625 0.5236111109375 0.759375 0.5013888890625 0.77265625 0.3861111109375 0.78671875 0.3736111109375 0.7875 0.3583333328125 0.7671875 0.34722222187499996 0.759375 0.3291666671875 0.75 0.28194444375 0.734375 0.24722222187499998 0.7078125 0.20972222187499998 0.67421875 0.1861111109375 0.63203125 0.1708333328125 0.6015625 0.1666666671875 0.59296875 0.18055555625 0.58359375 0.2125 0.590625 0.2513888890625 0.59921875 0.2708333328125 0.63984375 0.26944444375
7 0.41948671875 0.3451736109375 0.41750546875000005 0.3743638890625 0.42797656249999994 0.39399305625 0.45372890625 0.42670694375 0.47834921875 0.4312361109375 0.48853671875 0.395 0.49957343749999994 0.3758736109375 0.5018374999999999 0.3567486109375 0.49686718750000003 0.346677778125 0.47495312500000003 0.32554444375 0.4585390625 0.304909721875 0.4401453125 0.291825 0.41948671875 0.3451736109375
11 0.6474968750000001 0.46278194375000004 0.6502015625 0.4602986109375 0.65299375 0.45316111093749994 0.65168515625 0.44928055625 0.6455773437500001 0.44478055625 0.6420874999999999 0.44835 0.64165078125 0.45564305625 0.64348359375 0.46185 0.6474968750000001 0.46278194375000004
11 0.6655578125 0.42910833281249994 0.66817578125 0.42584999999999995 0.6686992187499999 0.41778055625 0.66747734375 0.41514305625 0.6640828125 0.41162222187499997 0.66136953125 0.41514305625 0.6595375 0.42212500000000003 0.6624171875 0.42895277812500004 0.6655578125 0.42910833281249994
11 0.6569203124999999 0.3842625 0.65918828125 0.3848833328125 0.6602359375 0.3831763890625 0.66198046875 0.38038333281250003 0.6618062499999999 0.3740208328125 0.65979921875 0.3693666671875 0.6581414062500001 0.3678138890625 0.654040625 0.3693666671875 0.6520335937499999 0.3751083328125 0.65273203125 0.3802291671875 0.6545640625 0.38115972187499997 0.6569203124999999 0.3842625
11 0.6331 0.3760388890625 0.63528125 0.3734013890625 0.6365031250000001 0.3696763890625 0.63685234375 0.3656416671875 0.6363289062499999 0.3617625 0.63501953125 0.359590278125 0.6314124999999999 0.3570791671875 0.62908671875 0.3597458328125 0.6278648437500001 0.36828055625 0.629871875 0.37433194375 0.6331 0.3760388890625
11 0.61320703125 0.410022221875 0.61748203125 0.40753888906249996 0.6186164062499999 0.40521111093749995 0.6186164062499999 0.4002458328125 0.6166968749999999 0.39435 0.61425390625 0.39217638906249996 0.61137421875 0.3924875 0.6096296875 0.39605694375 0.60910625 0.403815278125 0.6103273437500001 0.4080041671875 0.61320703125 0.410022221875
11 0.62036171875 0.4499013890625 0.62358984375 0.45067777812500004 0.62524765625 0.446022221875 0.6258585937500001 0.439659721875 0.6246367187499999 0.43640138906250003 0.62031328125 0.43451944375 0.6178312499999999 0.43717777812499997 0.6161734375 0.44105694375000004 0.6179187500000001 0.44648750000000004 0.62036171875 0.4499013890625
8 0.54263515625 0.552527778125 0.57216796875 0.5937111109375001 0.60405 0.6151986109375 0.63761015625 0.619972221875 0.65036328125 0.6140041671875001 0.647678125 0.5883388890625 0.6584171875 0.5579 0.66815 0.539397221875 0.68694375 0.5173138890625 0.70305234375 0.49881111093749997 0.71345625 0.457627778125 0.72050390625 0.4200263890625 0.72318828125 0.38540833281250003 0.71278515625 0.33228749999999996 0.692984375 0.2940888890625 0.6704992187500001 0.2833458328125 0.6402953124999999 0.27319861093750003 0.62083046875 0.27916805624999996 0.59398203125 0.27498888906249996 0.5839140625 0.232015278125 0.5815648437500001 0.221272221875 0.5684765625 0.23261250000000003 0.5600859375 0.243952778125 0.5284203125 0.3151791671875 0.52115625 0.3591458328125 0.5147796875 0.41883194375 0.5275328125 0.5035861109375 0.54263515625 0.552527778125