2 0 0.9128846515625 0.22681878281249998 0.9696294375000001 0.5352798578125 0.5870110687500001 0.540097571875 0.568203403125 0.5352056453125 0.5525420765625 0.34553685 0.0353485484375 0.3357554453125 0.0198157484375 0.3246 0.025446420312500002 0 0.44305249375000005 0 0.9128846515625
5 0 0.6875157765625 0.0159750734375 0.6836142453125 0.0238230234375 0.6656164999999999 0.0345650328125 0.65843994375 0.0359390734375 0.637276475 0.032426084375000004 0.63203138125 0.034763178125 0.6039484078124999 0.0335228671875 0.5993107531249999 0.0210577984375 0.5974144796874999 0.016646171874999997 0.5703984765625 0 0.5726034078125 0 0.6875157765625
0 0 0.8628732359375 0.0140734625 0.85535176875 0.0596534 0.79432988125 0.09966051249999999 0.7677030328125001 0.13884320156250002 0.7537742656249999 0.20322593906250003 0.70782565 0.21892429062500002 0.6876200078125 0.18848329218749998 0.6737422343749999 0.0543382375 0.713963265625 0.018252650000000002 0.7158013875 0 0.7118982921875 0 0.8628732359375
1 0 0.8170015859375 0.00601021875 0.8173120921875 0.020193453125 0.7967014906250001 0.0216368078125 0.778427309375 0.017433125 0.760079171875 0 0.75666828125 0 0.8170015859375
9 0.2400992078125 0.45644167187500007 0.20773700156250002 0.4879826078125 0.1837103984375 0.537540675 0.1728371078125 0.58630820625 0.174357125 0.61829286875 0.1778032484375 0.6364385234375 0.1935782640625 0.666491725 0.20817983281250002 0.6790067125 0.2365536484375 0.6851550609375 0.26340989375 0.6751086 0.2861317734375 0.64960329375 0.3162164015625 0.5858752140625 0.3246115203125 0.5436222265625 0.3257751671875 0.4980010390625 0.3156471890625 0.46802179062500004 0.29670575781249997 0.4471699421875 0.275149978125 0.4428439109375 0.25008365781249997 0.4490626375 0.2400992078125 0.45644167187500007
8 0.41992967812500004 0.2964523796875 0.3945902921875 0.26574900625 0.362365346875 0.23964869531250002 0.2969893578125 0.20928962968749998 0.2878515625 0.2105290390625 0.25275901875 0.21587510937499998 0.2103394078125 0.22754782968749998 0.16372694062499998 0.2555857015625 0.130932265625 0.2965218875 0.102420440625 0.35516852656250003 0.06702371875 0.43866733125 0.0458835859375 0.502966025 0.035072803125 0.5755488875 0.0370631171875 0.638667796875 0.0451886 0.6859378234375 0.0471330640625 0.7269553921874999 0.051814948437499994 0.7714648546875 0.0565839296875 0.799430425 0.058262179687500006 0.8090826515625 0.065677959375 0.816588084375 0.077597925 0.8409430515625 0.095741578125 0.8531545453125 0.1324236359375 0.8638804125 0.16782650625 0.8715012703125 0.223444609375 0.8670394234375 0.26736673125 0.867733634375 0.3089019046875 0.8392587859375 0.357234215625 0.7822265609375 0.4045491390625 0.7028347593750001 0.4378278640625 0.631655278125 0.4564508421875 0.5427531203125 0.4605068375 0.4600812578125 0.4542787671875 0.40135302968750003 0.4367956609375 0.356183740625 0.41992967812500004 0.2964523796875
11 0.247101778125 0.639227365625 0.24415608125000002 0.6351329234375 0.24349836875 0.6335389734375 0.23839965468750002 0.6326484328124999 0.23040086249999997 0.6451585890625 0.23396 0.6593397859375 0.238356265625 0.6619329734375 0.24565273125 0.6563230124999999 0.24850731874999998 0.6462187109374999 0.247101778125 0.639227365625
11 0.295503903125 0.60207948125 0.294484378125 0.59566355 0.2918515640625 0.5908374390625 0.285555478125 0.5899699234375 0.2760380453125 0.6011282609374999 0.2754950734375 0.6146867234375 0.27925730625 0.6218342890625 0.2847184734375 0.6223494640625 0.292740071875 0.6107898828125 0.295503903125 0.60207948125
11 0.3029325859375 0.5294093859375 0.3015502625 0.5233701625 0.294637946875 0.5139624890625 0.290309746875 0.5142223734375 0.287704515625 0.5295908375 0.286118571875 0.5409801390625 0.290266478125 0.5487044609375 0.295409925 0.546298403125 0.3012333109375 0.53604311875 0.3029325859375 0.5294093859375
11 0.25799428281250003 0.51456343125 0.26397649375 0.50576731875 0.265902203125 0.49824962656249994 0.267125690625 0.48723569062500005 0.2623434078125 0.4840670875 0.260802378125 0.48176623906250005 0.25531840625 0.4803004875 0.2504010953125 0.48701858906249995 0.24763726406250003 0.49572898906249996 0.24892970625 0.5083598625 0.25305439375 0.5151320625 0.25799428281250003 0.51456343125
11 0.2040403515625 0.5577875859375 0.20959227343750003 0.5569088625 0.21416959218749998 0.551518046875 0.2179079109375 0.5421221890625 0.21849702343750002 0.5356639734375 0.2182239890625 0.524251484375 0.21226434843750003 0.5236030765625 0.20773217812500003 0.5256988406249999 0.20496788437500002 0.5292130359375 0.200640678125 0.53986821875 0.2018414890625 0.5486952421875 0.2040403515625 0.5577875859375
11 0.1955241921875 0.626386228125 0.2027308921875 0.632565465625 0.20748983906250001 0.6295843984375 0.21082009687499997 0.6186627515625001 0.21052472031249997 0.6114958890625 0.20857585312500002 0.6024703625 0.2042016984375 0.598586934375 0.19960180624999999 0.6000717859375 0.199488590625 0.6005137656249999 0.195726709375 0.6089588453125 0.1946847328125 0.61718498125 0.1955241921875 0.626386228125