2 0.723474025 1 0.78044816875 0.576148525 0.793588590625 0.43812380937500006 0.802095465625 0.4002958234375 0.799194175 0.39840111718750004 0.8040274999999999 0.37537788125 0.7966762328125 0.35449529218750003 0.5887608203125 0.34587319375000003 0.142370246875 0.31502967656249997 0.0769982390625 0.31796549218750003 0.031159775 0.311592090625 0.021876475 0.31562744375 0 0.47065010625000003 0 0.93464336875 0.38527148125 1 0.723474025 1
5 0.6568207734375 1 0.6721644546875 0.883168390625 0.665971575 0.8372366203125001 0.59305593125 0.8318800578125 0.58880295625 0.8564042796875 0.590740546875 0.8988091171875 0.5822341343749999 0.9422473328125 0.557866340625 0.9633593234375001 0.5541914015625 0.9613333765625001 0.5240031328125 1 0.6568207734375 1
0 0.530897978125 1 0.556898934375 0.9589876 0.5804935453125 0.943354603125 0.5845536859375 0.925810359375 0.5903530296875 0.89032815 0.5860949609375 0.8531398250000001 0.561723 0.823759728125 0.5371586671874999 0.8069698421875 0.5056329015625 0.8058294937499999 0.49131881406250005 0.783765746875 0.43271123906250003 0.72753991875 0.37391175625 0.689514534375 0.349542109375 0.6881855953125 0.3483832609375 0.7076245484375 0.35438099218749997 0.7324851421874999 0.3890045859375 0.773422071875 0.465991021875 0.8902697203125 0.506034775 0.988227646875 0.5135784109375 0.996520025 0.5273338765625 1 0.530897978125 1
1 0.508153621875 0.8833967109374999 0.501385484375 0.8976765 0.497520028125 0.9306816906250001 0.5095136390625 0.95796195 0.519377753125 0.961037815625 0.5288543484375 0.9556327140624999 0.5435517890625 0.93568534375 0.5478047625 0.9111611187499999 0.5452882109375 0.8840859890624999 0.5317486953125 0.8733739453125 0.5214979890625 0.8730375765625 0.508153621875 0.8833967109374999
7 0.6501055625000001 0.7588080765624999 0.6555192390625 0.7372858265625 0.6659586109375 0.68015013125 0.6829644890625 0.5091202234375001 0.677548496875 0.5025913125 0.676000278125 0.49110836874999997 0.63286749375 0.459948265625 0.6057898515625 0.455354871875 0.5870294921875 0.45918509687500003 0.5847094765625 0.47001184062499995 0.5901254687499999 0.47654075 0.5909009671875001 0.49911291718750006 0.5874207140625 0.5125479171875 0.5727223484375 0.521274825 0.56248368125 0.6668044796875 0.6214797 0.7427317390625 0.6265095625 0.7576103765625 0.6501055625000001 0.7588080765624999
9 0.29521205 0.9047778265625 0.3091353796875 0.8790889859375 0.3176422546875 0.8412610015625 0.333692765625 0.81172539375 0.341620215625 0.7836168875 0.351285940625 0.72634995 0.341417659375 0.6727819984375001 0.32594240625 0.6421060453125 0.298670078125 0.622051703125 0.2808761984375 0.6190331890625 0.2609556015625 0.62547166875 0.1924940984375 0.6895950734375 0.1694826171875 0.74039045 0.16001250312499998 0.8243387953125 0.1609817609375 0.8511514453125001 0.17355665 0.8911531578125 0.1851627421875 0.9099524484374999 0.22752187968749998 0.9409813140625 0.24976388124999999 0.940546784375 0.2737455484375 0.927784521875 0.29521205 0.9047778265625
11 0.6357919359374999 0.7423545593750001 0.64565605 0.745430425 0.651071115625 0.740738871875 0.655132184375 0.7344150921875 0.65764503125 0.7166083671875 0.65512986875 0.7063639328125 0.64642599375 0.700679809375 0.6367561015625001 0.7074546625 0.6315352578125 0.7219969296875 0.6357919359374999 0.7423545593750001
11 0.5889670812500001 0.501589934375 0.5905125234375 0.4794114859375 0.582775128125 0.466878625 0.5746520671875001 0.4683057234375 0.565175934375 0.47932105781249995 0.5615028468750001 0.49973603593749993 0.5667260062499999 0.5132449265625 0.5798780031249999 0.5154760031250001 0.5889670812500001 0.501589934375
11 0.2410424109375 0.72167385625 0.24394231406250003 0.70673786875 0.2408468 0.694992446875 0.23194962968750002 0.6906780718750001 0.22556762031250002 0.6966081328125 0.220347240625 0.716760634375 0.22653734218750002 0.7290310156250001 0.23021228124999998 0.7310569640625 0.2410424109375 0.72167385625
11 0.2955834640625 0.7204701609375 0.2889763640625 0.7081066 0.27225540625 0.7271637156249999 0.2750288453125 0.7406525562499999 0.28188065625 0.751282015625 0.2891405078125 0.749555609375 0.295012671875 0.7387171312499999 0.2955834640625 0.7204701609375
11 0.3072495921875 0.8011484078125 0.3006424984375 0.7958858984375 0.2919967125 0.8050701203124999 0.2883267875 0.8216062171875 0.2896325203125 0.8336623359375 0.296647084375 0.84076958125 0.30545620156250003 0.82569575625 0.3072495921875 0.8011484078125
11 0.2603509390625 0.8730741890625 0.2538252203125 0.864866128125 0.24240620468750002 0.877131134375 0.240286525 0.8968895640625 0.244364903125 0.9011312374999999 0.2530926609375 0.9079372328125 0.263288103125 0.890140628125 0.2603509390625 0.8730741890625
11 0.21116530937500003 0.8523039546875 0.20390564375000003 0.8445646625000001 0.1926499609375 0.8556722296875 0.189632021875 0.8652192781249999 0.19036694999999998 0.8813202640625001 0.20147034375 0.8927354718749999 0.21426542187500003 0.868215696875 0.21116530937500003 0.8523039546875
11 0.1959812984375 0.7603135484375 0.185344 0.762716675 0.17528797812500002 0.7778412546875 0.1725822984375 0.8026279562499999 0.1882489953125 0.8094932359375001 0.20062595781249998 0.7947623796875 0.20217186250000002 0.7781941625 0.1959812984375 0.7603135484375
8 0.43343560156249994 1 0.4453826515625 0.9739345015625 0.45438476093749997 0.942078384375 0.48129229375 0.8704444171875 0.4967962359375 0.8128410640625001 0.5103993765625 0.7367720265625 0.5056959734375 0.67719236875 0.49198880312500004 0.60592534375 0.4749807265625 0.5464350875 0.4483693234375 0.48241389218749997 0.4154557703125 0.43111056249999996 0.376640428125 0.3925958234375 0.3133167390625 0.3477454 0.2569962984375 0.334562953125 0.18907223125 0.3629538953125 0.14655828437500001 0.39420372812500004 0.0895404921875 0.4991930640625 0.0512293671875 0.58485764375 0.0265233015625 0.678636665625 0.0168213984375 0.7357726375 0.0049195390625000005 0.81721026875 0.01082391875 0.8944103796875 0.026730621875 0.92686220625 0.0374343734375 0.9352095890625 0.0690491578125 0.9463567203125001 0.09705904531250001 0.9511082578125001 0.1726869015625 0.9639376046875 0.21750054843750002 0.968658884375 0.2573145734375 0.9710579671874999 0.35935212031249997 0.9941739078125 0.3812602671875 0.9957122171874999 0.3988541015625 1 0.43343560156249994 1