2 0.43531838437500003 0.70868211875 0.6896600953124999 0.60070044375 0.6960591468749999 0.5927362921875 0.6855354499999999 0.5702247953125 0.626166540625 0.34991524687500003 0.6110104546875 0.302647046875 0.6066354203125 0.27926571718750004 0.60047979375 0.2716658578125 0.560263096875 0.284414084375 0.4952083265625 0.31620565 0.3558688234375 0.3726238375 0.3510034546875 0.3761356859375 0.3494732515625 0.384822834375 0.36593004375 0.4559072796875 0.43531838437500003 0.70868211875
5 0.40790295624999995 0.3977336609375 0.38919265 0.3904980921875 0.37946539218750003 0.40175663281249996 0.40543038749999993 0.5067904703125 0.420054353125 0.5301336953125 0.4320943234375 0.527018659375 0.43746743906249996 0.517787865625 0.43822905624999997 0.50920944375 0.4276949140625 0.4739934078125 0.4330680296875 0.4647626140625 0.43689005156249994 0.43880989374999996 0.4407294828125 0.43403140156250003 0.46122734374999996 0.43395519374999997 0.4663222125 0.3979399515625 0.46452072656250004 0.38831234375 0.451959084375 0.38020694375 0.44143887031249995 0.3619302921875 0.4145454359375 0.3742054984375 0.40790295624999995 0.3977336609375
0 0.43822209218749997 0.5007397515625 0.4541154234375 0.509785609375 0.4769155515625 0.5051483671875 0.5286853640625 0.5204131265624999 0.5363677109375 0.5150909921875 0.528925309375 0.5006142703124999 0.5084204812500001 0.4922207875 0.46996348593750004 0.4637784671875 0.45483525625 0.45038903750000003 0.4455983328125 0.4347544 0.438427215625 0.4385924359375 0.43537377812500005 0.46443642656249995 0.42923207812499997 0.47377595 0.43822209218749997 0.5007397515625
1 0.45076632656250004 0.4876709234375 0.457683571875 0.48669236250000003 0.4604901015625 0.4721775359375 0.45433099375 0.4603428296875 0.44613045468749996 0.458679375 0.44177979531249995 0.4649419671875 0.44230146875000004 0.47616240468750004 0.45076632656250004 0.4876709234375
7 0.478779715625 0.5910032000000001 0.4705548015625 0.5596958234375 0.45235572343749997 0.5509761546874999 0.4426075734375 0.53682561875 0.43261599687499996 0.5382390953125 0.4274967546875 0.5446104171874999 0.45140290937499994 0.638641275 0.4760045234375 0.6436316390625 0.48829836562500006 0.6376571296875 0.491609159375 0.613188509375 0.478779715625 0.5910032000000001
9 0.5732701312499999 0.5225765375 0.5863255921875 0.5080236078125 0.5904014859375 0.47921141250000004 0.5803750890625 0.4382764296875 0.574730690625 0.42919246875 0.556528128125 0.416237953125 0.5375709140625 0.42033155000000005 0.5309179890625 0.43115517499999995 0.5278610687499999 0.452764321875 0.535839071875 0.49540086250000004 0.54712786875 0.5135687859375 0.561484034375 0.5228321 0.5732701312499999 0.5225765375
11 0.4321221796875 0.5608974265625 0.4382708421875 0.5600275953125 0.43723445781250003 0.5460564140625 0.43108231406249997 0.5426914 0.4285226921875 0.545877059375 0.4321221796875 0.5608974265625
11 0.4908405765625 0.6132972390625 0.4867403078125 0.6124655125 0.48392681406250004 0.6185106453125 0.4847023609375 0.6268716078125001 0.48906346718749993 0.6333135546875 0.49469741875000006 0.629692978125 0.4908405765625 0.6132972390625
8 0.6484185984375 0.49079000468749995 0.646596159375 0.4637807109375 0.64094976875 0.43607142187500003 0.6259232296875 0.3964692125 0.6203644796875001 0.3827961453125 0.603928971875 0.359093659375 0.59019908125 0.34492193125 0.5781250328125 0.3371287328125 0.556976271875 0.3240079421875 0.54505710625 0.3219754828125 0.5278178890625 0.322348825 0.508710646875 0.3287690828125 0.4994214484375 0.33462771406249997 0.488491965625 0.3502210796875 0.48190890625 0.3643736796875 0.47195993437499995 0.3864382875 0.46660143437499996 0.4293379546875 0.46736796406250003 0.44823348125000007 0.471052315625 0.4617594734375 0.4735511 0.48991263125 0.47670992031250004 0.5018611859375001 0.4787409078125 0.5076600499999999 0.48234916875 0.5221328171875 0.4905366171875 0.541219484375 0.5007505437499999 0.5637366859374999 0.5132133375000001 0.5871752890625 0.5264964062499999 0.605127440625 0.5470434609375 0.6162679203125 0.5647399453124999 0.624506684375 0.5843801140625 0.6270986625 0.5985443265625 0.6250948953125001 0.6117310921875 0.6190985390625 0.6262611125 0.60671303125 0.6377112890625 0.5865028984375 0.6438401390624999 0.567456384375 0.6487686390625 0.5469278984375 0.647316084375 0.5144958671875 0.6484185984375 0.49079000468749995
11 0.577417434375 0.50800474375 0.5803530453125 0.50183645 0.5786075796875 0.4945868265625 0.5755358968750001 0.49014084531249996 0.5729424734374999 0.4908564390625 0.5707008515625 0.4950079484375 0.5710864609375 0.50123016875 0.577417434375 0.50800474375
11 0.5754775999999999 0.4606866671875 0.57355140625 0.463922484375 0.5746011609375 0.471096878125 0.578116953125 0.47687487187500005 0.5827654234375 0.47569490937500003 0.5829176796875 0.4692229484375 0.58136283125 0.463514846875 0.579051284375 0.46052981875 0.5754775999999999 0.4606866671875
11 0.5661227 0.43307141875 0.5643832546875001 0.43314384375000003 0.5605251953125 0.433340921875 0.5597697859374999 0.43763088906250003 0.561483425 0.444187596875 0.5637959140625 0.4476962609375 0.567179675 0.44808863906249996 0.5699270750000001 0.4429931 0.5685931171874999 0.4363826796875 0.5661227 0.43307141875
11 0.5487108484375 0.44878417031250006 0.5501618828125 0.4450918 0.54873348125 0.4395408703125 0.5461349796875 0.43345805156250006 0.542464528125 0.43153774375 0.54015779375 0.4337812671875 0.5409481234375 0.43332075156250005 0.5392110828125001 0.4360074515625 0.5388689875 0.44250626718749997 0.5412145921875 0.44827474062499995 0.545360378125 0.45117534687500005 0.5487108484375 0.44878417031250006
11 0.543987609375 0.4724629453125 0.5421803875 0.468011734375 0.540502871875 0.46580949218749995 0.539078596875 0.46496485156249995 0.536646665625 0.462339915625 0.53471544375 0.4666282203125 0.5356385765625 0.4731216984375 0.5385213640625001 0.478118171875 0.5405143906250001 0.47888235156250003 0.5435175203125 0.47723631875 0.543987609375 0.4724629453125
11 0.55941853125 0.5049716390625 0.5590038374999999 0.5001497828125 0.55716470625 0.49552802656250006 0.5552656109375 0.4937058375 0.5539375015625 0.49389372187499997 0.5512819640625 0.4947917515625 0.549702853125 0.49728104999999995 0.551256759375 0.502465515625 0.5535366484375001 0.5052813734375 0.5568586484375 0.5069036765625 0.55941853125 0.5049716390625
11 0.39447267343750003 0.4104605375 0.39340370468749997 0.40391286718749997 0.3910726046875 0.40145155312499997 0.387427215625 0.40196725468750005 0.38474475625000004 0.4034634515625 0.3842954390625 0.41106309375 0.3880501328125 0.419462846875 0.39053298125 0.42106550781249996 0.39432702656249996 0.417178625 0.39447267343750003 0.4104605375