2 0.19812605781249998 0.26231006562500003 0.186572959375 0.2628555984375 0.1405205140625 0.44333349999999994 0.11010030156249999 0.5949200968749999 0.11650818125 0.6070049078124999 0.5101300671875 0.69202183125 0.5279083296875 0.6896808453125 0.6028385609375 0.353184675 0.596641125 0.34521905625 0.5786662812500001 0.3385603140625 0.19812605781249998 0.26231006562500003
5 0.3294897875 0.6193890578125 0.34489488125 0.6131353578125001 0.34283082187499997 0.59503124375 0.331589884375 0.5913368109375 0.31264784687499997 0.5907691609375 0.303913934375 0.584844109375 0.271545984375 0.5712599 0.243141940625 0.55050015 0.24021598281249998 0.5311356828125 0.23580335468750002 0.527281734375 0.2307244109375 0.5215084203125 0.2271976921875 0.5104617375 0.168165928125 0.505775846875 0.16632810625 0.5099256921875 0.16360170937500002 0.5212676468749999 0.1821447984375 0.5273800375000001 0.1869808046875 0.5507162484375 0.19797880625 0.5719735796875 0.219664784375 0.5883377171874999 0.2470255703125 0.604271728125 0.28392083437500004 0.615041934375 0.2926725296875 0.61462793125 0.3106566546875 0.6142659640625 0.3294897875 0.6193890578125
0 0.2396262921875 0.6021834296875 0.304782059375 0.5839904296875 0.3300485796875 0.558905834375 0.36304843125 0.520130246875 0.39399709843749997 0.49250256718749996 0.4094626578125 0.4651195078125 0.3824105640625 0.47533571406249997 0.31652734374999997 0.5127409953125001 0.25877085312500003 0.5330222906250001 0.17961796875 0.56129365 0.17732430625 0.564660965625 0.22146103125 0.5989792515625 0.2396262921875 0.6021834296875
8 0.5240458859375 0.5134972203125 0.5557406546875 0.493796775 0.5666173453125001 0.4568792734375 0.563837196875 0.42028156718750004 0.551116284375 0.396505365625 0.534619715625 0.3813586515625 0.5092989765625 0.391981840625 0.46948906875 0.3910996390625 0.4411701453125 0.3742367734375 0.4110107328125 0.361523125 0.3755603421875 0.3500345421875 0.340660246875 0.3471329609375 0.31064750937499996 0.35066464375 0.29853856562500003 0.3523186296875 0.2759972171875 0.3615654578125 0.243591896875 0.394137296875 0.23977466875000003 0.41755816250000005 0.25853399375 0.4480368453125 0.2810700859375 0.4698871171875 0.2749460828125 0.4927660078125 0.2521430453125 0.4969317234375 0.26000282656249996 0.5058237265625001 0.2791095515625 0.5162968890624999 0.2860218671875 0.5200331796875 0.355498675 0.537388771875 0.38010974375 0.5396388078125 0.41808516874999996 0.5425569593749999 0.45752458437500004 0.538417990625 0.48908643281249997 0.531726075 0.5240458859375 0.5134972203125
9 0.30635689374999997 0.402469728125 0.3047867375 0.40779912500000004 0.3038617796875 0.420605565625 0.31137733437500004 0.433764196875 0.3273334078125 0.4472750234375 0.34619161875 0.45576893125 0.37571956093750003 0.46188213906250003 0.4108274734375 0.4587228546875 0.42083814375 0.45374564843750004 0.43042792968750004 0.4405300578125 0.4318015046875 0.4262009328125 0.42672560937500004 0.4144286015625 0.4123258265625 0.40046891406249996 0.38858829687499996 0.389202403125 0.35906035625 0.38308919375 0.3417307078125 0.3839074953125 0.31816202968749996 0.39140178125 0.30635689374999997 0.402469728125
7 0.40613583125 0.62448495 0.413230503125 0.629405196875 0.4718377703125 0.6431542984374999 0.4916070765625 0.6437223015625 0.507112053125 0.5814285953125 0.4409614984375 0.564281928125 0.41338300781250004 0.5757193125 0.4028544 0.6066218765625 0.40613583125 0.62448495
11 0.1813356546875 0.46430412343749994 0.1748861796875 0.46686091875 0.17663905156249998 0.47541178281249996 0.19239854375 0.4799228796875 0.20218490937500003 0.47570701875 0.1935478140625 0.466355096875 0.1813356546875 0.46430412343749994
11 0.21513434843749998 0.296416853125 0.2124565171875 0.30067242968749996 0.210900225 0.3011212921875 0.21443369843750001 0.30846195 0.22286034843750002 0.31369467968750003 0.23975524531249998 0.3095185296875 0.24154970781250001 0.3034277890625 0.2337959796875 0.2959110328125 0.228468046875 0.2946611140625 0.21513434843749998 0.296416853125
11 0.49513062343750003 0.34175408906250004 0.505099703125 0.35141848750000004 0.5186438437499999 0.353781940625 0.5222050421875 0.3513615296875 0.5242238125 0.34450944843750003 0.5191340515625 0.3376176515625 0.5071462015625 0.3348053359375 0.4960278546875 0.33870871875 0.49513062343750003 0.34175408906250004
11 0.4809373453125 0.646103 0.49361198437500003 0.641750753125 0.4907375734375 0.637006603125 0.47786635625 0.6323591203125 0.46629939218749994 0.6377851890625 0.4649674109375 0.637472709375 0.4678418203125 0.6422168609375001 0.4809373453125 0.646103
11 0.437372571875 0.576463409375 0.443822046875 0.573906615625 0.43940520781250003 0.5647307921875 0.430081325 0.562543434375 0.4220755609375 0.5655490921874999 0.4216269453125 0.5670717765625 0.42671670468749995 0.5739635734374999 0.437372571875 0.576463409375
11 0.3311685875 0.4300477546875 0.3287331640625 0.433035878125 0.327931021875 0.43435678749999995 0.33443968281249997 0.438568971875 0.33957059375 0.4392647546875 0.344538478125 0.4367437609375 0.3442384796875 0.432479021875 0.339496146875 0.42895145156250003 0.33300958281250004 0.4290820703125 0.3311685875 0.4300477546875
11 0.3724436140625 0.442400565625 0.36942214687499997 0.4435980421875 0.3680630484375 0.44594900624999995 0.368367821875 0.44868949531249996 0.369368890625 0.44998982187500003 0.3756049578125 0.4528023390625 0.3799409828125 0.45242116875000005 0.383728396875 0.4501319671875 0.38536981875 0.44606872343750004 0.37702136406250003 0.44271180781249997 0.3724436140625 0.442400565625
11 0.4081692828125 0.43057096718750004 0.4030357609375 0.4306380703125 0.3996615390625 0.433786890625 0.398512840625 0.4354237125 0.3995911234375 0.438008684375 0.4028334875 0.4403777265625 0.40966326249999996 0.4413442671875 0.41549840312499997 0.438900565625 0.416476915625 0.4363333390625 0.413225434375 0.4330285390625 0.4081692828125 0.43057096718750004
11 0.4055966296875 0.4083591125 0.3999857609375 0.4055174484375 0.3956181875 0.40449282656249996 0.3924952390625 0.40528556250000003 0.390268659375 0.407559996875 0.3898085390625 0.4106297703125 0.39299348125 0.412647546875 0.398849515625 0.4146570625 0.404263196875 0.41363904218750003 0.40683753593749994 0.41093827968749996 0.4055966296875 0.4083591125
11 0.36789278593749997 0.3967179265625 0.3666844828125 0.39478211406249997 0.3603078921875 0.3930314125 0.3549302578125 0.3931682265625 0.35128198125 0.3957440234375 0.350997046875 0.398219190625 0.3531404265625 0.40075611875000006 0.357365421875 0.40301870468749995 0.365863615625 0.40285128124999997 0.3688185390625 0.40036678124999997 0.36789278593749997 0.3967179265625
11 0.33768600000000004 0.40717243593749997 0.3298559375 0.40431806875 0.32590288749999996 0.404153378125 0.322255440625 0.40596750156250005 0.320930228125 0.408198621875 0.32099221875 0.41100913281249996 0.32216530468750004 0.4130644765625 0.32597255625 0.41599093125 0.3329470734375 0.41495814218750005 0.33791840156249997 0.41091258750000004 0.33768600000000004 0.40717243593749997
1 0.2927244625 0.537227196875 0.2860059515625 0.5391649390625 0.281366325 0.54311900625 0.280060853125 0.5475500203125 0.2823343 0.55434845 0.29379403125 0.5571890828125 0.3049300234375 0.5556763828125 0.309333140625 0.5470825828125 0.30393593750000003 0.539093065625 0.2927244625 0.537227196875
10 0.49987129843749994 0.39333204374999997 0.5309971250000001 0.3843547828125 0.5314596046875 0.3779515625 0.515306953125 0.3554410109375 0.5033191031250001 0.35262869375 0.48269415625 0.3404644578125 0.43942549218750004 0.3229880671875 0.40679883281249996 0.3128920484375 0.3651391921875 0.304164759375 0.3229992046875 0.3025006890625 0.2984179703125 0.303745490625 0.2701942828125 0.30770583125 0.25356528749999996 0.296479034375 0.2329126125 0.2940758671875 0.24288169375000002 0.30374026718749997 0.2415358453125 0.30830832343750003 0.2328571546875 0.31359800781249997 0.23038976875 0.3219727765625 0.205923859375 0.3325124328125 0.1865477109375 0.3499438875 0.16933145624999998 0.389045125 0.17499709375 0.42781663906249995 0.187350375 0.4583894796875 0.2019744640625 0.47158782656250003 0.1926089875 0.484042071875 0.199044596875 0.48636581406249996 0.24832798281250001 0.497927559375 0.26589580156250003 0.49146738125 0.2792572296875 0.47995057343749997 0.2750924265625 0.4602523359375 0.252279859375 0.4361793859375 0.2436843546875 0.4121858609375 0.2548997515625 0.3741187328125 0.27626694375 0.35959626562499997 0.3136179328125 0.3488235546875 0.3340601640625 0.347107528125 0.3853623203125 0.351817190625 0.43546175 0.36881637968750003 0.4463815203125 0.37671366562499997 0.46745508124999996 0.3873552171875 0.48299026562499997 0.3926276578125 0.49987129843749994 0.39333204374999997