2 0.8398530578125 1 0.83977705625 0.9967310125 0.7996869531249999 0.8833863890625 0.796437221875 0.8629430515625 0.792217075 0.8604273515624999 0.7947941765625 0.8519394578125 0.7755797375 0.8011599046875 0.76697583125 0.789091178125 0.7486045531250001 0.7149105125 0.733882946875 0.6783755390625 0.65714118125 0.42057920937500004 0.65140524375 0.41253339218749996 0.6569593890625 0.41275995937500004 0.6568684921875 0.40885033281250005 0.648282765625 0.39756352968750003 0.6288138187500001 0.335837025 0.6245209546875 0.330193625 0.6161897375 0.329853775 0.6160261265625 0.3228164484375 0.6050087296875 0.3262729390625 0.6007704046875 0.3229753125 0.5812763578125 0.3198365515625 0.5730542140625 0.324188253125 0.5009593999999999 0.3259344296875 0.218497871875 0.3487842109375 0.181061928125 0.3496006578125 0.063381746875 0.3596426828125 0.059179776562499994 0.3579089078125 0.00212539375 0.36532428437500003 0.0029343 0.5043634609375001 0.0130162046875 0.938007540625 0.0390097125 0.9820329765625001 0.029635364062500003 0.9964930609374999 0.029716896875 1 0.8398530578125 1
5 0.16478736249999998 0.78327484375 0.1729367890625 0.7757954421875 0.1559107703125 0.7594772390625 0.11560685625 0.7562707750000001 0.11129581562499999 0.7498454484375 0.085059059375 0.75502465625 0.071373665625 0.763059415625 0.068887459375 0.775456934375 0.058033678125 0.7859507515625 0.04427556875 0.790857809375 0.02487241875 0.791628675 0.0340762359375 0.8295009312499999 0.0456026484375 0.8479383453124999 0.043043725 0.8572081640625001 0.0699894703125 0.8825240359375 0.08202489843750001 0.922855353125 0.08114538125000001 0.9446926140624999 0.10233700937500001 0.9611807453125 0.128810096875 0.9661665640624999 0.2175491671875 0.9643181640625 0.3369269328125 0.9676255078124999 0.35355301093749997 0.9667413578125 0.40041784218750004 0.9538106031250001 0.4057720171875 0.9454359921875 0.38368960625000004 0.89063353125 0.36834299062500003 0.8868827703125 0.3419789796875 0.8865885 0.3102789734375 0.8954507671874999 0.288080571875 0.8953264234375 0.182667803125 0.8363435296875 0.18782200625 0.81936774375 0.175234284375 0.8149483421875001 0.1596513390625 0.801032553125 0.16478736249999998 0.78327484375
0 0.1853903390625 0.8341110374999999 0.1926238859375 0.8469050484375 0.26434820000000003 0.8888900359375 0.274122490625 0.8916323046875 0.27679048906250003 0.8870540390625001 0.2837331703125 0.8873372453125 0.31022443593750004 0.8931049921875 0.3364430140625 0.887143859375 0.363395678125 0.8530900640624999 0.3583938265625 0.81695158125 0.40682464375 0.6923754546875001 0.41190612968749996 0.67227196875 0.4082746359375 0.635408203125 0.4013683125 0.6366888453125 0.3919576046875 0.6495850796875 0.3671457421875 0.656384778125 0.343115584375 0.696807259375 0.25376276249999996 0.79159146875 0.1853903390625 0.8341110374999999
1 0.2870807171875 0.852320540625 0.30060249687499996 0.83724845625 0.2711341875 0.8227662515624999 0.2408590765625 0.8332490078125 0.242429403125 0.8411249015625 0.25936452656250003 0.8535334796875 0.2774336796875 0.85505175 0.2870807171875 0.852320540625
7 0.514939190625 0.9272348656249999 0.664719321875 0.9255329265625001 0.68377706875 0.9099054843750001 0.6953649359375 0.8713190015625001 0.6861429375 0.83266481875 0.67914571875 0.8300358359375 0.664071790625 0.8380139515625 0.6432982828125 0.8395101015625 0.6348943484375 0.8360425499999999 0.6234224734375 0.8199509125000001 0.5764667484375 0.82897204375 0.48635731875 0.8315457281249999 0.4709128890625 0.8832550109374999 0.43407685625000003 0.9098749875 0.44543965625000004 0.9212750749999999 0.514939190625 0.9272348656249999
9 0.1986601875 0.6292010671875 0.23783007031249997 0.6432978406250001 0.2767818046875 0.6480115109375 0.34056358124999997 0.646707409375 0.3970390921875 0.6294815921875 0.42033516249999997 0.617151775 0.4351727625 0.59900863125 0.435797771875 0.5662244171874999 0.410276921875 0.5425290359375 0.41433345624999995 0.5380074125000001 0.38197899999999996 0.518720371875 0.349860871875 0.509598359375 0.2651419765625 0.5053612859375 0.22227914218749997 0.511424640625 0.1783731765625 0.53228793125 0.1609948328125 0.56048281875 0.17032590625 0.603828553125 0.1986601875 0.6292010671875
11 0.48704120937499995 0.920628553125 0.4881934171875 0.91052016875 0.47688515468750003 0.90146585625 0.4616112546875 0.900842796875 0.4507756515625 0.912118540625 0.46212027187500004 0.9227367015624999 0.4801712453125 0.9234730453125 0.48704120937499995 0.920628553125
11 0.6722939343750001 0.8336622531250001 0.67050545625 0.8164032578124999 0.644050546875 0.8121993640625 0.6302742593749999 0.8163244953125 0.6305651250000001 0.8288352984375 0.6446322828125 0.83722096875 0.658535825 0.8385693109375 0.6722939343750001 0.8336622531250001
11 0.14362951562499998 0.9472414953125 0.143484084375 0.94098609375 0.12380824374999999 0.9300280828125 0.112699953125 0.9295749484375 0.10177345468750001 0.936941065625 0.1077093625 0.9535880609375 0.12718522968749998 0.9559448953125 0.14362951562499998 0.9472414953125
11 0.2806201890625 0.634106784375 0.29176483750000004 0.63612376875 0.30274587343750003 0.6311034265625 0.3039889765625 0.6249046671875 0.29693722031249997 0.6199299078125 0.28718110625 0.6179695640625 0.26786885312500003 0.62265005625 0.26662575 0.628848815625 0.2806201890625 0.634106784375
11 0.3464155125 0.6000751078125 0.339600084375 0.6052653765625 0.3453542015625 0.6140931187499999 0.36477552968750004 0.6141041796875 0.37710874375 0.6075766296875 0.3616530515625 0.5991343171875 0.3464155125 0.6000751078125
11 0.3732591 0.5613297625 0.37455673906250003 0.5574767781250001 0.36465519375 0.549261034375 0.342529509375 0.552264390625 0.339934228125 0.5599703593750001 0.3497812375 0.5658403265625 0.3650551359375 0.5664633875 0.3732591 0.5613297625
11 0.2683917078125 0.525804621875 0.26709406874999997 0.52965760625 0.27557071875 0.5362528578125 0.2867153671875 0.53826984375 0.2977691203125 0.5363772015625 0.3031960125 0.5311302921875 0.3016984015625 0.5263821 0.29048103593749997 0.5212374140625 0.2793909234375 0.5215662062499999 0.2683917078125 0.525804621875
11 0.22746278593749997 0.5553823734375001 0.2315375 0.5516426734375 0.224413025 0.5435402125000001 0.22030195312499998 0.5457160640625001 0.209175484375 0.5444810046875 0.20522802499999998 0.55369418125 0.208077815625 0.556935165625 0.22746278593749997 0.5553823734375001
11 0.21856109531249998 0.5901725124999999 0.201989553125 0.5934024375 0.2063914921875 0.6037373890625 0.2258491796875 0.6053122984375 0.22857171406250001 0.6030798078124999 0.22985117656249998 0.5984448984374999 0.21856109531249998 0.5901725124999999
8 0.6761319125 0.57629774375 0.6533996828124999 0.5118031890625 0.614824059375 0.4716547515625 0.5775688828125001 0.4467729453125 0.5072009625 0.40913042343750006 0.435203665625 0.38446173125 0.38768867500000004 0.37491709375000004 0.2910672171875 0.3704319640625 0.2331393203125 0.369699275 0.160234675 0.38900076562499997 0.10379157812499999 0.41060409218749994 0.049241995312499995 0.4306543328125 0.0217312421875 0.451264628125 0.0058386484375 0.47343470156249995 0.0040715703125 0.48042608124999997 0.0104156015625 0.6702992140624999 0.034094471875 0.69245395625 0.0628583234375 0.7256823906250001 0.09889422656249999 0.7396489765625 0.1632500578125 0.7678095359375 0.22556063124999998 0.79099645625 0.2789107 0.8024094500000001 0.344744203125 0.8110710156250001 0.45174064375 0.8051131 0.49109715937500004 0.7958522859375 0.5436886125 0.7746355453125 0.5837333890624999 0.753449915625 0.62825488125 0.717234915625 0.6508211140625 0.6915327109375 0.6689667671875 0.6417459625 0.6768273015624999 0.60620794375 0.6761319125 0.57629774375