2 0.701193446875 0.5450172531249999 0.69286180625 0.5444840953125001 0.5082905203125 0.40847113281249997 0.4592642203125 0.3639332125 0.44415316562499996 0.3559359328125 0.4205286703125 0.355205303125 0.3210831203125 0.3855553765625 0.044084615625000004 0.4560990328125 0.006228628125 0.4692994421875 0.0057164734374999995 0.4912724640625 0.0067124015625 0.5768623578125001 0.4887486765625 0.9485534921875001 0.5271206234375 0.9728810187500001 0.5588222390625 0.985064534375 0.59061475625 0.9933481484375 0.6171437265625 0.98879663125 0.9413159265625 0.7439519906250001 0.9471430546875 0.7326077171875001 0.701193446875 0.5450172531249999
10 0.28356387031249997 0.6229657 0.244112378125 0.585289640625 0.22870352343749997 0.5304046578125 0.2475553359375 0.49724067656250004 0.2884612359375 0.4725182734375 0.34997808125 0.4584885328125 0.42640599687499997 0.461035859375 0.45032137499999997 0.44928679843749997 0.45748257031249995 0.440371325 0.45654846562499996 0.420782946875 0.40695858281249997 0.40042443125 0.3929634328125 0.404215721875 0.3679503296875 0.4033962328125 0.35558012968749997 0.3971366328125 0.3038744328125 0.4078884859375 0.2677161171875 0.407918084375 0.2566981609375 0.40330730312499996 0.0571889390625 0.49052679843749997 0.0357417140625 0.515713253125 0.0451165390625 0.5311549015625 0.0936995984375 0.5350449625 0.11279467031249998 0.5511086296875 0.10671302187500001 0.573372634375 0.1146810609375 0.5895054046875 0.136171565625 0.6221263859375 0.1743253515625 0.6558136796875 0.197568065625 0.67292390625 0.25254875625 0.7006576859375 0.316024709375 0.721904796875 0.3502490171875 0.7451857640624999 0.35282625 0.753943271875 0.361466953125 0.7412167546874999 0.3782211359375 0.738383165625 0.392016303125 0.7431716625 0.40835234218750005 0.7582776296875 0.4222565921875 0.75838624375 0.45313318281250003 0.7463014968749999 0.47427134843749996 0.7343747171875 0.46951684687500006 0.699700125 0.443624178125 0.6769523171875 0.41053395468750004 0.664679940625 0.363339503125 0.6608787390625 0.3592827625 0.655932275 0.33850820000000004 0.652259440625 0.3275629671875 0.6445287390625001 0.31371325781250003 0.6420801843749999 0.28356387031249997 0.6229657
5 0.47034878750000003 0.783335784375 0.4688329203125 0.788706790625 0.4293519859375 0.811958090625 0.44552440468750004 0.8340838843749999 0.520218290625 0.8513619859375 0.56851046875 0.8677317390624999 0.60178249375 0.8722043078124999 0.618300334375 0.8795104671875 0.6503110125 0.8784343124999999 0.6687628625 0.8624299078125001 0.7108937515625 0.8448161921875 0.7251070609375 0.8316651328125 0.6898577484375 0.7926956921875 0.681562465625 0.7906025750000001 0.6522744625 0.794196390625 0.6339680515625 0.8039609484374999 0.615879803125 0.8043657375000001 0.5729057109375 0.7984911718750001 0.5592196234375 0.7890227890625 0.524758975 0.7758815734375 0.48585980468749995 0.7741734890624999 0.47034878750000003 0.783335784375
0 0.652928946875 0.766117084375 0.65336526875 0.747397546875 0.6143319171875 0.69178193125 0.5763417515625 0.6510748109375 0.55638529375 0.6123028421875001 0.531772153125 0.5943237781249999 0.5248291187499999 0.5938794796875 0.520408778125 0.60453263125 0.5456902390625 0.713167184375 0.5500084203125 0.7665613125 0.5717716265624999 0.7874825828125 0.5952688609375001 0.7936730765625 0.6384792953125 0.7894078921875 0.652928946875 0.766117084375
9 0.491338934375 0.5987666796875 0.5084748984374999 0.5795534953125 0.5062430890625 0.5559763531249999 0.48866388125000004 0.53454168125 0.45158963906249994 0.51420291875 0.41422451562499996 0.5063438484375 0.37945480468750004 0.5064623046875 0.3486327546875 0.516207109375 0.3217583609375 0.535578259375 0.32523333593750003 0.5654841046875 0.334589984375 0.5817057375 0.3605917296875 0.5997736609375 0.42004730312499994 0.6145143484375 0.44644901406250004 0.615422696875 0.491338934375 0.5987666796875
11 0.0592571296875 0.521123765625 0.0814566578125 0.5233254984375 0.09128598593750001 0.5192676296875 0.0942813609375 0.5100855796875 0.0888723734375 0.5034902953125 0.066745565625 0.498168640625 0.0513436296875 0.5026510531249999 0.0469596484375 0.5117442421875 0.0592571296875 0.521123765625
11 0.36925318906250004 0.7651493328125001 0.3914890796875 0.765791103125 0.40276155625000004 0.759482153125 0.4029433578125 0.751682346875 0.3879050234375 0.7405651421874999 0.3712235609375 0.740278809375 0.3585261171875 0.7480588640625 0.3596783828125 0.758287471875 0.36925318906250004 0.7651493328125001
11 0.39729287343749997 0.39746247343749996 0.3960678890625 0.3903537875 0.3837158671875 0.38331420625 0.36137089843750003 0.3873523203125 0.3625777046875 0.3952409875 0.372170690625 0.40132286875 0.38603857812500003 0.40299144374999996 0.39729287343749997 0.39746247343749996
11 0.8374431140624999 0.7255878203125 0.8349022421875001 0.7152703515625001 0.8238842890625 0.7106595734375001 0.808464171875 0.715921965625 0.8083369125000001 0.7213818296875 0.8179117187499999 0.7282436921875 0.83040918125 0.7290434265625 0.8374431140624999 0.7255878203125
11 0.6715375 0.6837254578125 0.6825009140625 0.6906761796875001 0.6908507359375 0.6904293546875 0.7006982421875 0.68559150625 0.69808465 0.678393959375 0.6898620906249999 0.67318091875 0.678753234375 0.67247004375 0.671682940625 0.6774856109375 0.6715375 0.6837254578125
1 0.590314378125 0.7675782734375 0.6027572984375 0.770717953125 0.6055890546875 0.7685557281250001 0.6139206953125 0.7690888859375 0.6252477109375 0.7604399921875 0.6227977375 0.7462226203125 0.60362994375 0.7332788765625 0.5883370890624999 0.733081403125 0.5826917609375 0.73662586875 0.5839894671875 0.7406146328125 0.57699189375 0.7425102765625 0.5754578453125 0.7486612625 0.575330584375 0.754121128125 0.576628290625 0.7581098921875 0.590314378125 0.7675782734375
11 0.3528782125 0.5727211609375 0.3652847734375 0.5774207984374999 0.37365277343750003 0.5763939921875 0.377909496875 0.57276066875 0.3766481484375 0.5672119437500001 0.365612015625 0.5633811453125 0.35724401562499997 0.56440795 0.3529872921875 0.568041275 0.3528782125 0.5727211609375
11 0.406652096875 0.5925662734375 0.4162269046875 0.5994281359375 0.4273902984375 0.59779906875 0.43164702187500004 0.59416574375 0.427608459375 0.5884393 0.4179245734375 0.586257321875 0.40953839218750004 0.5880641093750001 0.4080588859375 0.5918751531249999 0.406652096875 0.5925662734375
11 0.429008328125 0.5283807828125 0.42637655468749996 0.5219632171875 0.42087666874999996 0.5192678374999999 0.4139336328125 0.5188235406249999 0.408233765625 0.5247079484375 0.40542019218750003 0.5260901921875 0.41362457187499996 0.5320832125 0.429008328125 0.5283807828125
11 0.3622279390625 0.52957539375 0.355175825 0.5338109828125 0.355084925 0.5377108859375 0.3660846984375 0.5431016453125 0.3787276 0.537661534375 0.3719481890625 0.530197409375 0.3622279390625 0.52957539375
11 0.4569691859375 0.5817255609374999 0.46519174531249996 0.5869386015625 0.4707461734375 0.5872940390625 0.47772556718750003 0.586178375 0.48200046875 0.58176506875 0.477961909375 0.576038625 0.4697029890625 0.5723855453125 0.45707826718750005 0.577045675 0.4569691859375 0.5817255609374999
11 0.45363964843750004 0.54557986875 0.4590122765625 0.5537351125 0.46591895 0.5557393703125 0.4785618515625 0.5502992609375 0.4786709328125 0.5456193765624999 0.4718369796875 0.54049519375 0.4593395171875 0.5396954593750001 0.45365782968749996 0.5447998859375 0.45363964843750004 0.54557986875
8 0.2435491859375 0.512020559375 0.2322961703125 0.5360502281249999 0.2293427171875 0.5526816078125 0.238572925 0.5787430328125 0.25007861249999996 0.5989430703124999 0.270680546875 0.6141986 0.30184344375 0.6351753515625 0.318359978125 0.6422392718750001 0.3485431625 0.650178528125 0.3855652984375 0.658314046875 0.4182950703125 0.667137259375 0.44252689375000004 0.6734934953125 0.46570339687500006 0.688432590625 0.470307359375 0.692812590625 0.4818172578125 0.71277230625 0.48528064843749996 0.7293331249999999 0.48639455 0.7366135859375 0.516031346875 0.7313009171875 0.5340308734375 0.7298101296875 0.563284721875 0.7225505609375 0.61034108125 0.70393580625 0.6387284703125 0.6788396078125001 0.6511457265625 0.6599306312500001 0.665904196875 0.632280490625 0.67139305625 0.6170127562500001 0.6748659203125 0.6073817140625 0.66807799375 0.5757116578125 0.6601406703125 0.54925178125 0.6414759906249999 0.5242692124999999 0.6092439359374999 0.49409246875 0.5633116515625 0.4644810125 0.5214438140625 0.44401985 0.47656529687500004 0.42432839843750003 0.4620879875 0.42147957343750003 0.4613708765625 0.433928865625 0.45720846093749995 0.44735830625000006 0.43508562343749996 0.46060079375 0.409370790625 0.462800046875 0.3692247796875 0.4602310328125 0.3396271421875 0.46386362031250006 0.3056630828125 0.47130139687500006 0.28108452968750003 0.47982095312500006 0.2584948609375 0.49471537187500003 0.2435491859375 0.512020559375
7 0.82191481875 0.7391905953125 0.8305819734375 0.7248519296875 0.8046641953125 0.699363040625 0.7683266515625 0.665973196875 0.7286860171875 0.6442875546875 0.7003250765625 0.6586431515625 0.679526490625 0.6734826765624999 0.6664415828125 0.6824330859375001 0.6523212125 0.70323124375 0.6491383515625 0.7098367999999999 0.680218059375 0.7088463625 0.7046379578125 0.7010478046874999 0.7270320828125 0.715246303125 0.756523059375 0.7499001359374999 0.773846484375 0.76220170625 0.82191481875 0.7391905953125