2 0.6352357984375 0.21989349374999997 0.6029537281249999 0.2126297359375 0.3267228140625 0.1861476140625 0.28647775468750003 0.186851521875 0.2824962609375 0.1908353546875 0.228972540625 0.47359352499999996 0.270932578125 0.47990516875000006 0.5663012796875 0.49978984843749996 0.5770397859374999 0.49177363749999997 0.6352357984375 0.21989349374999997
5 0.5625934296875 0.2407350203125 0.5470008421875 0.23396219375 0.5345473546874999 0.23496285156250002 0.5008411640625 0.2269411640625 0.48415167812500004 0.22645023437499998 0.471183015625 0.24624803593750003 0.502222759375 0.256664878125 0.5222331312499999 0.2688403078125 0.5260993843749999 0.2922578515625 0.535995496875 0.2959989578125 0.5334017656250001 0.29995851875 0.5391345953125 0.30377244375 0.586354815625 0.3037293734375 0.592748253125 0.29187496562500004 0.5798584734375 0.2834891859375 0.5800100687499999 0.25687001249999997 0.5558364140625 0.24476740000000002 0.5625934296875 0.2407350203125
10 0.2858041765625 0.44128595 0.29745162812500003 0.4528248125 0.2978152046875 0.46064684375000003 0.3117655265625 0.461968521875 0.3161469546875 0.466588921875 0.35803427656250003 0.4713361625 0.363839825 0.47671449218750006 0.37508734062500004 0.479649121875 0.41273866718749996 0.4829047734375 0.476430225 0.47865941718749994 0.5010826953125 0.4711826796875 0.5108333765624999 0.471794975 0.5236868 0.47939855 0.531904290625 0.4769063046875 0.5299711640625 0.46519753281250004 0.574167525 0.4299796015625 0.5892209109375 0.395271396875 0.588348325 0.3764985234375 0.57323455625 0.35014635 0.57407695 0.3383890328125 0.5612235265625001 0.33078545625 0.57071970625 0.3259223296875 0.5551634765625 0.31993170625 0.5313170406250001 0.314868921875 0.5161971046875 0.3182647328125 0.5000529859375 0.329506846875 0.49654414375 0.34365931875 0.5229054296875 0.3729461234375 0.5279049390624999 0.390863975 0.5139848109375 0.42007248593749996 0.486993109375 0.436984203125 0.4596741890625 0.44685609375 0.40558788281249997 0.44858493125 0.3691061703125 0.44061179062500005 0.35628910625 0.43379041718750005 0.346538425 0.43317812343749995 0.3421569953125 0.42855772343750004 0.2991364171875 0.429310178125 0.2858041765625 0.44128595
9 0.43062243125000005 0.35968626718749996 0.41532070625 0.3591710640625 0.391946921875 0.3642769171875 0.3757664453125 0.374736828125 0.3680579625 0.388179915625 0.3698820171875 0.3975420796875 0.3801053484375 0.4083230125 0.39719476875000004 0.417418175 0.42096848906249995 0.42091655625 0.445875465625 0.41891524062499996 0.4567957625 0.41481004375 0.4703097890625 0.4067452859375 0.4779819140625 0.3925199953125 0.47608514375000005 0.3815934265625 0.4658618125 0.37081249375 0.45023286875 0.3632574625 0.43062243125000005 0.35968626718749996
0 0.49513852500000005 0.2536574296875 0.4810791296875 0.2499891421875 0.47421304218750004 0.2516749109375 0.45547519062499997 0.2668765859375 0.44261560156249996 0.289020996875 0.433083065625 0.293101921875 0.41770245937499995 0.3207703 0.396370875 0.339931534375 0.388953253125 0.3596322453125 0.40801832656250003 0.3514703984375 0.46463181562500006 0.31446960625 0.49465354218749996 0.30298476406249997 0.5203665546875 0.288443928125 0.5243480468749999 0.2844600953125 0.5222331312499999 0.2688403078125 0.510694753125 0.2596480546875 0.49513852500000005 0.2536574296875
1 0.493090159375 0.2693500359375 0.4791398359375 0.26802835625 0.46566216562499996 0.276875315625 0.4660621 0.2854795484375 0.480303284375 0.2930588515625 0.4914053703125 0.2928646703125 0.5049193984375 0.2847999125 0.5045194640624999 0.2761956796875 0.493090159375 0.2693500359375
11 0.32003234687500004 0.221492384375 0.31751133125000003 0.22701635156250002 0.321892759375 0.23163675 0.334346246875 0.23063609375 0.3325221921875 0.2212739296875 0.32003234687500004 0.221492384375
11 0.36011964218750003 0.2771556359375 0.36183462187500004 0.2841711921875 0.37023390312500004 0.2855899609375 0.3770636328125 0.2831219875 0.3739245328125 0.2753485046875 0.36011964218750003 0.2771556359375
11 0.5611144546875 0.328438846875 0.5628294328125001 0.335454403125 0.5727255484375 0.3391955078125 0.5849972484375 0.3342838359375 0.58474274375 0.3288084140625 0.5775857921875 0.32423656093750003 0.5664837078125 0.3244307421875 0.5611144546875 0.328438846875
11 0.5374553343749999 0.4768092140625 0.5470969421875 0.4750748984375 0.5507875734375001 0.4648334421875 0.5340617296875 0.4635603078125 0.5286561203125 0.4667862109375 0.5303347421875 0.47301956250000005 0.5374553343749999 0.4768092140625
11 0.295185115625 0.4638242 0.2926277390625 0.46856596406250006 0.2983969296875 0.473162090625 0.316365103125 0.4712821390625 0.3104141234375 0.4627749984375 0.295185115625 0.4638242
7 0.30511887031249996 0.28156133906249997 0.35257131875000003 0.2899806125 0.37544050625000003 0.28752488125000003 0.38820995625 0.27969625625 0.3729310703125 0.2727699859375 0.3809921703125 0.2578294234375 0.38637196875 0.2244364921875 0.341968821875 0.21884081875 0.34160384062500004 0.21884720156249998 0.32100988125 0.21530182031249998 0.3159694671875 0.2324503875 0.30511887031249996 0.28156133906249997
8 0.318362646875 0.4252131421875 0.3330011125 0.426190078125 0.35699982656249996 0.4323477390625 0.38383706093750003 0.444622959375 0.40677222031250004 0.4514153171875 0.44067243749999996 0.4508223828125 0.47144696562500005 0.445762440625 0.48749708125 0.43787643593750003 0.502023221875 0.42857822656250005 0.516617003125 0.4129065265625 0.52414861875 0.4022918 0.5238358187500001 0.3877035875 0.520290090625 0.3741997875 0.511938296875 0.359340409375 0.5034315625 0.3490062015625 0.4973241796875 0.335341321875 0.49749824687500005 0.331227590625 0.50337003125 0.3241364859375 0.50699740625 0.315850884375 0.4945673453125 0.3074351453125 0.48491850000000003 0.3039042125 0.465034028125 0.299935428125 0.4408121203125 0.29686449062500003 0.4300351421875 0.29508884375 0.414088671875 0.29486595625 0.39294613749999996 0.29523575156250004 0.3700864765625 0.29789641875 0.3500852359375 0.29927411875 0.324164475 0.306715890625 0.30273110625 0.3165459 0.28745869218750003 0.3254461703125 0.2758386734375 0.3344876625 0.2645541703125 0.3507175765625 0.258488453125 0.36932371875 0.2553465203125 0.3880830421875 0.258660103125 0.4122797859375 0.27172020625000004 0.4342503203125 0.283815325 0.44328879375 0.2921819046875 0.43492030000000004 0.318362646875 0.4252131421875
11 0.39870609687499997 0.3829405671875 0.395335121875 0.38015860468749996 0.3879153578125 0.3793748078125 0.3822645328125 0.3818072859375 0.3817859984375 0.386990221875 0.3876286390625 0.38871439375 0.3931872171875 0.38821166093750004 0.3974069609375 0.3860069671875 0.39870609687499997 0.3829405671875
11 0.39965663125 0.407274928125 0.4014094390625 0.4062297109375 0.40434553749999996 0.40354019062499996 0.404496309375 0.4029292875 0.40390935 0.4019249953125 0.400023484375 0.39965931875 0.3939425125 0.40057669999999995 0.39114912031250004 0.4024519203125 0.3910394265625 0.4039764609375 0.39365714375 0.4060607796875 0.39965663125 0.407274928125
11 0.4271197703125 0.4130854765625 0.43197362968749997 0.41289959375 0.43425074218750004 0.4115406828125 0.43833719843749996 0.41035287968749995 0.43823823281249996 0.4082237234375 0.4367143015625 0.40642401406250006 0.42981085312499995 0.40512468906250004 0.42236618125 0.40768952968749994 0.42169916875 0.4088175234375 0.42326552656249994 0.41153006562499994 0.4271197703125 0.4130854765625
11 0.460391765625 0.40053079374999995 0.4623047609375 0.3990772640625 0.46395387499999996 0.395801203125 0.46151514374999997 0.3937129703125 0.4549772015625 0.392508240625 0.4511404484375 0.3952135125 0.4480239390625 0.3979061890625 0.4504626703125 0.399994421875 0.456082471875 0.40080892031250004 0.460391765625 0.40053079374999995
11 0.45155568593749995 0.38089986875 0.45437875468750005 0.379633178125 0.45682213281250006 0.377966834375 0.45136382968750005 0.3728877390625 0.445604621875 0.37298846874999997 0.442114540625 0.37538315624999996 0.440433803125 0.37794895156249997 0.4421287234375 0.3795429140625 0.445631603125 0.381308009375 0.45155568593749995 0.38089986875
11 0.4111815046875 0.3685169703125 0.4087664109375 0.37079186875 0.41012407656249994 0.372899009375 0.4134620390625 0.3749707328125 0.41926228749999994 0.3757828546875 0.42228932343750003 0.375019875 0.42434832499999997 0.372852975 0.4236765421875 0.37002380156250003 0.42384280937499996 0.36971637031250004 0.42272070156249997 0.3688224234375 0.41994613750000004 0.3672481265625 0.41524912656249996 0.36692398593750003 0.4111815046875 0.3685169703125