2 0.4078125 0 0.06484375 0.49305555625 0.04296875 0.5319444437499999 0.0328125 0.5638888890625 0.0265625 0.5958333328125 0.0328125 0.622222221875 0.2984375 0.940277778125 0.31015625 0.9458333328125 0.48203125 0.6958333328124999 0.48203125 0.6875 0.60625 0.5 0.64765625 0.45 0.6546875 0.434722221875 0.65390625 0.41111111093749997 0.6171875 0.3125 0.52890625 0.0375 0.51328125 0 0.4078125 0
10 0.25 0.40833333281249995 0.25078125 0.42222222187499997 0.26484375 0.45277777812500003 0.278125 0.47361111093749997 0.3125 0.46805555625000006 0.33359375 0.44166666718750003 0.34375 0.40833333281249995 0.34453125 0.3611111109375 0.34921875 0.35694444375 0.3515625 0.3361111109375 0.35859375 0.325 0.36015625 0.3111111109375 0.37734375 0.28055555625 0.4125 0.240277778125 0.46640625 0.2236111109375 0.50078125 0.2416666671875 0.528125 0.28194444375 0.54609375 0.34305555625 0.5484375 0.41944444374999995 0.56171875 0.44305555625000004 0.57109375 0.45 0.590625 0.4486111109375 0.6078125 0.3986111109375 0.603125 0.384722221875 0.60234375 0.35972222187499997 0.6078125 0.34722222187499996 0.59375 0.2958333328125 0.59140625 0.259722221875 0.5953125 0.2486111109375 0.4953125 0.0513888890625 0.46875 0.030555556249999997 0.45390625 0.040277778125000004 0.453125 0.0888888890625 0.43828125 0.10833333281249999 0.415625 0.102777778125 0.4 0.1111111109375 0.36875 0.13333333281249998 0.3375 0.172222221875 0.321875 0.19583333281249998 0.29765625 0.2513888890625 0.28046875 0.315277778125 0.259375 0.35 0.25078125 0.352777778125 0.2640625 0.3611111109375 0.26796875 0.377777778125 0.2640625 0.3916666671875 0.25 0.40833333281249995
5 0.1625 0.6708333328125 0.1828125 0.7125 0.196875 0.7263888890625 0.23359375 0.690277778125 0.23515625 0.68194444375 0.2296875 0.652777778125 0.21875 0.6347222218749999 0.2171875 0.6166666671875001 0.2203125 0.5736111109375 0.22890625 0.559722221875 0.23984375 0.525 0.2390625 0.4861111109375 0.22890625 0.47083333281249995 0.2234375 0.46944444374999994 0.19765625 0.43055555625 0.1765625 0.447222221875 0.1640625 0.522222221875 0.15078125 0.5708333328124999 0.1484375 0.6041666671875 0.1421875 0.6208333328125 0.1453125 0.652777778125 0.1625 0.6708333328125
0 0.2765625 0.652777778125 0.3296875 0.6125 0.36796875 0.5736111109375 0.40546875 0.5527777781250001 0.421875 0.527777778125 0.421875 0.5208333328125 0.4109375 0.5166666671875 0.30390625 0.54444444375 0.25078125 0.55 0.23125 0.5722222218749999 0.2265625 0.5958333328125 0.23359375 0.6388888890625 0.2578125 0.652777778125 0.2765625 0.652777778125
9 0.45859375 0.5013888890625 0.47890625 0.48333333281249996 0.496875 0.4458333328125 0.50234375 0.40833333281249995 0.5 0.3736111109375 0.48828125 0.34305555625 0.4671875 0.3166666671875 0.4375 0.32083333281250004 0.421875 0.33055555625 0.40546875 0.35694444375 0.39453125 0.4166666671875 0.3953125 0.44305555625000004 0.41484375 0.4875 0.43515625 0.5041666671875 0.45859375 0.5013888890625
11 0.484375 0.08333333281250001 0.48828125 0.061111110937500004 0.4828125 0.0458333328125 0.4734375 0.0416666671875 0.46484375 0.054166667187499996 0.4640625 0.07638888906249999 0.46875 0.0861111109375 0.478125 0.0888888890625 0.484375 0.08333333281250001
11 0.26640625 0.3875 0.265625 0.3708333328125 0.25703125 0.3583333328125 0.246875 0.35972222187499997 0.240625 0.36944444375 0.24140625 0.3916666671875 0.2484375 0.40277777812500004 0.25625 0.40277777812500004 0.26640625 0.3875
11 0.6234375 0.375 0.61796875 0.352777778125 0.61015625 0.3541666671875 0.6046875 0.3638888890625 0.60390625 0.377777778125 0.61015625 0.3888888890625 0.6171875 0.3875 0.6234375 0.375
11 0.32421875 0.8222222218749999 0.31796875 0.80694444375 0.3125 0.80694444375 0.30625 0.8166666671874999 0.30625 0.8291666671875 0.31015625 0.8361111109375001 0.3203125 0.8333333328125001 0.32421875 0.8222222218749999
11 0.3484375 0.6958333328124999 0.353125 0.6875 0.353125 0.6763888890625 0.34765625 0.66944444375 0.34140625 0.66944444375 0.33515625 0.6805555562500001 0.3359375 0.6888888890625 0.34140625 0.6986111109375 0.3484375 0.6958333328124999
1 0.25234375 0.60555555625 0.25234375 0.6138888890625 0.26171875 0.625 0.27578125 0.622222221875 0.2875 0.602777778125 0.28671875 0.5875 0.2828125 0.58194444375 0.27890625 0.5833333328125 0.2765625 0.5763888890625 0.2703125 0.575 0.26484375 0.575 0.2609375 0.5763888890625 0.25234375 0.590277778125 0.25 0.602777778125 0.25234375 0.60555555625
11 0.4390625 0.372222221875 0.4421875 0.3611111109375 0.440625 0.352777778125 0.43671875 0.34861111093749997 0.43203125 0.34861111093749997 0.428125 0.3611111109375 0.4296875 0.36944444375 0.43359375 0.3736111109375 0.4390625 0.372222221875
11 0.42109375 0.4236111109375 0.42265625 0.4138888890625 0.4203125 0.40555555625000006 0.41640625 0.40416666718750005 0.415625 0.40277777812500004 0.409375 0.4125 0.41171875 0.4236111109375 0.415625 0.427777778125 0.42109375 0.4236111109375
11 0.48984375 0.415277778125 0.48984375 0.40833333281249995 0.48359375 0.40277777812500004 0.48203125 0.4 0.4765625 0.40833333281249995 0.48125 0.4236111109375 0.4875 0.42083333281249996 0.48984375 0.415277778125
11 0.47578125 0.35694444375 0.47109375 0.35 0.4671875 0.35 0.4625 0.3611111109375 0.46875 0.3736111109375 0.47578125 0.36666666718749996 0.47578125 0.35694444375
11 0.43125 0.477777778125 0.43671875 0.47361111093749997 0.43984375 0.46527777812500004 0.434375 0.45277777812500003 0.4296875 0.45277777812500003 0.425 0.4611111109375 0.425 0.46666666718750005 0.4265625 0.47361111093749997 0.43125 0.477777778125
11 0.4671875 0.47361111093749997 0.471875 0.46666666718750005 0.471875 0.45416666718750004 0.46640625 0.4486111109375 0.465625 0.4486111109375 0.4578125 0.45416666718750004 0.45625 0.4611111109375 0.4625 0.47361111093749997 0.4671875 0.47361111093749997
8 0.57153828125 0.5139638890625 0.58836015625 0.468684721875 0.5902828125 0.454159721875 0.5777859375000001 0.45373333281250006 0.56408828125 0.4498888890625 0.549428125 0.42810277812499997 0.5455828125 0.402472221875 0.5455828125 0.36231805625 0.54005546875 0.33284305625 0.53044296875 0.2990958328125 0.5203492187500001 0.274747221875 0.50400703125 0.2525333328125 0.48574296875 0.238009721875 0.46098984375 0.22733055625 0.4441671875 0.22476805625 0.41869296875 0.23459305625 0.3992265625 0.2465541671875 0.3852875 0.267484721875 0.36630234375000004 0.2990958328125 0.36029453125 0.31575555624999996 0.3542859375 0.346084721875 0.34851875 0.3832486109375 0.3417890625 0.4161416671875 0.3369828125 0.44049027812499997 0.323525 0.463984721875 0.3194390625 0.468684721875 0.30021328125 0.48064444375 0.283871875 0.4844888890625 0.27666171875 0.4857708328125 0.283871875 0.5152458328125 0.28651484374999997 0.5331875 0.29564765625 0.562234721875 0.31727656249999997 0.608797221875 0.34419296875 0.6365638890625 0.36389921875 0.648525 0.39249765625 0.6626208328125001 0.40811875000000003 0.667747221875 0.4179733625 0.6709914218749999 0.44921328125000004 0.663475 0.47516875000000003 0.6549319437500001 0.49896015625 0.635709721875 0.527078125 0.6028166671874999 0.55375390625 0.5562541671875 0.57153828125 0.5139638890625
7 0.36535546874999997 0.7656958328125001 0.38450703124999996 0.7256013890624999 0.368334375 0.6976111109375001 0.35216171875 0.677184721875 0.34237265625 0.664325 0.32066796875 0.65070694375 0.3138578125 0.64768194375 0.3168375 0.6786986109375001 0.3262 0.70290555625 0.3134328125 0.7256013890624999 0.28066171875 0.7558611109375 0.2694671875 0.7734486109375001 0.2955578125 0.82091944375 0.310453125 0.8292416671874999 0.33428671875 0.8027638890625 0.36535546874999997 0.7656958328125001