2 1 0.6759110421875001 0.930600046875 0.5123195890625001 0.856991875 0.340613184375 0.8349870906250001 0.3046458453125 0.8017815953125 0.317200134375 0.5150339125000001 0.5172920671875 0.5193048546875 0.543458753125 0.540209034375 0.606479703125 0.6628697406249999 0.95394703125 0.676614221875 0.9799637984375 0.68658995 0.9783166515625 0.8688400406250001 0.8520512765625 1 0.7541632500000001 1 0.6759110421875001
5 0.9174843734374999 0.7351174984375 0.9406015062499999 0.7072572375 0.9383111640624999 0.67086335625 0.9445462984375 0.6457905765625 0.9165950531249999 0.5627185609375001 0.9111671906250001 0.5551289265625 0.8840442859375001 0.558193028125 0.880737815625 0.5615675984374999 0.882971840625 0.5894849203125 0.8908425875000001 0.6178858390624999 0.891039696875 0.6475537953125 0.8852504359375001 0.6626527906249999 0.8682158937500001 0.6810228640625 0.8662352953125 0.691250059375 0.86891519375 0.7091935921875 0.9005624640625 0.7704406921875 0.9158815796875001 0.7636683375 0.9174843734374999 0.7351174984375
0 0.72086099375 0.58655143125 0.74529225 0.6023177875 0.8097390515624999 0.628448671875 0.8704053515625001 0.6636896343750001 0.8852222781249999 0.6584145125 0.8879420843749999 0.6438223328125 0.8862665640625 0.622884340625 0.8808786078124999 0.582758996875 0.8518713281249999 0.5719911421874999 0.7871290875 0.5784381609375 0.74792758125 0.5750107703125 0.72086099375 0.58655143125
1 0.8750212828124999 0.626155421875 0.8718110359375 0.6054708375 0.8619878484375001 0.5915353921875 0.846347240625 0.5884606609375 0.8400276328125 0.600818603125 0.8445637500000001 0.6283558124999999 0.856954203125 0.6432816734375 0.869232021875 0.6412544140625 0.8750212828124999 0.626155421875
10 0.628070965625 0.68814539375 0.6148521703125 0.587083415625 0.6070659 0.5713973343750001 0.59210818125 0.555481059375 0.5920800234375 0.5512427796875 0.57823931875 0.549285165625 0.5658934343750001 0.57960985625 0.5969187953125 0.73996131875 0.6241989 0.799100884375 0.6477384109375001 0.83481481875 0.6626961296875 0.850731090625 0.6669952296874999 0.8811360562500001 0.67525553125 0.8910866296875 0.6772642906249999 0.8850977140625 0.70568490625 0.8846479578125 0.755732496875 0.9018418984375 0.7797577859375 0.89504633125 0.8049963140624999 0.8781502718749999 0.8217656812499999 0.8584096750000001 0.8311265859375 0.8413066375 0.8401378421875 0.8101182359375001 0.8513268046875 0.798370596875 0.86184463125 0.7626905093749999 0.8677183656249999 0.7603063546875 0.8458098062499999 0.7002798625 0.818337253125 0.6892585999999999 0.8035203281250001 0.694533725 0.7974377359375 0.7040239125000001 0.79229145625 0.7388170734374999 0.782275821875 0.772999934375 0.7606934140625 0.8006067874999999 0.7387332015625 0.80989 0.7092518890624999 0.8048576531249999 0.694587503125 0.7945501828125 0.6670023171875 0.7665758031250001 0.6444953453125 0.73210569375 0.6366809156250001 0.7121813312499999 0.628070965625 0.68814539375
7 0.781156571875 0.488908496875 0.7881191640625 0.49624472343750003 0.79954514375 0.4816293296875 0.8090468390625001 0.48571769062500003 0.8490741343750001 0.459308228125 0.8292306500000001 0.40176937968750004 0.812794521875 0.39458307187499997 0.8068363109375 0.3842523875 0.75860503125 0.4091878359375 0.755620053125 0.42240948906250003 0.781156571875 0.488908496875
11 0.810729446875 0.392095428125 0.8174268625 0.39806112968749996 0.8217658703125 0.3959303828125 0.8219184109375 0.3803477890625 0.816755721875 0.37412867968749997 0.8096124343750001 0.3781367671875 0.810729446875 0.392095428125
11 0.78006771875 0.47918811562499997 0.7873517999999999 0.4963714265625 0.7942299140625 0.49099281406250006 0.7936432484375 0.4797752046875 0.7902804609375 0.47467321250000005 0.7843785671875 0.4728190875 0.78006771875 0.47918811562499997
11 0.8730500062500001 0.791955140625 0.8714308031250001 0.779493709375 0.8631423421875001 0.7653048546875 0.8552035312499999 0.7652013671875 0.8514230296875 0.7743114453125 0.8535725796875001 0.7895139265625 0.8602981546875 0.7997179078125 0.8690043296875001 0.79969469375 0.8730500062500001 0.791955140625
11 0.6839053890625 0.88258685625 0.6783531453125 0.8948180953125 0.6810048859375 0.9085233484374999 0.689028171875 0.9213416765625 0.6969669828125 0.921445165625 0.7015148484375 0.912208384375 0.6982764421875001 0.8872855203125001 0.6839053890625 0.88258685625
11 0.5514543171875 0.6032086234375 0.5581798890624999 0.613412603125 0.567094921875 0.60628335625 0.5662430828125 0.593695221875 0.5597826828125 0.584861765625 0.5506024765624999 0.5906204890625 0.5514543171875 0.6032086234375
9 0.752175025 0.6747254359375 0.745545675 0.6404623046875 0.732038209375 0.6115777828125 0.7168153187499999 0.5942909843749999 0.700114015625 0.5857341500000001 0.6814321125 0.5874045125 0.6720148921875 0.5960309890625 0.662445128125 0.620240059375 0.66131636875 0.6430553906250001 0.66561546875 0.67346035625 0.678090396875 0.7011010546875001 0.699006325 0.7273480140624999 0.7146750890625 0.7346610250000001 0.731557090625 0.7318735453125 0.7430112296875 0.7214964312500001 0.7503070593750001 0.70190575 0.752175025 0.6747254359375
11 0.696076984375 0.621561878125 0.6974084078125 0.6211949515625 0.700004990625 0.6168853515625 0.6988876171875 0.6046069484375 0.6932760140625 0.6004264390625 0.6889060546875 0.605028853125 0.6894495625 0.6143372 0.6921379765625 0.6181843171875 0.696076984375 0.621561878125
11 0.681225884375 0.650484246875 0.6832364531249999 0.6472345484375001 0.68265908125 0.6383405296875 0.676958384375 0.6319273937500001 0.6739582937499999 0.631196546875 0.6713059375 0.6381728468750001 0.6723062515625 0.643932221875 0.6746659515625 0.6484460109375 0.681225884375 0.650484246875
11 0.6863570421875 0.69350606875 0.689292953125 0.695677378125 0.6937315296875 0.695968459375 0.6955243515625 0.6930135359375 0.694532175 0.688479021875 0.6922748390625 0.6827221265625 0.6879250796874999 0.679149321875 0.68316865625 0.6811608890625 0.6833709906250001 0.6892993625 0.6863570421875 0.69350606875
11 0.7216759421875001 0.71414741875 0.7237833078125 0.7108209249999999 0.7236487031250001 0.7018537968749999 0.717990775 0.69625106875 0.7146067 0.6988520968749999 0.7131133234375 0.70768070625 0.7142035421874999 0.710360428125 0.7184427999999999 0.713951478125 0.7216759421875001 0.71414741875
11 0.731679121875 0.68071054375 0.7353304781250001 0.6848073984374999 0.73948373125 0.6827766234375 0.74058215625 0.679445590625 0.73875945 0.672390721875 0.73651915625 0.6690834234375 0.732467034375 0.6658702125 0.7303392140625 0.6684688875 0.73020140625 0.6754387296875 0.731679121875 0.68071054375
11 0.7182570734375 0.6202049265625 0.7171295671875 0.6285629765625 0.718909503125 0.6348074375 0.7211925671875 0.6389251421875 0.7251772453124999 0.6400421703125 0.7264088015625 0.6392900671875 0.7288136640625 0.6339895765625 0.727771346875 0.627419665625 0.7250027421875 0.62256465625 0.7222458296875 0.6195463218749999 0.7182570734375 0.6202049265625
8 0.6437066515625001 0.7306405765624999 0.68294325 0.7857933781249999 0.71468579375 0.8022180015625 0.752590475 0.8017382203125001 0.7771920921875 0.779860053125 0.793814115625 0.73763363125 0.7982823640625 0.702229709375 0.8215266234374999 0.685872253125 0.840326221875 0.6952876171875 0.8369213343749999 0.6554048031249999 0.8334003546875 0.6372069671875 0.8117756796875 0.5722712046875 0.807237046875 0.5563034625000001 0.7939443515625 0.536350203125 0.7674690656250001 0.49979580468749996 0.7316822000000001 0.465259759375 0.6967474453125 0.4406939140625 0.66835410625 0.4429749390625 0.6175608640625 0.45762001249999995 0.591498246875 0.49562776875000003 0.5756498609375 0.536282440625 0.5784194921875 0.5464183109375 0.5928210921875 0.5498178390625 0.604165984375 0.5652784 0.6208477703125 0.6097095921875 0.6264738140625 0.642965925 0.6336414078125 0.6981172265625 0.6437066515625001 0.7306405765624999