2 0 0.4790868328125 0.32510040625 0.6078193656249999 0.3486227 0.608549884375 0.70209 0.33626968281249997 0.70763719375 0.32639801562500004 0.69792565625 0.316328903125 0.4938902234375 0.2150355609375 0.4596057625 0.2018075 0.36885924375 0.15503546562499998 0.3500131203125 0.15067217500000002 0.3322883421875 0.1581845046875 0 0.4124514046875 0 0.4790868328125
5 0.0844289421875 0.47032658281249995 0.13223008593750002 0.49622987656250006 0.14545829375 0.5010176453125 0.1776796609375 0.4991617921875 0.192541040625 0.49225163125 0.1977616015625 0.48471955 0.1927262328125 0.4710176671875 0.17768525156249998 0.4692605 0.1648925578125 0.461353284375 0.157429303125 0.44513412499999994 0.155763565625 0.4371578125 0.17302026718750002 0.4130906890625 0.1642886296875 0.39600282343750004 0.10278560781249999 0.378658259375 0.08473419531250001 0.3885101734375 0.0906024359375 0.40620021250000005 0.0783103828125 0.43452202812499996 0.0844289421875 0.47032658281249995
0 0.2863854890625 0.44715789843750003 0.3803006625 0.41151135468750005 0.38595673750000004 0.40085982500000006 0.379723709375 0.3957364234375 0.36435609375 0.3963188421875 0.292880025 0.41059323281250004 0.1688503296875 0.423051203125 0.1576470609375 0.4435744 0.1704015984375 0.4617086671875 0.1859488109375 0.4697935765625 0.23843171875000002 0.46216280625 0.256374253125 0.45309075312499997 0.2863854890625 0.44715789843750003
1 0.201681215625 0.4566445203125 0.2183172125 0.456930809375 0.23934090000000002 0.4456968609375 0.239270178125 0.436249671875 0.22118620312499998 0.42642734843749996 0.20317294531250002 0.42605221249999997 0.18523041406250002 0.4351242671875 0.18877964375 0.449517165625 0.201681215625 0.4566445203125
9 0.3604095046875 0.37481834062499997 0.384002521875 0.3849960484375 0.41292497812500006 0.38686181249999996 0.4460173703125 0.37876706250000003 0.462909278125 0.3672665765625 0.47164650625000004 0.3544531546875 0.47266456718749994 0.337207346875 0.4632796625 0.3247986484375 0.44033991562499997 0.3099417703125 0.4134479890625 0.30348568125000003 0.38293051562499997 0.3030907953125 0.3612917140625 0.30877686249999997 0.3414275296875 0.32165938125000004 0.334503075 0.331442203125 0.3335938921875 0.3479081484375 0.3439205453125 0.3635251390625 0.3604095046875 0.37481834062499997
11 0.3373598921875 0.559823309375 0.3372891703125 0.5503761203125 0.319275915625 0.5500009859375 0.3157592484375 0.555282328125 0.32050613906250003 0.5610967453125 0.3373598921875 0.559823309375
11 0.33030517656249997 0.490909171875 0.3440777765625 0.49179762968749996 0.3481388328125 0.4826169796875 0.3304522125 0.4799022578125 0.33030517656249997 0.490909171875
11 0.1730314515625 0.3532881078125 0.1636465453125 0.3408794125 0.154005725 0.340257490625 0.1422255 0.3450057578125 0.141354475 0.35124465312500003 0.1501242671875 0.3581054703125 0.1651652484375 0.35986263749999997 0.1730314515625 0.3532881078125
11 0.37290911718749997 0.205657396875 0.370519390625 0.19291306875 0.35431890625 0.18950733125000002 0.3412703 0.193386890625 0.3374269984375 0.2010078171875 0.3416294984375 0.21072154375 0.3454346421875 0.21332766718750001 0.37290911718749997 0.205657396875
11 0.61677620625 0.310307134375 0.6247131296874999 0.3131797953125 0.6360578421875 0.3115509765625 0.6411695265625 0.30479875624999997 0.6352631296875 0.29733576875 0.6230855484375 0.2949764328125 0.6143864765625 0.29756280625 0.610869809375 0.30284414531250003 0.61677620625 0.310307134375
10 0.6008697921875 0.284887571875 0.53226830625 0.23875721093750002 0.5113209328125 0.22953705625 0.398859296875 0.20890519218749998 0.388423765625 0.194068065625 0.3733827875 0.1923108984375 0.359533875 0.211876540625 0.3405407171875 0.2185201625 0.29240734375 0.22485774531249997 0.2557982859375 0.23823383593749997 0.21491041093750002 0.26235030312499996 0.1868152328125 0.29437398593749997 0.165785953125 0.3355092234375 0.1574079234375 0.365657303125 0.1699828625 0.37512424218749996 0.2003532984375 0.386526040625 0.23989647656250002 0.38199496875 0.26037577343749996 0.3746603296875 0.2646601796875 0.33401866406249997 0.2771699890625 0.304137125 0.3081992890625 0.2809584609375 0.38170588437499997 0.26209374531249996 0.4420875578125 0.2675626875 0.49775490468749994 0.28689145625 0.5255122671875 0.317009940625 0.5546850421875 0.336990221875 0.6166617343749999 0.3409882859375 0.628518275 0.31578591875 0.6115938 0.30761216406249997 0.6095307062499999 0.29252824843749997 0.6008697921875 0.284887571875
7 0.3090454125 0.5588285046875 0.3377151671875 0.5626735093749999 0.3586392765625 0.553476678125 0.394668203125 0.529862765625 0.4025906359375 0.5055759234375 0.3680776984375 0.4930885328125 0.3506495765625 0.4808479265625 0.3320002390625 0.47736447968749995 0.3213210453125 0.481681740625 0.297310625 0.5022049875000001 0.2745611453125 0.517269903125 0.259022553125 0.5347939546875 0.3090454125 0.5588285046875
11 0.43932727031249996 0.3395113421875 0.44238046875 0.3432233203125 0.449551596875 0.3441257921875 0.455962 0.34269328906249996 0.457445446875 0.3387467546875 0.45535984375 0.33588801562500004 0.44867123593749997 0.332644209375 0.444640803125 0.33370224375 0.43932727031249996 0.3395113421875
11 0.4090255671875 0.3189176453125 0.4121387875 0.32185132968749997 0.41880695156250003 0.3241267359375 0.4259788875 0.32168893125000003 0.42657082968750004 0.3185638359375 0.42370462968749995 0.3157420875 0.4157756984375 0.314703384375 0.41298999687500004 0.3157543703125 0.4090255671875 0.3189176453125
11 0.3818284390625 0.3220930203125 0.38028179375 0.3209380328125 0.3777552484375 0.3190179328125 0.371421740625 0.3187848390625 0.3665268359375 0.32049058124999996 0.36475601874999997 0.32204611875 0.3657242953125 0.32623894375 0.371138178125 0.3286096984375 0.37631347187499997 0.32824007499999996 0.3774915546875 0.3264708265625 0.3808967296875 0.32431724375000004 0.3818284390625 0.3220930203125
11 0.363587325 0.343765096875 0.3596350546875 0.3431584015625 0.35571542031250003 0.3434327625 0.35337890625 0.34460085625 0.3503861296875 0.34804084375 0.3527063359375 0.350533078125 0.36099931406249997 0.3522987390625 0.367279740625 0.3506823765625 0.3694222796875 0.347569178125 0.3671108515625 0.3452230859375 0.363587325 0.343765096875
11 0.3963317515625 0.3638931578125 0.39140804687499997 0.363575534375 0.385294065625 0.3651145046875 0.3827981921875 0.3674140875 0.3827053734375 0.3703085609375 0.38600180625 0.3722783265625 0.39362223125 0.37329712812500004 0.3979462234375 0.3723461625 0.40034870624999996 0.36960068437500004 0.3984819484375 0.3651744234375 0.3963317515625 0.3638931578125
11 0.43150122656249995 0.35886748281249997 0.42809988906249996 0.35987875625 0.42563117031250003 0.364074125 0.42792134062500004 0.366721796875 0.4315369859375 0.36862480937500003 0.4371653078125 0.3672299875 0.44089107343749995 0.3650097421875 0.442110846875 0.36183701562500004 0.4377253109375 0.3598843375 0.43150122656249995 0.35886748281249997
8 0.3912683453125 0.2582403140625 0.33714246875 0.2652268671875 0.2965041734375 0.2825489375 0.2827174453125 0.30430692187499997 0.2684458453125 0.3338080546875 0.2716526078125 0.353620175 0.263766725 0.380153571875 0.219749815625 0.387454671875 0.2087693140625 0.3891124921875 0.2181906046875 0.402902946875 0.2282665796875 0.412004090625 0.2944835421875 0.44816974062500003 0.337069728125 0.45823340156250003 0.3953674265625 0.4684167 0.48118928125 0.46110787656249996 0.5318258859375 0.44916311875000003 0.57678020625 0.4223172359375 0.602531003125 0.3918663859375 0.6119417265625 0.35867121874999996 0.6078009703125 0.34555898281249997 0.581976371875 0.3465975859375 0.553288984375 0.33393045625 0.5362975343749999 0.32303133125 0.517018278125 0.3028583234375 0.50091538125 0.28559474375 0.4615268046875 0.2725748640625 0.425222440625 0.2631344046875 0.3912683453125 0.2582403140625