2 0.35548748125 0 0.34718564218750003 0.0016937406249999999 0.156921828125 0.13556541718749998 0.00399855 0.250636046875 0 0.26080125625 0 0.26270497812500004 0.003006115625 0.28578486875000003 0.0734403625 0.47829724375 0.13603109062500002 0.64724848125 0.1557256 0.682370315625 0.189722265625 0.66844505 0.4891700140625 0.45638351874999994 0.48657545625000004 0.4303536375 0.469712703125 0.36809484531250003 0.36933724687499997 0.0251314484375 0.3574346515625 0 0.35548748125 0
5 0.1008112859375 0.25464783125 0.07591957031249999 0.283489753125 0.0758796765625 0.3198420921875 0.0680420859375 0.34520463125 0.0906659171875 0.42725585468749994 0.095605984375 0.43463510625 0.12291490624999998 0.4304613953125 0.126436134375 0.4269472859375 0.1259897828125 0.399081275 0.1199397625 0.37096066875 0.12164161874999999 0.341258528125 0.12839513125 0.3259021375 0.146599103125 0.306811771875 0.1492335546875 0.2964893125 0.147703125 0.27862945156249996 0.119987746875 0.2185848125 0.10424087343749999 0.22599105156250002 0.1008112859375 0.25464783125
0 0.2878525078125 0.395412978125 0.264439471875 0.38061975000000003 0.20168917031250003 0.357077865625 0.1433010515625 0.3242588859375 0.128152009375 0.3301452984375 0.124499246875 0.34486907499999997 0.12483401093749999 0.365768584375 0.1276517453125 0.4057314703125 0.1559590296875 0.41533261093749996 0.221089803125 0.40623819531249994 0.2600573421875 0.408073015625 0.2878525078125 0.395412978125
1 0.13628446875 0.36203460781249996 0.1381696078125 0.382617809375 0.1470972015625 0.39617279375000003 0.1625351875 0.39861455156250003 0.1696434109375 0.3859815015625 0.1668714953125 0.3585899515625 0.15544098281250002 0.3441477578125 0.1430379828125 0.34667821875 0.13628446875 0.36203460781249996
10 0.38711048593749997 0.28989328593749997 0.39385590625 0.390560415625 0.40063529375 0.40595153125000005 0.41456872499999997 0.4212809328125 0.4143256015625 0.425524096875 0.4280358546875 0.42692049218749994 0.44231806875 0.396049559375 0.421567521875 0.23673418750000003 0.398082790625 0.17862211875 0.37683790781250004 0.14381659062500002 0.36290447812500004 0.128487190625 0.3605530421875 0.09821414687499999 0.3529327 0.0885860171875 0.3505413703125 0.0946653125 0.3221025515625 0.0962738375 0.2731740921875 0.08109485 0.2487228 0.088879109375 0.22241224218750003 0.10682767343749999 0.20438562500000002 0.1272797078125 0.1939335296875 0.14478853593750002 0.182929421875 0.176388525 0.17099272031249999 0.188608828125 0.1581951140625 0.224768284375 0.15217096875 0.227395184375 0.1702293875 0.2866143296875 0.196986296875 0.296531778125 0.2121353375 0.2906453625 0.2188230828125 0.28089380625000004 0.226194375 0.24584142656250002 0.238394146875 0.21120179062500002 0.2617354890625 0.182676175 0.28428169531249997 0.17248488281250002 0.3134299359375 0.1763230375 0.32742913125 0.18604760625 0.35321355312499997 0.21293770781250002 0.373505890625 0.24653971874999997 0.38004215625 0.2661739984375 0.38711048593749997 0.28989328593749997
7 0.221329765625 0.49565188281249994 0.2148393203125 0.48858893906249995 0.202482140625 0.5036907359375 0.1932456578125 0.499983746875 0.15154293593749998 0.5280618890625 0.16769626875000002 0.5848740015625 0.18366631718749998 0.59140076875 0.188961096875 0.6015033578125 0.23877040468750002 0.5745670203125 0.24260052031249998 0.5612049156250001 0.221329765625 0.49565188281249994
11 0.185571403125 0.5938078015625 0.17925831406249998 0.588106528125 0.17478454375000002 0.5904171203125 0.1736347 0.606028103125 0.17839741250000002 0.6120456843750001 0.185794578125 0.60774080625 0.185571403125 0.5938078015625
11 0.2217960625 0.5053417265625 0.21561450781249997 0.4884307859375 0.20839469843749997 0.49409733281249996 0.20826316406249998 0.5053069984375 0.211298146875 0.51027921875 0.21707917031249999 0.5118954828125 0.2217960625 0.5053417265625
11 0.1488669890625 0.19591862499999999 0.1496879984375 0.2083318078125 0.1570652171875 0.2222031 0.1649944484375 0.22198323125 0.1693566296875 0.21270613593749998 0.1681809125 0.1975696140625 0.1621109453125 0.187625178125 0.1534065265625 0.18800319999999998 0.1488669890625 0.19591862499999999
11 0.3437420375 0.09745036562500001 0.3500750734375 0.08497546875 0.34830152187499996 0.0713587703125 0.34110165625 0.0588491484375 0.3331724265625 0.059069015625 0.3280350546875 0.0685042640625 0.32967707343749997 0.0933306296875 0.3437420375 0.09745036562500001
11 0.45826224375 0.371828821875 0.45219227812499996 0.3618843859375 0.44282425937500003 0.36938706250000003 0.4428700796875 0.3819583984375 0.448762690625 0.390541165625 0.458308065625 0.3844001578125 0.45826224375 0.371828821875
9 0.26219369531250003 0.3083895375 0.266627571875 0.34243128125 0.2782812609375 0.37080648125 0.2923920453125 0.387497553125 0.30853945 0.395385990625 0.3273213078125 0.3929519703125 0.33728715781249996 0.38392946875 0.3484028546875 0.359295984375 0.35099148593749996 0.336402190625 0.34864005 0.3061291453125 0.337938903125 0.27895746250000003 0.31871069531249996 0.253525471875 0.3035158328125 0.24684055 0.2864617046875 0.2503199328125 0.274347646875 0.26117856562499997 0.2658006375 0.281094425 0.26219369531250003 0.3083895375
11 0.314868125 0.3593427703125 0.3135137125 0.35976447500000003 0.3106422609375 0.36418601875 0.3109733421875 0.3764363609375 0.3163152828125 0.3803941484375 0.3209781921875 0.3756071109375 0.321030665625 0.366307665625 0.31858948593749997 0.3625646265625 0.314868125 0.3593427703125
11 0.331564865625 0.32977406875000004 0.32934704843749996 0.333110321875 0.329354946875 0.34199346875000003 0.3346430484375 0.3481834296875 0.33759524375 0.3487930640625 0.3406931296875 0.3416987546875 0.34006181562500004 0.335971946875 0.3379918984375 0.331547890625 0.331564865625 0.32977406875000004
11 0.329189221875 0.2869001203125 0.326393378125 0.2848453578125 0.321975084375 0.2847347328125 0.3199938015625 0.2877669171875 0.32069537656249997 0.292267453125 0.3225834046875 0.29794055468749997 0.32670286718749997 0.3013411921875 0.33158626875 0.299132940625 0.33190491093749996 0.29099113125 0.329189221875 0.2869001203125
11 0.29520461875000004 0.2676686296875 0.292885125 0.27108573125 0.292445740625 0.280060134375 0.297742959375 0.28544027656250004 0.3012922546875 0.282697646875 0.30335014843749997 0.2737956203125 0.30243185 0.2711565109375 0.29842401406249996 0.2677331 0.29520461875000004 0.2676686296875
11 0.28306504375 0.3015607109375 0.279677265625 0.29760681875 0.27539557812500004 0.2998097265625 0.2740843609375 0.3031902609375 0.27545484375 0.31018089375 0.2774826203125 0.31340160625 0.281327571875 0.3164542671875 0.283620928125 0.3137651875 0.2842047859375 0.3067798109375 0.28306504375 0.3015607109375
11 0.29260944375000003 0.361605484375 0.2942714859375 0.3531895953125 0.2928918875 0.34700878125 0.2908732265625 0.34297825 0.28696152812500003 0.3420220078125 0.285682290625 0.342825365625 0.28293906875 0.34823139687500004 0.283560490625 0.3547681828125 0.2860173203125 0.35951728125 0.28858001875 0.3624275671875 0.29260944375000003 0.361605484375
8 0.37420051718749997 0.24797478125 0.338508571875 0.194342375 0.307829103125 0.179187875 0.26990782812499997 0.1812129421875 0.24391506562499998 0.2041247484375 0.2245965359375 0.24708860000000002 0.21786393125 0.28272498281249997 0.193581371875 0.3000529109375 0.17539140312499998 0.291390225 0.1762423296875 0.33119104374999997 0.1785972515625 0.34927129843750004 0.1960576734375 0.413418265625 0.1995726046875 0.42922378281249995 0.2115832453125 0.4486637640625 0.235709015625 0.4841913203125 0.26927208281250004 0.5173182093750001 0.302621496875 0.5404954328125 0.331150259375 0.53705414375 0.38286194375 0.5203184249999999 0.41134753437500005 0.48119454062499994 0.42979211250000005 0.4398362015625 0.42767225625 0.42979876875 0.41349360468749996 0.4269812625 0.4031424875 0.4119610015625 0.3893107234375 0.368146359375 0.3858153390625 0.3350719640625 0.3821803625 0.2801342578125 0.37420051718749997 0.24797478125