2 0.6344745078125 0.65380705 0.6431270171875 0.6441814031249999 0.6833067203125001 0.4542906765625 0.6953921515625 0.39190486562500004 0.69004325 0.37100046875000003 0.463336859375 0.24886723437499997 0.46019490156250004 0.251609625 0.41254571406249996 0.5164451718749999 0.4202632109375 0.5332087015625 0.6344745078125 0.65380705
5 0.6405346609375 0.552445771875 0.643765525 0.5344201749999999 0.6431618890624999 0.5038446624999999 0.6212974984375 0.5008112671875 0.61249950625 0.5354458 0.591319578125 0.5490940921874999 0.56790845625 0.5432637453125 0.5569116015625 0.552862109375 0.5560816609375 0.5611893109375 0.5629368828125 0.5918375734375 0.5683746921874999 0.5974587625 0.58864385625 0.6060315000000001 0.6019850531250001 0.5964604171875 0.6135855453125 0.617437565625 0.62217339375 0.61892698125 0.6284734750000001 0.6106634343749999 0.6405346609375 0.552445771875
0 0.58975668125 0.549075903125 0.61249950625 0.5354458 0.6164714078125 0.5243762078125 0.616576478125 0.506314234375 0.6127419781250001 0.49376432187499997 0.5909584125 0.4768371 0.5576632625 0.423649521875 0.5397788578125 0.408157153125 0.5790588750000001 0.5072671109375 0.58975668125 0.549075903125
1 0.5954521609375 0.5054320265625 0.59246690625 0.5075676484375 0.59061388125 0.511478303125 0.59071893125 0.5197510796875 0.592367525 0.524651496875 0.5963152546875 0.5274096953125 0.6000616187500001 0.52555526875 0.6015325140625001 0.5217749453125 0.60264729375 0.5136525328125 0.6005463 0.5077964500000001 0.5954521609375 0.5054320265625
7 0.6554332140625 0.4095030515625 0.652347834375 0.40251976093749997 0.63837875 0.385683478125 0.6313699625 0.3814334875 0.62035694375 0.39381061562499997 0.6194057671875 0.4229785578125 0.6145796765625 0.44654350000000004 0.6184384234375 0.4549252640625 0.6231109484374999 0.45775859375000005 0.6262044140625 0.46335249999999994 0.631545234375 0.48564627812500005 0.6417040625 0.4857645 0.6521053625000001 0.444201240625 0.6521700203125 0.4330861796875 0.6553200625 0.4289544078125 0.6554332140625 0.4095030515625
9 0.537933078125 0.45676735781250005 0.5395606328125 0.44567048593749997 0.540455234375 0.42622822187500004 0.5366773109375 0.40395262968749995 0.5289274859375 0.3927466296875 0.5195743515625 0.3884693546875 0.508634075 0.388342040625 0.5007549328125 0.3993661625 0.4968072796875 0.40626760781250004 0.4904102109375 0.43120374375 0.49033746875000006 0.44370818749999996 0.492609071875 0.45623991249999996 0.49645973750000005 0.466011059375 0.5034281125 0.477207965625 0.5135546125 0.48288371874999997 0.5229481578125 0.4802140796875 0.5339611765625001 0.46783695 0.537933078125 0.45676735781250005
11 0.6417040625 0.4857645 0.6440726531250001 0.481623634375 0.64412923125 0.47189795625000003 0.6394567046875 0.46906462656250003 0.6363066640625 0.473196396875 0.636274334375 0.47875392968749997 0.6354848046875 0.48013421875000006 0.637015371875 0.4857099359375 0.6417040625 0.4857645
11 0.621211134375 0.38131526718750003 0.6196159078125001 0.386854609375 0.619583578125 0.3924121390625 0.6203488625 0.3951999984375 0.6226851234375 0.3966166640625 0.6250294703125 0.39664394375 0.6266004484375001 0.39527275 0.628969040625 0.3911318828125 0.629009453125 0.3841849703125 0.62668935625 0.379989540625 0.6227821125 0.379944071875 0.621211134375 0.38131526718750003
11 0.5118612078125 0.467415809375 0.5145038953125 0.471371834375 0.5165185046875 0.472866734375 0.51873119375 0.47174755625 0.52086481875 0.46850155625 0.5203597281250001 0.4604825671875 0.5171672375 0.456193615625 0.5139473265625 0.45648406250000007 0.5118003875 0.46201837343749996 0.5118612078125 0.467415809375
11 0.5273094453125 0.4512428328125 0.5291282203125001 0.4546973953125 0.5302964640625001 0.45511810625000004 0.53280285625 0.455232034375 0.5360438656250001 0.45118051875000004 0.53524865 0.44561196875000003 0.5332481390625 0.441827375 0.530505628125 0.4391790734375 0.5272600375 0.4438835890625 0.5273094453125 0.4512428328125
11 0.5106883171875001 0.40035435 0.510840565625 0.40575285 0.5119220921875 0.40952674843750003 0.513939728125 0.41036724218750004 0.51735183125 0.40860896718750006 0.519221971875 0.403234003125 0.5181537656249999 0.3971704 0.5152201703125 0.39566480625 0.5119069296875 0.3962806921875 0.5106883171875001 0.40035435
11 0.526931821875 0.4213118890625 0.528934228125 0.42476997812499995 0.52911786875 0.4247721140625 0.532614578125 0.42432232187499996 0.5349356515625 0.42042406093749995 0.5335934921875001 0.41403074375 0.5314140953125001 0.4094270546875 0.52809515625 0.4110224578125 0.526785278125 0.4149324859375 0.526931821875 0.4213118890625
11 0.4960383140625 0.42144285937500003 0.497213003125 0.425053884375 0.49904889218750004 0.4255671234375 0.500516725 0.426074690625 0.5034779031250001 0.42283832343750005 0.5033370671874999 0.4154780140625 0.5012529140625 0.41021960156250004 0.49876453749999994 0.41117300468750007 0.49597446874999995 0.41669983281249995 0.4960383140625 0.42144285937500003
11 0.4977239078125 0.44779166875 0.4970493859375 0.453180546875 0.49767539843749997 0.45613074375 0.499403690625 0.4594216859375 0.5003685140624999 0.45947876406250004 0.502717878125 0.458643240625 0.5054089203125 0.45442136718750004 0.5043397515625 0.448523103125 0.5026970093750001 0.4463780875 0.4999449921875 0.4453637 0.4977239078125 0.44779166875
8 0.5094866984374999 0.291077478125 0.5013281328125 0.296263934375 0.48862500000000003 0.3036234484375 0.4784087890625 0.313235065625 0.4710009421875 0.32371305 0.4657867828125 0.333382878125 0.4586931234375 0.3435880109375 0.45030141874999996 0.36211768125 0.4451732265625 0.383743565625 0.4412702609375 0.40983142343749995 0.437858803125 0.4320330765625 0.44021389062500005 0.45708218125 0.44384193437499997 0.4782541734375 0.449212584375 0.4955545203125 0.4532033421875 0.508111809375 0.459680178125 0.5232004765625 0.46726637968749996 0.5357996093749999 0.47503636875 0.5436738796875 0.48498553906249997 0.5529643734375 0.491829103125 0.5588825953125001 0.499469509375 0.5620297453124999 0.5171156328125 0.5650154421875 0.525390903125 0.5665012203125 0.5360339375 0.5641226265625 0.539008290625 0.5633235546875001 0.5476518984375 0.5553623984375 0.5556849109375 0.5448902999999999 0.5641763046875 0.5360922984375 0.574241075 0.5256452328125001 0.5789831328124999 0.5165257015625 0.580106275 0.5115338765625 0.589559509375 0.47589959843749996 0.5902007296875 0.469115296875 0.5930964249999999 0.4549693875 0.593159490625 0.444128034375 0.5937512703125 0.423005146875 0.5933616484375 0.40937679375 0.5921873375 0.3962964890625 0.5893278015625001 0.37735799375 0.5864278390625 0.36536918749999997 0.5815138984375 0.3502987078125 0.5768939609375 0.338291275 0.5685303328125 0.32512591875 0.5584483453125 0.31166405625000004 0.5472577750000001 0.30069174374999996 0.5333827906249999 0.2944138 0.5194835531249999 0.2923053953125 0.5094866984374999 0.291077478125
11 0.61910668125 0.6139739343749999 0.6243880953125001 0.611013284375 0.623805628125 0.5976216765625 0.619472275 0.59357928125 0.6150645765625 0.6024512078125001 0.6154061343749999 0.6118480468749999 0.6186938984375 0.6139997 0.619225471875 0.6133014203125 0.61910668125 0.6139739343749999