2 0 0.6465993015625 0.008047107812499999 0.72735165 0.40745604375 0.9949879875000001 0.4320699828125 0.994701578125 0.440130203125 0.974931140625 0.51983144375 0.5569217125 0.5126973125000001 0.5090545750000001 0.4769730015625 0.4747842734375 0.2018328953125 0.299630421875 0.026776104687500003 0.2114983125 0.01666675 0.21285334531250003 0.009072003125 0.24735021562499998 0 0.54476175625 0 0.6465993015625
10 0.10242722343749999 0.43292053125 0.0991358859375 0.37616859375 0.0870152109375 0.341524421875 0.0782785421875 0.332930790625 0.0320324265625 0.31960015468749997 0.0097051421875 0.435584096875 0.013497934375000001 0.5369073375 0.0282240625 0.6214206109375 0.0355880421875 0.6399629109375 0.0258893015625 0.6691619796875 0.0280387171875 0.6828234140625 0.11828611250000001 0.7976676578124999 0.173863025 0.8334618265625 0.23685117187500002 0.8487332625 0.243254909375 0.8576395968750001 0.266858546875 0.8572657296875 0.2706095828125 0.855367996875 0.2854783828125 0.7989718265625 0.281545665625 0.767415021875 0.255701775 0.7374001875 0.23841103593750002 0.7299531203125 0.2147610640625 0.7456776890625 0.1767483265625 0.743798053125 0.14761035 0.7281742859375 0.1374101546875 0.7128020515625 0.130137015625 0.71098701875 0.11559165468749999 0.6836426171875 0.108821803125 0.6789702140625 0.100634759375 0.6521685140625 0.08384822656249999 0.6181497421875 0.070036003125 0.5586231390624999 0.07003691875 0.534908803125 0.0828017265625 0.47321483437499995 0.10242722343749999 0.43292053125
9 0.208776184375 0.5511863734375 0.1779466609375 0.510680171875 0.1429073171875 0.5070070375 0.12547848749999999 0.5218977375 0.11559715 0.5413566046875 0.113445903125 0.575123840625 0.12144943125 0.615899678125 0.1333875109375 0.6408036453125 0.1523243765625 0.6647695140625001 0.173137215625 0.67592935 0.1941335703125 0.67311505 0.21051040312499997 0.655575446875 0.2190653890625 0.630714546875 0.21673429375 0.5835985765625 0.208776184375 0.5511863734375
0 0.2342076265625 0.60078584375 0.3331426078125 0.8107174265625 0.34421220468749997 0.8189983625 0.354321559375 0.8176433296875001 0.3834613671875 0.7858384265625 0.3821813515625 0.7650856921875 0.3690541 0.7361562562499999 0.346320778125 0.7057244875 0.245964025 0.592235278125 0.2388280640625 0.591796809375 0.2342076265625 0.60078584375
1 0.3435590609375 0.742483421875 0.3338431703125 0.740843759375 0.328932365625 0.74714039375 0.32935010625 0.761059046875 0.33136739843749996 0.7715758296875 0.3340519546875 0.7748944921875001 0.3390101953125 0.781584096875 0.3449491484375 0.7842210359374999 0.3526562453125 0.7768130578125 0.3530263453125 0.76524113125 0.35058288125 0.7518395140624999 0.3435590609375 0.742483421875
7 0.4584840828125 0.5910279265625 0.4665932546875 0.551950825 0.44637150937500003 0.5361181796875 0.39206745 0.50631211875 0.37645676093749997 0.49574115 0.3619724296875 0.54516960625 0.3571246140625 0.581096378125 0.357939875 0.6149067953125 0.36060879375 0.6263085203125 0.3757745015625 0.6247277109375 0.3825053640625 0.6179457921875 0.43425962812499996 0.6503562359374999 0.447706225 0.6494592109374999 0.4584840828125 0.5910279265625
8 0.07434709218749999 0.333706053125 0.0903003046875 0.35499736406250004 0.1036186796875 0.3920839828125 0.10419430781250001 0.4159693390625 0.0989582625 0.4448924734375 0.0888866015625 0.4675420015625 0.07382329374999999 0.5004453265625 0.069791403125 0.5233510421875 0.069651434375 0.5883327953124999 0.0721998625 0.619939834375 0.09782355000000001 0.6628331046875 0.1148068984375 0.691440971875 0.122242428125 0.7026906312500001 0.138388034375 0.722891803125 0.152456678125 0.7343181203125 0.1796335671875 0.7445203125 0.2028308125 0.7419424875 0.227738740625 0.73540944375 0.23903189375 0.7280383296874999 0.2554222796875 0.7386205703125001 0.2695252140625 0.756432575 0.283541334375 0.7763863078125001 0.293438078125 0.776124121875 0.30188666406250003 0.7643426171875001 0.30515068749999996 0.7548532609375 0.3246661171875 0.6745162234375 0.32723108125 0.647526015625 0.3251882671875 0.61797990625 0.320737278125 0.5733144453125 0.3137557375 0.5364441984375 0.298727075 0.49426228749999995 0.2854789546875 0.4608935703125 0.2700145375 0.42941914218750005 0.2481436890625 0.4030636046875 0.229502196875 0.37893817812499997 0.208608440625 0.359374828125 0.189268546875 0.3433291265625 0.14933235312499998 0.32578530625 0.1214571984375 0.3236642125 0.094262853125 0.328375021875 0.0912429671875 0.3282469265625 0.07434709218749999 0.333706053125
11 0.44998077500000006 0.567679278125 0.45793979843750005 0.5763771453125 0.466311271875 0.565490378125 0.4603654 0.5453630421875 0.4518113296875 0.5465096093749999 0.44810571406250005 0.5567709765625 0.44998077500000006 0.567679278125
11 0.3712562625 0.56846664375 0.3638459453125 0.56527504375 0.3597287984375 0.5714067109375 0.35981963906250003 0.588133978125 0.3625640984375 0.5919509796875 0.37486920625 0.5889066796875 0.37532707187500003 0.577685678125 0.3712562625 0.56846664375
5 0.3544741359375 0.8218077375 0.34137598750000003 0.8221684281250001 0.3222556109375 0.81217669375 0.3078001734375 0.825273896875 0.3069289421875 0.8797938656250001 0.3137442109375 0.8928299000000001 0.325317096875 0.8982534671875 0.411361084375 0.883930434375 0.4301644359375 0.8116623953125 0.4299818375 0.8019221953125 0.3992894921875 0.7627925578125 0.3823630328125 0.7985402265625 0.3544741359375 0.8218077375
11 0.19298626562500001 0.6094734140625 0.1970555953125 0.610848821875 0.20184872031249998 0.6099664328125 0.2036912953125 0.6080385374999999 0.20598131249999999 0.5983672671875 0.19996826406249998 0.5883679296875 0.1930176125 0.5866575359375 0.18964102031250002 0.593593871875 0.1904753234375 0.6033262296874999 0.19298626562500001 0.6094734140625
11 0.171891946875 0.5597138828125 0.1743554453125 0.5613045328124999 0.17696239062500002 0.5630377703125 0.1845404625 0.5587396984375 0.1827617890625 0.5476915375 0.178039096875 0.5370393796874999 0.17371020625 0.5371397499999999 0.16979768125 0.544146525 0.1699948953125 0.5556465921875 0.171891946875 0.5597138828125
11 0.1363693015625 0.5447854796875 0.1382430140625 0.5526989953125 0.14206059843750002 0.556988728125 0.14447690625 0.5581058390625 0.1463110078125 0.5588211234375 0.14827091406249998 0.55807855625 0.149160415625 0.5493148031249999 0.14546838281250002 0.5394842265625 0.1390929046875 0.536737009375 0.1372037796875 0.538189884375 0.1363693015625 0.5447854796875
11 0.13564524218750001 0.600110140625 0.1370229421875 0.59896575 0.13893540625 0.5936666500000001 0.1350632078125 0.5833803609375 0.12893164375 0.5803605171874999 0.12645990468749999 0.5895762812500001 0.12894711406249998 0.5954853203125 0.134244084375 0.601019140625 0.13564524218750001 0.600110140625
11 0.1505927578125 0.639888265625 0.1523554140625 0.6439749640625 0.1560550265625 0.6470808484374999 0.159431734375 0.6442261328125001 0.1613521484375 0.6403669546875 0.1604392265625 0.63256598125 0.1557403640625 0.6303138328125 0.1530321734375 0.6289959125 0.1512455140625 0.6328371625 0.1505927578125 0.639888265625
11 0.18803529218749998 0.655040590625 0.19134121875000001 0.6514755640625001 0.1916721046875 0.642546753125 0.1877756515625 0.6361054171875 0.1827541421875 0.6319756609375 0.18086449375 0.637511634375 0.1820844171875 0.6483933625 0.1839264703125 0.65054856875 0.18803529218749998 0.655040590625
11 0.25766492812499997 0.8361787609375 0.250528965625 0.8357402953124999 0.245771353125 0.8433527625 0.24673159218750002 0.8529887296875 0.253272509375 0.8632716296874999 0.2671329015625 0.8600188640624999 0.26484630937500003 0.8449808609374999 0.25766492812499997 0.8361787609375
11 0.029822020312500003 0.7007187828125 0.0357224703125 0.7124824828125 0.05182403437500001 0.715904084375 0.0558040046875 0.7083958515625 0.0433626359375 0.6863492484375 0.029227890625000003 0.68684888125 0.029822020312500003 0.7007187828125
11 0.037017142187500005 0.35380585625 0.0344561953125 0.336014721875 0.0255823515625 0.32604452031250003 0.0171654578125 0.3285676546875 0.01359701875 0.3402055890625 0.016661254687499998 0.35513935625 0.02475745625 0.36521379062500003 0.0333115265625 0.364067225 0.037017142187500005 0.35380585625