2 1 0.3689198640625 0.9820230046875 0.2769125875 0.43250105000000005 0.0501619125 0.3901462640625 0.037332909375 0.356845753125 0.034425424999999996 0.324290703125 0.0353332515625 0.29957544375 0.04723054375 0.0380072671875 0.376490175 0.0347893359375 0.3891556453125 0.3130338046875 0.5021503046875 0.321215278125 0.5003210015625 0.5290040765625 0.5804886203125 0.5859948 0.609955115625 0.6023359968750001 0.61346895625 0.62536774375 0.6075228687500001 0.7151745015625 0.5500121828125 0.968315675 0.40341913125 1 0.3814191859375 1 0.3689198640625
10 0.7007654953125 0.30873967812499997 0.74701843125 0.334235859375 0.773668740625 0.3832285625 0.762502275 0.4207668015625 0.7281767203125 0.45631561875 0.6716083734375 0.4872809421875 0.5970588203125 0.5063387374999999 0.5764125484375 0.524493825 0.5713837609375 0.53517499375 0.5764746453125 0.553946671875 0.6288435109375 0.5597582296875 0.641584746875 0.552131015625 0.6659800703125 0.5458800453125 0.679295925 0.5484775281250001 0.7270646796875 0.523461703125 0.7620704500000001 0.5132455375 0.7737245421875001 0.5146217796875 0.948268921875 0.373656284375 0.963653465625 0.343138903125 0.9512756625 0.330774903125 0.9034013140624999 0.34068277187499996 0.881478459375 0.33045295937499997 0.8826090984375 0.3071046125 0.8714457812499999 0.293672665625 0.8436648312499999 0.2680283078125 0.7995209375 0.24604255625000002 0.7733582546875 0.23596432968749997 0.71419324375 0.22450474687500002 0.648188590625 0.2217420265625 0.6100736312499999 0.2087614359375 0.6057064578125 0.200977515625 0.6000595546875 0.21577888125000003 0.58444206875 0.22325279843749998 0.5700608203125 0.2224863234375 0.551014215625 0.21240980625 0.5375275203125 0.21622170624999998 0.5102124484375 0.23666427343750002 0.49229333437499995 0.2542095921875 0.5043077078125 0.28656480625 0.53424119375 0.3013747 0.568905284375 0.30397730156249997 0.6154160546874999 0.29437431406250003 0.62040134375 0.2980380375 0.6413023015625 0.29575396875000004 0.6535527625 0.300182459375 0.667486734375 0.29865974687499997 0.7007654953125 0.30873967812499997
5 0.4856276828125 0.2055268890625 0.48594761562500005 0.19988056875 0.519207775 0.1661627609375 0.498819340625 0.1492186796875 0.42280061093750004 0.15347340468749998 0.3725407859375 0.1511722765625 0.3393676171875 0.15620030000000001 0.3218119359375 0.15375440625 0.29104599375 0.1638189828125 0.2765995 0.184569846875 0.23956853437499998 0.21355598437499998 0.22861640468750002 0.23033994687499998 0.2710767890625 0.25827690468750003 0.279556446875 0.2579737265625 0.307147953125 0.2462297296875 0.3227871875 0.231583365625 0.3402155265625 0.22609375156249997 0.3830828375 0.219694603125 0.39835864062500004 0.225039453125 0.4345354 0.2281002328125 0.4725665140625 0.2188004234375 0.4856276828125 0.2055268890625
0 0.312515275 0.273699978125 0.3160934890625 0.292013478125 0.36577554375 0.3350600953125 0.41126127031250004 0.363913409375 0.4388713796875 0.3959671515625 0.46654673437499994 0.40650355468750005 0.47336462656249995 0.4049791359375 0.4753680734375 0.393381609375 0.4276708625 0.294939728125 0.412078275 0.244271015625 0.3865337078125 0.23007259375000003 0.36245831562499997 0.23067724374999998 0.321529203125 0.2469962046875 0.312515275 0.273699978125
9 0.5047486875 0.3907943625 0.49226213906250005 0.41429259218750003 0.49946206562500006 0.4365747 0.5210649875 0.4524508328125 0.5613107359375 0.4617694078125 0.599171009375 0.4588789828125 0.6328132 0.4489677 0.6605755484375 0.43081431875 0.6824580546875 0.404418840625 0.672701815625 0.37633711718749996 0.6601749171875 0.3632100546875 0.6311359859375 0.352978534375 0.57041480625 0.355405665625 0.5446559015625 0.36196151875 0.5047486875 0.3907943625
11 0.9397271671875 0.3445066140625 0.9177608140625001 0.3486216921875 0.909110315625 0.3553342546875 0.908172265625 0.365100771875 0.91481931875 0.3699857375 0.9373820390625 0.3689229078125 0.9513377609375 0.36022775 0.953639390625 0.350156346875 0.9397271671875 0.3445066140625
11 0.587405315625 0.194716309375 0.5657371453125 0.20035751249999997 0.556170346875 0.20966414531250002 0.55766126875 0.21729477031250002 0.5745988343749999 0.223860859375 0.5908126874999999 0.2194391921875 0.6014448828125001 0.20830155 0.5981431046875 0.198686621875 0.587405315625 0.194716309375
11 0.6388358390625 0.5599132296875 0.6415412484374999 0.566475909375 0.65500619375 0.569836453125 0.675779809375 0.559616875 0.67292530625 0.552291134375 0.6623366109375 0.549083884375 0.6485517296875 0.5513696593749999 0.6388358390625 0.5599132296875
11 0.1425120578125 0.365069825 0.1471774140625 0.3743798703125 0.15883150625 0.3757561125 0.172638134375 0.3662978890625 0.17159448906250002 0.360956453125 0.1608566984375 0.356986140625 0.1485844890625 0.35973009375 0.1425120578125 0.365069825
11 0.3121052 0.3590062671875 0.30000383125 0.3553408390625 0.29197145 0.3579332046875 0.2834700453125 0.365408828125 0.2875390328125 0.3716666234375 0.296615059375 0.3744156953125 0.3075236890625 0.371976625 0.3132979375 0.3651107671875 0.3121052 0.3590062671875
1 0.3728326734375 0.25463877031250004 0.3601131890625 0.25509353749999997 0.3578333078125 0.2579924921875 0.349651834375 0.2598217953125 0.3405323125 0.271417615625 0.3459431296875 0.284542971875 0.367269615625 0.2917205359375 0.38211989062499996 0.2876037515625 0.38682874375 0.282568903125 0.3847197046875 0.279058475 0.39109032187500004 0.27524486875 0.3912611625 0.2688354859375 0.390217515625 0.2634940484375 0.38810847656249997 0.25998361875 0.3728326734375 0.25463877031250004
11 0.64438659375 0.37709335781250003 0.6313689234375001 0.3760219984375 0.6234856359375 0.3793774265625 0.620140359375 0.3841073890625 0.6225475859375 0.38914394375 0.6340525828125 0.3897571234375 0.641935871875 0.3864016953125 0.645281146875 0.38167173125 0.64438659375 0.37709335781250003
11 0.588076084375 0.3729595140625 0.5773382953125 0.3689892 0.5668769421875 0.3737174578125 0.5635316671874999 0.37844742187499997 0.5686660484375 0.3828742078125 0.5785092859375001 0.38226614531249997 0.5862434796875 0.37814765625 0.5868615968750001 0.37402745937500004 0.588076084375 0.3729595140625
11 0.5801461515625 0.4416300171875 0.5840660468750001 0.44712474999999996 0.5899676375 0.44819440312500003 0.5967855328125 0.4466699828125 0.6010471093749999 0.43934594843749997 0.6034760828125 0.4372100546875 0.594250965625 0.4336979203125 0.5801461515625 0.4416300171875
11 0.6445542875 0.4216541578125 0.6504776265625 0.41555136406250004 0.6497321656249999 0.41173605156250004 0.6379289828125 0.409596746875 0.6268495109375001 0.41844520156250004 0.635009234375 0.42378834374999996 0.6445542875 0.4216541578125
11 0.541670909375 0.3976704546875 0.5325948828125 0.3949213828125 0.5271405671875 0.3961409171875 0.5206208578125 0.39919146250000004 0.5174246765625 0.40468448749999997 0.522559059375 0.4091112734375 0.5313369 0.4103342203125 0.5425654625 0.40224882968750003 0.541670909375 0.3976704546875
11 0.5526198890625 0.43185667656250004 0.54567465 0.42544558749999994 0.5385585734375 0.42544388125 0.527479103125 0.434292334375 0.5283736546875 0.438870709375 0.5360861031249999 0.44192466562500005 0.5483583109375 0.43918071249999996 0.5527689812500001 0.43261973906250006 0.5526198890625 0.43185667656250004
8 0.7632227031250001 0.40527585312500003 0.76898341875 0.3787547296875 0.7682888203125 0.3617611953125 0.7537814140625 0.339036765625 0.7383233406249999 0.322649196875 0.7151141062499999 0.31362923593750003 0.6804559640625001 0.302025209375 0.662953315625 0.299814340625 0.6320301796875001 0.300603375 0.5944429390625 0.303128528125 0.560865021875 0.303776071875 0.5360429078125 0.304426628125 0.510408346875 0.29643952812499996 0.5050142453124999 0.2934804390625 0.48960345624999996 0.2773275890625 0.4827105078125 0.2622105296875 0.48007595312499995 0.2554496328125 0.4525140578125 0.26896218125 0.435403725 0.27548211093749997 0.4086287265625 0.2907786515625 0.3670423671875 0.32212526406249997 0.3449183734375 0.35451029375 0.3369359375 0.3763834390625 0.32855464687499997 0.4074103703125 0.32650277656250004 0.4237931296875 0.32519833125000003 0.43413048125 0.3385395453125 0.46299315625000004 0.35188020937500003 0.486469040625 0.37529244687499996 0.505486990625 0.41295205937499996 0.525729809375 0.4637567921875 0.5415633468750001 0.5086703375 0.5496502953125 0.5563346250000001 0.5561410390625 0.570961846875 0.5548304609375 0.5689955875 0.5425309140625 0.5701559375 0.5283082218749999 0.5887473187500001 0.5092069484375 0.61317696875 0.49982482812500006 0.6525993953125 0.49101033281250006 0.6804824359375 0.479141421875 0.7117802421875 0.46234463437500006 0.7337588703125 0.44714095 0.7524492375 0.4263028984375 0.7632227031250001 0.40527585312500003
7 0.1546409453125 0.3474764203125 0.1493129734375 0.3638518328125 0.1798565953125 0.3813182765625 0.22217825000000002 0.4035267 0.26519688750000003 0.41343102812500004 0.2895907328125 0.39149054843750003 0.306558528125 0.3712104671875 0.317315778125 0.358826375 0.3265435875 0.3346375875 0.328213825 0.32732193593750003 0.2983310203125 0.3370409203125 0.27635192656249996 0.35149928125 0.2516332234375 0.3440114203125 0.215670959375 0.3186457421875 0.19626761875 0.3115725640625 0.1546409453125 0.3474764203125