2 0.753855034375 0.65738099375 0.7595620015625 0.57000598125 0.7613195 0.3091746828125 0.766242971875 0.27765582499999997 0.76288196875 0.235126415625 0.7393203140625 0.22617818750000002 0.2873033171875 0.30649034999999997 0.2692626359375 0.3216220609375 0.24841477968749998 0.7139088734375 0.2626558359375 0.7151782359375 0.645964859375 0.675917515625 0.7267524125 0.6671395890625 0.7488483578125 0.6630219109375 0.753855034375 0.65738099375
5 0.2898567265625 0.6057507859375 0.295465425 0.618044628125 0.3110874796875 0.6190566375000001 0.32325628906250004 0.626989375 0.2985692796875 0.645713609375 0.29382125625 0.653660275 0.295114528125 0.665189015625 0.31410210312500003 0.6710663953125 0.45202782656249996 0.6563484125 0.4928542 0.643247684375 0.49846590781250005 0.6304321671875 0.4967430515625 0.60250583125 0.4743884515625 0.6043177625 0.440122190625 0.6130573859374999 0.42458635312500004 0.6128139578125 0.37341079062500004 0.5587941109375001 0.3766915984375 0.5503362171874999 0.35157651093750003 0.5401081796875 0.3375078890625 0.54037598125 0.32430145 0.5483296109375 0.3196396453125 0.5570448578125 0.295126578125 0.564751578125 0.29003368125 0.5696239125 0.2898567265625 0.6057507859375
7 0.571484790625 0.62780986875 0.642519146875 0.62006484375 0.6643564375000001 0.613641415625 0.6805850312499999 0.5949241453125 0.6920671078125 0.571598859375 0.68956678125 0.549309959375 0.6841290125 0.5511079624999999 0.6666948703125 0.54651039375 0.6410594625 0.5567802171875 0.6120585328125 0.562184671875 0.5772749625 0.5663127968749999 0.560099475 0.5640209781250001 0.5540551671875 0.585548259375 0.5273836328125 0.5991497703124999 0.51892220625 0.62426609375 0.530832359375 0.6298930828125 0.571484790625 0.62780986875
0 0.481208721875 0.589707725 0.480432759375 0.5827904796875 0.492863234375 0.56791960625 0.51591360625 0.52203761875 0.55605475 0.4651241890625 0.5660696125 0.441287675 0.562962746875 0.438728053125 0.535082653125 0.45412408437499996 0.48846912031249995 0.5036125234375 0.4123358453125 0.5664486 0.3873039625 0.582098503125 0.39429365625 0.5941349921875 0.4383963203125 0.610240409375 0.4620457 0.607402540625 0.481208721875 0.589707725
1 0.4495335234375 0.5838407921875 0.457907228125 0.570510565625 0.436330096875 0.5666850625000001 0.41466524062500004 0.5746456546875 0.4157860765625 0.5846372328125 0.42329458750000004 0.5887305375 0.4361546484375 0.5902572562499999 0.4495335234375 0.5838407921875
9 0.5315446953125 0.4477215484375 0.5832481125 0.41847013593750004 0.5870492406250001 0.38951438125000004 0.5509739046875 0.36955908437499996 0.5336259812499999 0.3657300984375 0.50143196875 0.3678063484375 0.46837426562499995 0.3747514515625 0.45240583437500004 0.3832197890625 0.424351796875 0.40963333593750006 0.4212419203125 0.4321830734375 0.4312522625 0.44601059843749996 0.44480206874999995 0.45368598125000004 0.47915304062499997 0.45826962031249996 0.5056506328125 0.455685625 0.5315446953125 0.4477215484375
8 0.6108846109375 0.275221559375 0.5477913640625001 0.278348121875 0.4375702859375 0.3012422671875 0.42755692968750003 0.3125241015625 0.3976923140625 0.3227974078125 0.3606625515625 0.3446064203125 0.3097335921875 0.393329759375 0.2966088546875 0.439716009375 0.314812934375 0.5014495421875 0.35753309375 0.53036699375 0.41863880781249996 0.547227065625 0.4339159890625 0.54516474375 0.44574143125 0.53746846875 0.4944257046875 0.49387133906249997 0.5374937484375 0.5007537625 0.51392606875 0.542024253125 0.5540611906249999 0.5353295421875 0.6057631 0.5186328078125 0.6380448375000001 0.5047704609375 0.6749021640625 0.4814242828125 0.7294568031249999 0.4273173828125 0.7418887859375001 0.399891828125 0.7471571296875 0.3714473015625 0.7313671562499999 0.3312340875 0.7029742734375 0.30435458125000003 0.6744936640625 0.2892611734375 0.6108846109375 0.275221559375
11 0.684560103125 0.5549508765625 0.6836979234375 0.5472650484375 0.672046421875 0.5439438078125 0.6624656625 0.5465138765625001 0.654783209375 0.5534380859375 0.664103809375 0.5611169484375 0.673943221875 0.5608526281249999 0.684560103125 0.5549508765625
11 0.550598909375 0.617578346875 0.546111046875 0.61527608125 0.536271634375 0.6155404 0.5268633125 0.6196476328125 0.5261720609375 0.62605365 0.533594353125 0.629378371875 0.5499938765625 0.6247529468749999 0.550598909375 0.617578346875
11 0.32006019218750004 0.6487705296875 0.30650888125 0.653649828125 0.30909693125 0.66415263125 0.3121175796875 0.6659436703125 0.3285171015625 0.6613182453124999 0.333006471875 0.6510658312500001 0.32006019218750004 0.6487705296875
11 0.48269401093750003 0.43956279687500005 0.480190671875 0.44238325468750006 0.4806217640625 0.44622616875 0.48640440468749996 0.447502496875 0.49857472031250005 0.4428805546875 0.493828203125 0.438272540625 0.48269401093750003 0.43956279687500005
11 0.531461490625 0.42184360625000006 0.52636859375 0.426715940625 0.5266272484375001 0.42902168906249993 0.5311151109375001 0.43132395468749996 0.5435440828125 0.42900776093750004 0.5397474703125 0.420299478125 0.531461490625 0.42184360625000006
11 0.5447571609375 0.3895492015625 0.5381970500000001 0.39391030625 0.5387143578125 0.398521803125 0.543202221875 0.4008240703125 0.5514882015625 0.399279940625 0.5536466671875 0.3933851515625 0.5447571609375 0.3895492015625
11 0.5091114078125 0.3859914984375 0.51998694375 0.38239549375 0.5180886390625 0.37804135156249996 0.505487234375 0.37882038125 0.5016028984374999 0.38189819375 0.5091114078125 0.3859914984375
11 0.464747078125 0.39268969375 0.4515406390625 0.40064332187499996 0.45179929375 0.4029490703125 0.460343928125 0.4037106890625 0.4699246875 0.40114062187500005 0.47070215624999995 0.3955031859375 0.464747078125 0.39268969375
11 0.44558104375 0.435493865625 0.46180813125000003 0.429331275 0.45688917656249994 0.42318609531250007 0.439194875 0.42883745937500006 0.439625965625 0.43268037187499997 0.44558104375 0.435493865625