2 0.5490671265625 0.648290146875 0.5600852046875 0.6462969609375 0.6686867624999999 0.515496675 0.674446121875 0.49632327812500004 0.3558793828125 0.44122168124999994 0.34062064687500004 0.4431936828125 0.312210015625 0.47198301562499995 0.2235377734375 0.5739515953125001 0.2158567625 0.5895309875 0.517460871875 0.6445478390625 0.5490671265625 0.648290146875
5 0.352259428125 0.46552634687500005 0.31689177812499997 0.5050341406250001 0.3150464421875 0.5219228328125001 0.33849801562500004 0.5279286609375 0.3489717015625 0.522092321875 0.3570882265625 0.509587453125 0.3864080390625 0.4971885125 0.40315291249999996 0.495735996875 0.42258158437500004 0.5032579015625 0.4583521828125 0.486538696875 0.4501211875 0.4683195203125 0.38161739843750003 0.46336875781250003 0.37248281250000004 0.4587146015625 0.3599785953125 0.460188303125 0.352259428125 0.46552634687500005
0 0.355313609375 0.5170034265625 0.366587603125 0.5267888515625 0.40522719062499996 0.5402953968750001 0.433175334375 0.5581010234375 0.45184185781249997 0.5602425125 0.4002895140625 0.4954656625 0.364698515625 0.5034807781249999 0.355313609375 0.5170034265625
1 0.3938061625 0.51949999375 0.3987708109375 0.514660246875 0.3958692578125 0.5041485640625 0.37818263750000003 0.5089247515624999 0.37778528125 0.5160915765625 0.38405646718750003 0.5204754015625 0.3938061625 0.51949999375
7 0.3282858328125 0.575499028125 0.34589614062499996 0.5502401421875 0.32461653749999997 0.5296515125 0.3093578015625 0.5316235125000001 0.2789548 0.5662915578125001 0.28780090625 0.578881171875 0.312629740625 0.584637853125 0.3195160390625 0.5833921125 0.31908052656249997 0.5803175875 0.3282858328125 0.575499028125
9 0.5449892921874999 0.5496986265625 0.536758296875 0.53147945 0.5147928625 0.525993103125 0.49529346875 0.527943915625 0.48057912500000005 0.5337590703124999 0.46209778906250004 0.5528689109375 0.46235370312499996 0.5646475203125 0.4854079203125 0.5778201765625 0.525239578125 0.5698262453125 0.5449892921874999 0.5496986265625
11 0.329989728125 0.577555771875 0.3174855109375 0.579029475 0.3168703984375 0.5846590390624999 0.32546059375 0.5854700421875 0.329989728125 0.577555771875
11 0.3192163765625 0.5314167375000001 0.3093578015625 0.5316235125000001 0.3073654296875 0.537502225 0.31722400624999997 0.5372954484375 0.3192163765625 0.5314167375000001
11 0.3712144328125 0.4597323796875 0.357659590625 0.4637611234375 0.35885725 0.4722160625 0.36849806875 0.470472025 0.37715898281250004 0.4618103109375 0.3712144328125 0.4597323796875
11 0.482290953125 0.5627862015625 0.48366252187500003 0.558847134375 0.483748553125 0.5587763890625 0.4788726953125 0.556175609375 0.4729238265625 0.55894351875 0.47111384218749996 0.561732103125 0.47045248281249996 0.5648513281249999 0.47543331718750004 0.5659494859375 0.4798044 0.5646975796875 0.482290953125 0.5627862015625
11 0.5037546984375 0.57028524375 0.505091246875 0.568043475 0.5049450109375 0.5648172921875 0.5010130078125 0.5645518609375 0.4981197234375 0.5655364296875 0.49358942499999997 0.5685861453125 0.493472675 0.57068371875 0.4963553625 0.5725461375 0.500699115625 0.57206858125 0.5037546984375 0.57028524375
11 0.5308320328125 0.5572726671875 0.5246824296875 0.5555022265625 0.5201476671874999 0.55755315 0.51878978125 0.5596442671874999 0.5204450875 0.5625745953125 0.5234171984375 0.5631137921875 0.52738474375 0.5619348859375 0.5304734984375 0.5603757390624999 0.5308320328125 0.5572726671875
11 0.5237720609375 0.5471309078125 0.52694755625 0.5471713515625 0.53472299375 0.545611040625 0.5355468359375 0.54461613125 0.5340924828125 0.539424790625 0.5326383796874999 0.5386827234375 0.529928628125 0.539018409375 0.5264695078125 0.5408747484374999 0.5235276640625 0.542483784375 0.5224490125 0.54460164375 0.5237720609375 0.5471309078125
11 0.5127268703125 0.5343636328125 0.5107559609375001 0.5301825625000001 0.5050240140625 0.532527315625 0.5017347437499999 0.5355827171875001 0.501939690625 0.5380068 0.504625090625 0.5394437359375 0.508565196875 0.5390384125 0.5116207796875 0.5372550734375 0.5127268703125 0.5343636328125
11 0.48328300312500005 0.5483798 0.4855435609375 0.5468175390625001 0.48694618125 0.543985184375 0.48607295781250004 0.5417994546875 0.481424384375 0.5411023625 0.4792776765625 0.5424910921875 0.47579111875 0.5451210140625 0.47585488593749997 0.548492978125 0.47947649062500003 0.5487609546875001 0.48328300312500005 0.5483798
8 0.578420290625 0.48953856875 0.550141125 0.48398509062499995 0.5153808140625 0.48049329375000005 0.4893840625 0.48541845156249996 0.458582528125 0.492991265625 0.4344556359375 0.5026904640625001 0.38952984062499996 0.5361694124999999 0.3760144796875 0.548604040625 0.37633499531250003 0.57055141875 0.383402228125 0.5894998421875 0.407389153125 0.6153897625 0.429196465625 0.6174463234374999 0.4783619234375 0.6270006515625 0.5139590562499999 0.6223395468749999 0.5441373359375 0.6159910203125001 0.5711564 0.6042124671875 0.5930222921875 0.5898099859375 0.6081001078125 0.57530241875 0.616695203125 0.5544091015625 0.620341396875 0.5295218453125 0.611290871875 0.5078206765625 0.5984484578125 0.4959177375 0.578420290625 0.48953856875