2 0.6441153015625 0.41436772031249997 0.55867984375 0.316314971875 0.377133903125 0.09414 0.3540003578125 0.08204416875000001 0.33651994531249996 0.11124838125 0.3200040015625 0.169996975 0.25499626875 0.33252038437500003 0.221654640625 0.4033350890625 0.11744795625 0.680413053125 0.1164717359375 0.6877030296875 0.1238121328125 0.71306271875 0.2800853 0.987151471875 0.4603974078125 0.9777017140625001 0.4606072171875 0.9774107140625 0.5050932390625 0.8489859953125001 0.5258519671874999 0.81200384375 0.6169735625 0.570281490625 0.637201940625 0.5305785359375 0.6580287328125001 0.465249753125 0.6513993828125 0.4312396859375 0.6441153015625 0.41436772031249997
5 0.19733359374999998 0.598316059375 0.1912392515625 0.64493936875 0.18915068125 0.7162125828125 0.19130023125 0.73133966875 0.2346550671875 0.818479475 0.2397895953125 0.8202243546875 0.24920681875 0.8111451875 0.2682219609375 0.781615665625 0.26315549531250004 0.751524153125 0.257197284375 0.7414542 0.24042325625 0.6840954609375001 0.24238744687499997 0.6326811546875 0.24918108593750002 0.6142418203125 0.24387760468750003 0.5870337671875 0.24506268437499998 0.5726164703125 0.213556203125 0.5339632 0.20207390625000002 0.540646871875 0.1960476296875 0.5589235515625 0.19733359374999998 0.598316059375
0 0.2384825625 0.66184105625 0.2414276359375 0.6810493484375 0.254489228125 0.71936245 0.26971211875 0.7359682796875 0.2837898390625 0.7344009109375 0.30767433906249997 0.70525586875 0.319421809375 0.6999326031249999 0.3234393265625 0.6877481484375 0.3745429515625 0.6301678515625 0.390866446875 0.6196248 0.4037145203125 0.5871526484375 0.3959845671875 0.5802914640625 0.3768004734375 0.5843578109374999 0.32549973906249996 0.6122310718749999 0.2526001890625 0.62768319375 0.24040684531249998 0.6430172437499999 0.2384825625 0.66184105625
1 0.268060096875 0.6414055656250001 0.26221452031250003 0.6483110609375 0.254737990625 0.679644634375 0.25558983125 0.692213565625 0.270603865625 0.7159467171875 0.28719253437500003 0.7067640671875 0.29189293906249997 0.6816853734375 0.288445678125 0.6640001375 0.28039423281250003 0.647290825 0.268060096875 0.6414055656250001
7 0.361773209375 0.9828703890625 0.3987241203125 0.9809338750000001 0.44210135 0.8906702484375 0.38561685625000003 0.7935639734375 0.36394090156250003 0.7858467484375 0.345432575 0.8170211875 0.3206607796875 0.8866625328125 0.3207170953125 0.89515025625 0.339499884375 0.9464167703124999 0.361773209375 0.9828703890625
10 0.324047253125 0.3547158875 0.3272692484375 0.3384502265625 0.3359472640625 0.333777575 0.3364212953125 0.3280106546875 0.369542315625 0.3011576296875 0.40126940156249996 0.2958492203125 0.417942546875 0.29939815625 0.45423390625 0.32570431875 0.4796014765625 0.36565881875 0.49107202499999997 0.3958095046875 0.49348675000000003 0.41229699062499997 0.5153108343749999 0.458669025 0.5369378109375 0.475334028125 0.5495089609375 0.478335828125 0.5686648937500001 0.4700256171875 0.5685076921875 0.40772809062500004 0.5763620281249999 0.3947303671875 0.5128586281249999 0.2821125296875 0.48958429218750005 0.2487973890625 0.451199696875 0.2158518671875 0.40752803125000003 0.196776509375 0.3895102125 0.1918140796875 0.37894473125 0.1586284171875 0.362943546875 0.147487096875 0.3488497671875 0.1513825265625 0.3554391734375 0.20357758750000002 0.3272481765625 0.21945943437499998 0.292676903125 0.2593693546875 0.27498763125000003 0.2957008890625 0.26071746406249996 0.3454737953125 0.2466725625 0.4291976 0.2399798078125 0.5014467375 0.249357121875 0.5249580640625 0.26386896718749997 0.5502142703125 0.270301209375 0.55451730625 0.29429834062500004 0.5423477109375 0.300854965625 0.5267918375 0.3006015390625 0.48859707812500003 0.30385169375 0.476575278125 0.29916303593750004 0.464819615625 0.303180553125 0.45263516406250004 0.3007095125 0.42765995312499994 0.31004225937499996 0.4058491984375 0.3099014671875 0.3846298875 0.31696028125 0.36755095781249997 0.315634409375 0.3607489421875 0.324047253125 0.3547158875
9 0.364365453125 0.5246627453125 0.384011828125 0.551663834375 0.40404775937500004 0.56016641875 0.41992538125 0.5596341453125 0.445457240625 0.5471392453125 0.4570357609375 0.5163528046875 0.46120581875 0.48855330625000004 0.45272025156250006 0.44502041875 0.43889129374999997 0.40686997187499996 0.41977526718749997 0.3825896875 0.40307396406249996 0.374796890625 0.3808204171875 0.3795138546875 0.36479025468750004 0.395661171875 0.35471830312499997 0.42187844375 0.35219560625 0.4663280828125 0.364365453125 0.5246627453125
11 0.373367196875 0.8004102984375001 0.37265614999999996 0.8090606749999999 0.377107790625 0.8236997984375 0.38174013281249997 0.8269677375000001 0.3904181484375 0.8222950843750001 0.38980332500000003 0.8068426921875 0.384612478125 0.7966100859374999 0.3769106828125 0.7939927625000001 0.373367196875 0.8004102984375001
11 0.2259138359375 0.46617974999999995 0.22729602343750002 0.48146948749999996 0.2314543328125 0.4905043453125 0.24119304375 0.491273303125 0.24550389374999998 0.484693115625 0.2464237984375 0.468915415625 0.238637528125 0.45356650624999995 0.23069871718749999 0.4538326421875 0.2259138359375 0.46617974999999995
11 0.34995934375000004 0.167897334375 0.3536436234375 0.1826991109375 0.36341049375 0.1877119296875 0.36875388125 0.18232949062499998 0.370706321875 0.1677495390625 0.36678502812499997 0.1558312234375 0.3611201515625 0.1513655359375 0.3532094984375 0.15587553437499999 0.34995934375000004 0.167897334375
11 0.5556831171875001 0.36653153125000004 0.5598977421875 0.3840541109375 0.5712274984375 0.3929854859375 0.5804077046875 0.386789778125 0.5816209406249999 0.37661634374999997 0.5789692015625 0.36301231562499997 0.5725088 0.35446541875 0.5627700890625 0.3536964609375 0.5556831171875001 0.36653153125000004
11 0.392075021875 0.531538790625 0.40027900625 0.53263305625 0.4030551296875 0.5263781765625 0.39913383593749996 0.5144598593749999 0.38915810624999997 0.5165743609375 0.392075021875 0.531538790625
11 0.4336652015625 0.507140434375 0.42749813281250004 0.5041978015625 0.421889571875 0.5082198390625 0.42271325312499997 0.5165449093750001 0.427108578125 0.5226963078125 0.43578659374999995 0.5180236546875 0.4336652015625 0.507140434375
11 0.4357138671875 0.4684577140625 0.4413505875 0.4686795375 0.444126709375 0.4624246578125 0.4435682015625 0.455459990625 0.43814033906249994 0.44811084375 0.43022968749999996 0.45262084218750004 0.4313185421875 0.4623063140625 0.4357138671875 0.4684577140625
11 0.4186746640625 0.409738571875 0.41324680156250004 0.40238942343749995 0.40533614843750004 0.40689942187500006 0.40539246562500003 0.415387146875 0.41185286562499995 0.4239340421875 0.41899615468749996 0.41958669843749996 0.4186746640625 0.409738571875
11 0.3791214 0.43228856406249994 0.38322339375 0.4328356953125 0.3877712578125 0.4233720484375 0.3854128515625 0.4153722875 0.378715434375 0.40970885 0.37313503125 0.41797474843750004 0.3742238859375 0.42766022187499997 0.3791214 0.43228856406249994
11 0.3650882484375 0.4791780109375 0.3738507390625 0.48723694531249995 0.379668159375 0.4760875859375 0.373444775 0.46465723125 0.3647949171875 0.473573746875 0.3650882484375 0.4791780109375
8 0.5649576546875 0.483728075 0.5368287390625001 0.480591521875 0.5162645359375 0.4684072296875 0.5023027531250001 0.4374544 0.4895287296875 0.4054210921875 0.4734153265625 0.3658240265625 0.4558535109375 0.333152378125 0.44304150781249996 0.3176702921875 0.4187398875 0.3054523171875 0.385098440625 0.305137409375 0.3589662828125 0.3098506171875 0.3446832984375 0.320322390625 0.3277248640625 0.355348725 0.3192764953125 0.388571228125 0.3133598015625 0.4204298046875 0.310407253125 0.4483508859375 0.3148096296875 0.48050408593749994 0.31769654687500004 0.509670725 0.31316225468750003 0.5246931078125 0.2962253546875 0.5406898015625 0.2798416203125 0.549952259375 0.270812046875 0.5634469984375 0.2764196609375 0.5969993312499999 0.2829443234375 0.6113322078125 0.3302748890625 0.7042335375000001 0.339003575 0.7218674218750001 0.35033350625000004 0.7393182515625 0.3737897140625 0.7591611281249999 0.4188329640625 0.765329428125 0.43557599218750004 0.7650882859375 0.461553553125 0.7595819625 0.49161726874999995 0.7391482484375 0.5027475921875 0.7268628234375 0.5273542328125 0.69517914375 0.5445887328125 0.656785090625 0.55469048125 0.62486673125 0.56436715625 0.5740133968750001 0.569353909375 0.53738813125 0.5712062484375 0.50142866875 0.5684354500000001 0.48960789218749995 0.5649576546875 0.483728075