2 0.39296875 0 0.2125 0.372222221875 0.06640625 0.702777778125 0.0640625 0.7194444437499999 0.07421875 0.7430555562500001 0.271875 0.9958333328125001 0.40390625 0.9986111109375001 0.41484375 0.9875 0.5171875 0.7666666671875 0.66875 0.43055555625 0.67578125 0.4125 0.67578125 0.3986111109375 0.4375 0.027777778125000003 0.4171875 0 0.39296875 0
5 0.17890625 0.765277778125 0.196875 0.809722221875 0.20859375 0.825 0.2171875 0.827777778125 0.25 0.7861111109375 0.234375 0.7513888890625 0.2265625 0.68194444375 0.22890625 0.6569444437499999 0.246875 0.602777778125 0.24296875 0.5986111109375 0.23515625 0.5666666671875 0.19296875 0.5263888890625 0.18125 0.5388888890625 0.175 0.55694444375 0.1796875 0.5916666671875 0.1640625 0.672222221875 0.16953125 0.725 0.16328125 0.7361111109375 0.1640625 0.747222221875 0.17890625 0.765277778125
0 0.26328125 0.74444444375 0.28671875 0.7388888890625 0.3 0.7194444437499999 0.32890625 0.6916666671875 0.38359375 0.61944444375 0.40390625 0.60694444375 0.43365 0.5620833328125 0.4 0.5722222218749999 0.31015625 0.6180555562500001 0.27890625 0.61944444375 0.2359375 0.6416666671875 0.23046875 0.659722221875 0.2296875 0.6791666671875001 0.234375 0.7 0.25078125 0.7333333328125 0.26328125 0.74444444375
1 0.27890625 0.7041666671875 0.284375 0.6777777781250001 0.28046875 0.6611111109375 0.26328125 0.65 0.25625 0.665277778125 0.25546875 0.7041666671875 0.25859375 0.709722221875 0.27109375 0.7125 0.27890625 0.7041666671875
10 0.29453125 0.54305555625 0.3171875 0.5125 0.3234375 0.45555555625000005 0.3234375 0.4 0.33671875 0.34444444375 0.34609375 0.32083333281250004 0.36875 0.28472222187499996 0.4078125 0.25555555625 0.44609375 0.25555555625 0.47578125 0.2736111109375 0.4921875 0.2916666671875 0.5296875 0.365277778125 0.53125 0.3875 0.540625 0.42222222187499997 0.55625 0.44305555625000004 0.5703125 0.45 0.59921875 0.44305555625000004 0.6 0.40555555625000006 0.61015625 0.377777778125 0.60703125 0.3638888890625 0.60234375 0.36666666718749996 0.59921875 0.3611111109375 0.596875 0.34305555625 0.59921875 0.3291666671875 0.590625 0.3236111109375 0.58359375 0.2958333328125 0.5859375 0.290277778125 0.57890625 0.290277778125 0.55390625 0.23611111093749998 0.5296875 0.19583333281249998 0.49296875 0.15972222187500001 0.46484375 0.14305555625 0.43828125 0.1361111109375 0.43125 0.097222221875 0.41953125 0.0888888890625 0.41796875 0.109722221875 0.38046875 0.15 0.3609375 0.15555555625 0.3453125 0.16805555625 0.31484375 0.20277777812500003 0.28203125 0.26805555625 0.265625 0.32083333281250004 0.2546875 0.38194444375000003 0.22734375 0.48472222187499997 0.265625 0.55 0.29453125 0.54305555625
9 0.41484375 0.5388888890625 0.44140625 0.54305555625 0.45546875 0.534722221875 0.47421875 0.5083333328124999 0.484375 0.477777778125 0.48671875 0.4375 0.4828125 0.40694444374999994 0.465625 0.36805555624999997 0.4515625 0.352777778125 0.4390625 0.34722222187499996 0.41015625 0.352777778125 0.3921875 0.372222221875 0.37578125 0.41944444374999995 0.375 0.4611111109375 0.38359375 0.497222221875 0.396875 0.522222221875 0.41484375 0.5388888890625
11 0.3671875 0.9708333328125001 0.36796875 0.95555555625 0.36484375 0.9458333328125 0.35625 0.9444444437499999 0.35078125 0.9541666671875 0.35 0.9638888890624999 0.353125 0.9736111109375001 0.36328125 0.9763888890624999 0.3671875 0.9708333328125001
11 0.38046875 0.7958333328125 0.38203125 0.7819444437499999 0.378125 0.7736111109375 0.36796875 0.772222221875 0.36484375 0.777777778125 0.3640625 0.7888888890625 0.3671875 0.8 0.37265625 0.8041666671875 0.38046875 0.7958333328125
11 0.2453125 0.4513888890625 0.240625 0.434722221875 0.2296875 0.4375 0.22265625 0.4458333328125 0.221875 0.46944444374999994 0.23203125 0.4888888890625 0.24609375 0.47083333281249995 0.2453125 0.4513888890625
11 0.41171875 0.11944444375 0.41640625 0.1041666671875 0.41328125 0.0875 0.40390625 0.0791666671875 0.3953125 0.08333333281250001 0.390625 0.0916666671875 0.39375 0.1125 0.403125 0.12361111093749999 0.41171875 0.11944444375
11 0.61875 0.365277778125 0.62109375 0.34444444375 0.61640625 0.33194444375 0.609375 0.32777777812500003 0.6 0.3375 0.5984375 0.34722222187499996 0.6015625 0.3625 0.6109375 0.372222221875 0.61875 0.365277778125
8 0.43615390625000006 0.7544083328125 0.46519765625 0.741940278125 0.49323984374999996 0.7294722218749999 0.5302953125000001 0.6983013890625 0.5488234375000001 0.6662416671875 0.5623437499999999 0.62705555625 0.5798703125 0.5745111109375001 0.59389140625 0.5246388890625 0.5963953125 0.48634444375 0.597396875 0.46408055625 0.59589453125 0.4578458328125 0.582875 0.4596263890625 0.5613421875 0.4578458328125 0.54581875 0.44270555624999997 0.5383078125 0.42044166718750003 0.53179765625 0.39550555625 0.52228359375 0.36789722187499996 0.51377109375 0.3393986109375 0.50676015625 0.327822221875 0.483225 0.3028861109375 0.4742109375 0.2850736109375 0.46018984375 0.275277778125 0.43014453125 0.266372221875 0.419128125 0.26548055625 0.39158671875 0.266372221875 0.37305859375 0.2957611109375 0.35753515625 0.320697221875 0.34701953125 0.3438513890625 0.33249765625 0.3687875 0.32648828124999996 0.391052778125 0.32498593750000004 0.4231138890625 0.32548671875 0.4471583328125 0.32648828124999996 0.47209444375 0.3259875 0.492577778125 0.3184765625 0.5166236109375 0.31196640625 0.5317638890625 0.30095 0.55135694375 0.28993359375 0.5567 0.28041875 0.563825 0.278415625 0.5745111109375001 0.2794171875 0.599447221875 0.28592734375 0.61815 0.326321875 0.7095986109375 0.3350015625 0.725909721875 0.357034375 0.7472833328124999 0.38657890625 0.7517361109375 0.43615390625000006 0.7544083328125
7 0.30495625 0.8906666671875 0.3124671875 0.9111499999999999 0.3229828125 0.9334138890625001 0.33149609375 0.9458819437500001 0.34902265625 0.9690375 0.35302812499999997 0.9726000000000001 0.3755625 0.9556791671875 0.39409062499999997 0.91649305625 0.40510703125 0.8977916671875 0.42063046875000004 0.8692930562500001 0.42363515625000003 0.841684721875 0.4086125 0.8122958328125 0.3955921875 0.79715555625 0.3765640625 0.7784541671875 0.36955312500000004 0.7740013890624999 0.35503125 0.7873597218749999 0.33700390625 0.8247638890625 0.32498593750000004 0.8434652781249999 0.3084609375 0.8710736109375 0.30495625 0.8906666671875
11 0.41484375 0.5138888890625 0.4171875 0.515277778125 0.42265625 0.515277778125 0.42421875 0.5138888890625 0.425 0.5111111109375 0.425 0.5069444437499999 0.42421875 0.50555555625 0.42421875 0.5 0.42265625 0.497222221875 0.41875 0.49444444374999996 0.415625 0.49583333281249997 0.41328125 0.4986111109375 0.4125 0.5013888890625 0.41328125 0.502777778125 0.41328125 0.5097222218749999 0.41484375 0.5138888890625
11 0.40625 0.40694444374999994 0.409375 0.40694444374999994 0.4125 0.40416666718750005 0.4125 0.3916666671875 0.41171875 0.3888888890625 0.4078125 0.3861111109375 0.40703125 0.3875 0.40390625 0.3875 0.40234375 0.3888888890625 0.4015625 0.3916666671875 0.4015625 0.40138888906250003 0.40234375 0.40416666718750005 0.40625 0.40694444374999994
11 0.45625 0.502777778125 0.45859375 0.5013888890625 0.46015625 0.497222221875 0.45859375 0.4861111109375 0.45390625 0.48472222187499997 0.45078125 0.4861111109375 0.4484375 0.490277778125 0.44765625 0.49305555625 0.44765625 0.497222221875 0.45078125 0.502777778125 0.45625 0.502777778125
11 0.46640625 0.4458333328125 0.4703125 0.44166666718750003 0.47109375 0.4388888890625 0.47109375 0.434722221875 0.46875 0.427777778125 0.465625 0.4263888890625 0.4625 0.43055555625 0.4609375 0.4375 0.4609375 0.44166666718750003 0.4625 0.44444444375 0.46640625 0.4458333328125
11 0.440625 0.39444444375 0.4421875 0.3958333328125 0.4453125 0.3958333328125 0.4484375 0.39305555625 0.44921875 0.39027777812500003 0.44921875 0.3861111109375 0.446875 0.377777778125 0.44140625 0.377777778125 0.43984375 0.3791666671875 0.43984375 0.38055555625 0.43828125 0.38333333281250004 0.43828125 0.39027777812500003 0.440625 0.39444444375
11 0.39609375 0.46805555625000006 0.39921875 0.46666666718750005 0.40078125 0.4625 0.40078125 0.45416666718750004 0.4 0.45 0.39609375 0.4458333328125 0.3953125 0.447222221875 0.39140625 0.447222221875 0.3890625 0.4513888890625 0.3890625 0.4611111109375 0.390625 0.46388888906250003 0.39609375 0.46805555625000006