2 0.2664558734375 0.7998348328125 0.2669342484375 0.811376834375 0.44718375468750005 0.8501100156250001 0.59862661875 0.8743746640625 0.6107514109375 0.867467515625 0.6980793140625 0.46999654062499996 0.69584134375 0.45229661718749997 0.359707340625 0.3910235234375 0.3517038765625 0.39755195625 0.344938990625 0.4158158515625 0.2664558734375 0.7998348328125
5 0.624378578125 0.6537748578125 0.618213209375 0.6386100406249999 0.6000930859375 0.64141476875 0.5963323765624999 0.652817303125 0.59565429375 0.6718008015625 0.589677075 0.6807849015625 0.575901375 0.713738378125 0.554971640625 0.743016890625 0.535585865625 0.746735771875 0.53170536875 0.7513099109375 0.5259012078125 0.756629321875 0.51483155 0.76061016875 0.5098008593750001 0.8198901546874999 0.5139409171875 0.82156043125 0.52526949375 0.8238266937500001 0.5314912171875 0.805016296875 0.5548607359375 0.799223465625 0.5761868 0.7873475109375 0.59268083125 0.7649729015625 0.6087776890625001 0.7369355515625 0.6197651265624999 0.6995652031249999 0.6194019984375 0.69082194375 0.61914468125 0.6728352140625 0.624378578125 0.6537748578125
0 0.6066458421875 0.7444271828125 0.5888282609375 0.6799507703125001 0.563885275 0.6556833281250001 0.5252933109375 0.62423369375 0.49783976875 0.5943823796875 0.4705407359375 0.5800191453125 0.48060165781249997 0.6066805359375 0.5176315171875 0.67110121875 0.53758094375 0.728086 0.5653975921875001 0.80616184375 0.5687522921875 0.808320328125 0.6033351703125 0.762740728125 0.6066458421875 0.7444271828125
8 0.519596384375 0.46335133749999996 0.5000761671875 0.43242975625 0.4632138671875 0.4230488453125 0.426591903125 0.42732491718750004 0.4027363796875 0.441028221875 0.3874902578125 0.45815873749999997 0.39796833593750003 0.4830704953125 0.396854109375 0.522954859375 0.37982261093749997 0.5519891718750001 0.36693052812500004 0.5826964546875 0.35523296875 0.618649846875 0.3521275109375 0.6537020453125 0.3554851921875 0.68359968125 0.3570690296875 0.695652840625 0.3661866265625 0.7178386796875 0.3985769359375 0.748946328125 0.4219807359375 0.7518116406249999 0.4525753828125 0.7317906187500001 0.4745617078125 0.7083412296875 0.497409978125 0.7135376578125 0.5014438218749999 0.736192759375 0.51038355625 0.727962578125 0.5209702953125 0.708410075 0.5247476625 0.701338634375 0.5425116765625 0.631086571875 0.5449055296875 0.6063599203125001 0.5480454703125 0.5682287453125 0.5441352640625 0.5289201015625 0.537625671875 0.49760080156250003 0.519596384375 0.46335133749999996
9 0.40727671093750006 0.6857807203124999 0.412598140625 0.6871349437500001 0.42540201875 0.6875382765625 0.43860731875000003 0.67947856875 0.4522140421875 0.66295581875 0.460819640625 0.643732828125 0.46710615312500003 0.6139269296875 0.46415061875 0.578914003125 0.45923061406250004 0.5690967375 0.44606795468750005 0.560036903125 0.4317436703125 0.55924665 0.419939184375 0.5648077781249999 0.4058925609375 0.5797910468749999 0.3944853328125 0.6040112 0.388198821875 0.6338170953125 0.3889163828125 0.6511300984374999 0.3962750734375 0.6744157671875 0.40727671093750006 0.6857807203124999
7 0.6299219375 0.5768468453125 0.6348845843750001 0.5695445671875 0.648978015625 0.510319696875 0.64966126875 0.49050811562499996 0.5874441203125 0.47752983281250005 0.5699084484375 0.544443903125 0.581187753125 0.5715823765625 0.6120358171875 0.5808602875 0.6299219375 0.5768468453125
11 0.46839668593750006 0.8083998093749999 0.4709164859375 0.8147511937499999 0.47947944375 0.812647740625 0.48408331093749996 0.796688965625 0.47992350781250004 0.7870651578125 0.470519228125 0.7960921703125 0.46839668593750006 0.8083998093749999
11 0.3006692265625 0.7814185046875 0.304910146875 0.7839252890624999 0.305350046875 0.7854647703125 0.3127129 0.7816283765625001 0.317995853125 0.7729800796874999 0.3139171703125 0.7562392546875001 0.3078355359375 0.7546915671875001 0.30027196875 0.762759484375 0.29899075 0.7681435624999999 0.3006692265625 0.7814185046875
11 0.34764700312499996 0.49930190156250004 0.3573715875 0.48892887187499995 0.3598144359375 0.4752752125 0.3574142296875 0.4718093296875 0.3505723921875 0.47006818125 0.3436494359375 0.4754440578125 0.34076668906249996 0.48755823437499995 0.3446061859375 0.498528059375 0.34764700312499996 0.49930190156250004
11 0.65198035625 0.5010910187500001 0.6477009609375 0.4885817140625 0.6429390234375 0.49165246875 0.6382155625 0.5047257453125 0.64357546875 0.5160824921875 0.6432551640625 0.5174285109375 0.6480171 0.51435775625 0.65198035625 0.5010910187500001
11 0.5820717171875 0.5475392765625 0.5795519171875 0.5411878921875 0.5703483484375 0.5459833828125 0.5681062109374999 0.555405521875 0.5710659109375 0.5632963859375 0.57258631875 0.5636833078125 0.579509275 0.5583074328125 0.5820717171875 0.5475392765625
11 0.435005309375 0.6598198328125 0.4379799078125 0.662135690625 0.4392964390625 0.6628847109375 0.443547453125 0.6561979 0.44427326875000006 0.6510336437500001 0.44178065 0.6461638203125 0.437513225 0.6466381140624999 0.43395725937499996 0.6515289578125001 0.43405013124999997 0.6580164609375 0.435005309375 0.6598198328125
11 0.4476012046875 0.61800091875 0.4487813515625 0.6209764453125 0.45112491875 0.6222409343749999 0.45386778593750005 0.6218240500000001 0.45517423125 0.620768959375 0.4580236828125 0.6144121140625 0.457667678125 0.6100874515625 0.45540002812499997 0.60638978125 0.4513454484375 0.6049125609375 0.44793917499999997 0.613406046875 0.4476012046875 0.61800091875
11 0.435977046875 0.5827234 0.43601426875 0.5878591421875 0.43914413437500005 0.5911081484375 0.44077462812499996 0.5921911703125 0.4433664484375 0.5910063765625 0.44575489687500003 0.5876642203125 0.44676142187499995 0.5807884109375 0.4443511625 0.5750473375 0.4417890671875 0.574172628125 0.4384646046875 0.5775620921875 0.435977046875 0.5827234
11 0.41374531406250004 0.586204815625 0.4108703484375 0.591937046875 0.4098200671875 0.5963506484375001 0.410594790625 0.5994442671875 0.412856759375 0.6015801984375 0.41592452968750004 0.6019155109375001 0.4179613 0.5986451640625 0.42000536093749996 0.59270148125 0.41901864375000003 0.5873241046875 0.4163322765625 0.5848574765625 0.41374531406250004 0.586204815625
11 0.4018819953125 0.6244200609375 0.39993871875 0.6257085140624999 0.398150496875 0.632162696875 0.398256025 0.63753994375 0.4008111453125 0.6410866484375 0.4032852 0.6412708687500001 0.40583516875000003 0.6390219078125 0.40812285625 0.6347005140624999 0.40800488437500004 0.626200940625 0.40553704531249996 0.6233445343749999 0.4018819953125 0.6244200609375
11 0.41216290000000005 0.6542294703125 0.40926230468749997 0.6621835609375 0.40907455937500004 0.6661471484375 0.4108678421875 0.6697240984375 0.41309173593750004 0.670959559375 0.4159032296875 0.6707828359375 0.41796585625000005 0.66952475625 0.420915128125 0.6655944218750001 0.419922728125 0.65865530625 0.41590523125 0.653844240625 0.41216290000000005 0.6542294703125
1 0.541984503125 0.6939280250000001 0.5438835484375 0.7005739609375 0.5478114671875 0.705056740625 0.55223585625 0.7061826812499999 0.5590490234375001 0.7036296515625 0.5619570171875 0.692042946875 0.560508834375 0.6809579171875 0.55193878125 0.6769011859375 0.5439160734375 0.6826295859375 0.541984503125 0.6939280250000001
10 0.399263934375 0.49245219218749997 0.39046595625 0.46166258125 0.3840640171875 0.461460915625 0.3614544375 0.47854763437500003 0.358571690625 0.4906618140625 0.3462846640625 0.511803003125 0.32855244843750003 0.5558265296875 0.3182642046875 0.5888966421874999 0.30929238593749997 0.6309526156249999 0.3073825515625 0.6732012109375 0.308484478125 0.6977554046875001 0.3122813328125 0.7258447703125 0.300955221875 0.7429479 0.29843125625 0.7637185796875 0.30815584218750003 0.7533455484375 0.31271706718750003 0.7545063140625 0.31795737812499997 0.7629775609375 0.3263196234375 0.7651056296875 0.336719128125 0.789165140625 0.3540415875 0.8078487781250001 0.39305118906250003 0.823486278125 0.4318642421875 0.8162332359375 0.4625157640625 0.8026206046875 0.4758021828125 0.7874438765625 0.48820463593749996 0.7963102484375 0.49056636718749996 0.789773609375 0.5024176609375 0.7399708765625 0.4960583640625 0.7226496703125 0.484616825 0.7097452359374999 0.46488999375000006 0.714717778125 0.4406788875 0.738534596875 0.416630015625 0.748117375 0.3786198078125 0.7384443359375 0.364218571875 0.717649040625 0.353660996875 0.6807015062499999 0.3520636359375 0.6603095437500001 0.3570730921875 0.6087656625 0.37436778125000003 0.557924240625 0.38233039999999996 0.5466717015625 0.3930970171875 0.5251435890625 0.3984610875 0.5093782734375 0.399263934375 0.49245219218749997