2 0.8187778781249999 0.0692253171875 0.798531771875 0.064498653125 0.47389297656249996 0.1135794359375 0.1978567375 0.1601205140625 0.153856121875 0.175530059375 0.146360425 0.18192970625 0.22057917031250002 0.43194923437500005 0.24760870937499999 0.49503865156250004 0.313635271875 0.70657968125 0.3158818421875 0.7126265921875 0.3307319015625 0.7187742796875 0.5784823625 0.670026084375 0.959398871875 0.6033084765625001 0.9729433875 0.600143925 0.9830827109375001 0.59264575625 0.9853618234375 0.5789696625 0.8283788140624999 0.0878195625 0.8187778781249999 0.0692253171875
5 0.8115658390625 0.23728908125 0.8139537453125 0.22438900624999997 0.8076492109375 0.2093523609375 0.7801956640625 0.203103890625 0.742123896875 0.1610274859375 0.7060867015625 0.1534184625 0.687178678125 0.138281034375 0.6739224203124999 0.1335241359375 0.6441897625 0.14095175937499999 0.5829837203125 0.14339068593749998 0.5420237875 0.15055627968750002 0.5357955046875 0.15601865312500002 0.534136625 0.19407386875 0.560213959375 0.20048359062499999 0.5668774234375 0.1981252953125 0.604905471875 0.199979675 0.6581099671875 0.2103098046875 0.6722365875 0.221274865625 0.682163909375 0.24219717031250002 0.6807170296875 0.25183191250000003 0.690676890625 0.25303121562499997 0.691547253125 0.259239375 0.72385286875 0.2601867203125 0.8115658390625 0.23728908125
0 0.6658669703125 0.2456842234375 0.6639793234375 0.222242371875 0.657495325 0.21590319687499998 0.6129832734375 0.207709640625 0.5963599515625 0.2088686328125 0.56271625 0.21833205000000003 0.538020715625 0.241733590625 0.5374441984375 0.2575764921875 0.5210440515625 0.2902600390625 0.52441670625 0.31431665937500003 0.5181940109375 0.3497515484375 0.49792095312500007 0.3947203984375 0.49731189843749996 0.43028630156250003 0.503795896875 0.436625478125 0.5151645078125 0.4179405265625 0.5326907328125 0.4032666921875 0.581461575 0.3320844875 0.6081479671875 0.30292830312499996 0.6359223093749999 0.28153232031250003 0.6658669703125 0.2456842234375
1 0.6111774703124999 0.234739325 0.5862968828125 0.23686582343749998 0.5774249734375 0.2434267203125 0.5780070796875 0.25755633125 0.5902135125 0.2648025421875 0.6120152921875001 0.26067048593750003 0.625848065625 0.249584484375 0.6243249328125 0.23872020468750002 0.6111774703124999 0.234739325
9 0.6065383890625 0.41117805625 0.5761529578125 0.41394955937500005 0.5293999234375 0.42968160624999996 0.49919954375 0.453728153125 0.491344921875 0.4775227421875 0.49565860468749995 0.49831403124999996 0.5208330375 0.5182385921875 0.548830559375 0.5283671625 0.5940660484375 0.5317433484375 0.6362934 0.5236404859375 0.6705517421875 0.5085836765625 0.6928212421875 0.48783269687499997 0.7018344859375001 0.46232481875 0.6948771781249999 0.4426320515625 0.68020658125 0.4277868921875 0.6490214578125 0.41487674375 0.6065383890625 0.41117805625
7 0.40087854375000004 0.301184803125 0.41869302656249996 0.278589515625 0.41898128437500004 0.270668065625 0.3958302453125 0.22526585781250003 0.382318271875 0.20870740781250002 0.3541412859375 0.207276309375 0.29460250625 0.21661879062499997 0.2632025859375 0.2171428609375 0.243212196875 0.2242177453125 0.23846892187500002 0.2302948890625 0.24148264843749997 0.2717464515625 0.24836370312499997 0.270940196875 0.2634313515625 0.27863992656250003 0.26944763125 0.301598025 0.2667333390625 0.3121700375 0.2757902953125 0.3268841828125 0.28310653124999996 0.3291820046875 0.3695902125 0.3174711484375 0.374551078125 0.31294604375 0.3963528578125 0.3088139875 0.404066146875 0.3039663796875 0.40087854375000004 0.301184803125
10 0.4397565796875 0.588473453125 0.42983484531249994 0.5975236625 0.40973566406249995 0.6038225265625 0.39076255937500004 0.6281311046875 0.41006763749999997 0.6361231015625 0.4329248296875 0.6594742453125 0.5874249375 0.6539916953125 0.6548592609375 0.64609039375 0.73717618125 0.624613778125 0.7676322796874999 0.612368784375 0.8090599359375 0.58858426875 0.8429212250000001 0.5806728921875 0.8645435421875 0.5852383062500001 0.87830565 0.5836257953125 0.91625744375 0.5649811546875 0.9136463578124999 0.546356675 0.8832228000000001 0.5388786671875 0.891403809375 0.5174121375 0.9083860578125 0.498858203125 0.9184109984375001 0.46061150156249997 0.9144181140625 0.412175759375 0.9081135765624999 0.3971391140625 0.8887322421875 0.3686480953125 0.8036786765624999 0.2808066703125 0.7924514015625 0.280544640625 0.7072351343750001 0.29131822500000004 0.6840246046875 0.31533453749999996 0.67562600625 0.335249025 0.6802279453125 0.34811886406250003 0.6929783546875 0.3592451734375 0.719599665625 0.3695349953125 0.763752790625 0.39512349375 0.7923705437499999 0.4296311859375 0.7977015109375001 0.46765616562499995 0.7796368984375001 0.5084224140625 0.7371975468749999 0.54494575 0.697869540625 0.5637516421875 0.6375719890625 0.582648240625 0.5797711421875 0.5894207859375 0.45858834843749996 0.5831118578125001 0.4397565796875 0.588473453125
11 0.2472320328125 0.2229579734375 0.24122134218750002 0.22997238750000001 0.24241809062500003 0.238508609375 0.270268690625 0.23761164687499997 0.2778731828125 0.2319880203125 0.2760236625 0.21879568124999998 0.2674400140625 0.2174351265625 0.2472320328125 0.2229579734375
11 0.3926919484375 0.2926788171875 0.3801972578125 0.2933540578125 0.369731546875 0.298524165625 0.36669086875 0.30676811875 0.37306607187499996 0.312331275 0.389798190625 0.311948303125 0.403016321875 0.306455690625 0.4033045796875 0.298534240625 0.3926919484375 0.2926788171875
11 0.826133228125 0.281330734375 0.8013614359375 0.284233253125 0.7943009203125 0.2937369796875 0.7968738796875 0.3021119484375 0.8128825578125 0.306546346875 0.8293970859375 0.3046113328125 0.8395364093750001 0.297113165625 0.8379044796875 0.28547286562499996 0.826133228125 0.281330734375
11 0.9110027328125 0.547455196875 0.90379529375 0.5459333921875 0.8783000609375 0.55365328125 0.87420955625 0.564386546875 0.883554775 0.571179240625 0.9005044828125 0.57234830625 0.913831409375 0.5676317171874999 0.920674334375 0.55657595 0.9110027328125 0.547455196875
11 0.43136915625 0.6683329671875 0.44274335625 0.6796205296875 0.45694064218749997 0.6811121 0.474178609375 0.674359715625 0.4766753140625 0.6622356625 0.4675476859375 0.6569950078125 0.445419521875 0.6587990046875001 0.43136915625 0.6683329671875
11 0.552774140625 0.5066083671875 0.5621193578125 0.5134010609375 0.5690004109375 0.51259480625 0.5762785171875 0.50464311875 0.5645072640625 0.5005009874999999 0.552774140625 0.5066083671875
11 0.5277410421875001 0.4677368234375 0.5203541421875 0.4749124875 0.5296993578125 0.48170518281249997 0.54038265625 0.4780871125 0.5361071015625 0.4675453375 0.5277410421875001 0.4677368234375
11 0.550298803125 0.43906439218750004 0.5522189890625 0.442783240625 0.5638814453125 0.44614935312500004 0.57445595 0.4417552640625 0.5747442078125 0.4338338140625 0.5689129796875 0.4321507578125 0.5579032953125 0.433440765625 0.550298803125 0.43906439218750004
11 0.6450778749999999 0.4366355390625 0.6444251046875 0.43197942031250003 0.636891278125 0.42812955468749997 0.6272578046875 0.4292583109375 0.6183858953125 0.43581920937499996 0.6304835343749999 0.44228940000000005 0.6450778749999999 0.4366355390625
11 0.65428175625 0.462375215625 0.652290903125 0.46812985781250005 0.6627947390625 0.473209259375 0.6761216640625001 0.46849266875 0.6765187187499999 0.46134723749999995 0.6720637 0.45950293125 0.6594602140625 0.45940215 0.65428175625 0.462375215625
11 0.6299888609375001 0.5086038375 0.63929595 0.5051470203124999 0.6410692140625 0.4978403390625 0.6308917640625 0.495088996875 0.618832253125 0.49886831562499995 0.6181088140625 0.5036856875 0.6299888609375001 0.5086038375
8 0.5082100875 0.5815759375 0.5470827140625001 0.58478505625 0.5858778578125 0.5822831140625 0.6494105546875 0.575247546875 0.688356175 0.5686405796875 0.7445301890625 0.5453052281249999 0.7502527046874999 0.5344193890625 0.788442475 0.48622250625 0.7952521421875 0.45722932812500006 0.790668859375 0.43488420625 0.7767923453125001 0.3927871578125 0.7573642265625 0.378310134375 0.7190747671875 0.368903959375 0.68793346875 0.348444115625 0.683668465625 0.323200840625 0.6944018875 0.3015117546875 0.7038241125 0.2963219328125 0.68084860625 0.28757211875 0.6394062500000001 0.2867070015625 0.5900618718749999 0.2863599765625 0.5400229890625 0.2914058859375 0.5168704453124999 0.3047607296875 0.47181878906249997 0.3116556328125 0.42696172343749994 0.32263248125 0.3636745609375 0.35211284374999996 0.3347164609375 0.3730772484375 0.30410870156250003 0.40812672031249997 0.2921585625 0.45733570312499994 0.2851247390625 0.48472002812500004 0.285973659375 0.5218054296875 0.3010139 0.5670347765625 0.33324581875 0.600442234375 0.3735094375 0.6239198171875 0.3888812296875 0.6249787703125 0.403800440625 0.607294421875 0.4354988203125 0.5851925609374999 0.46434594375 0.5789516734375 0.5082100875 0.5815759375