2 0.6673803734375 0.18288156875 0.169996571875 0.25323692656249996 0.1242996078125 0.2610541890625 0.11051981250000001 0.267308 0.112261990625 0.7652675921875 0.6719590015625 0.8434402125 0.7066403109375 0.8410950343750001 0.7533307 0.8106077125000001 0.7614458468749999 0.7981000921875 0.7650397671875 0.7652675921875 0.7550072296875 0.34938925 0.7590218281250001 0.2610541890625 0.75426878125 0.2274399625 0.73728846875 0.20946025937499999 0.6993384546875 0.18366329374999998 0.6673803734375 0.18288156875
5 0.5756884953125 0.2610541890625 0.5256475859374999 0.258709009375 0.5021319328125 0.26418109375 0.4576602125 0.262617640625 0.41329758906249997 0.2673079984375 0.397340034375 0.3079577625 0.4086420609375 0.31890192812499996 0.44480771875 0.322028834375 0.49243904531249993 0.3454806203125 0.519523409375 0.38534865625000003 0.550406246875 0.40411008437499996 0.6418547265625001 0.391602465625 0.6499289609375001 0.37674966875 0.649683496875 0.3626785953125 0.5844172953125 0.2837242484375 0.5953374921875 0.27278008125 0.5756884953125 0.2610541890625
10 0.3711796421875 0.719145746875 0.28476852343750003 0.7019477703125 0.2608301296875 0.683186340625 0.24131750156249998 0.679277709375 0.216344775 0.6808411609375 0.1901058890625 0.68944015 0.1681291296875 0.7035112234375 0.15726348125 0.71758229375 0.1574543953125 0.7285264609375 0.1743801609375 0.7433792578125 0.2245438015625 0.7527599734375 0.231665525 0.7629224140625 0.2510963328125 0.7621406875 0.34319937500000003 0.7871559265625 0.3877529140625 0.7934097343750001 0.45580846875000003 0.7934097343750001 0.5527852296875 0.7793386640625 0.5835726109375 0.792628009375 0.6057402859375001 0.7895011046875 0.6186336890625 0.7324350921875 0.6501963046875 0.7105467578125 0.675835171875 0.6675518171875 0.68367758125 0.639409671875 0.6753285484375 0.558891875 0.6340552890625 0.5018258609374999 0.6238830515625 0.47602889687500005 0.5960234546875001 0.47133853906249995 0.5859739484375 0.45257710937500006 0.5969486921875 0.4447598484375 0.59408909375 0.440069490625 0.5162567703125001 0.4369425859375 0.487431021875 0.45648574062499997 0.47660628281250006 0.47290199062499993 0.47833609062500004 0.492445146875 0.48394619375000003 0.49557205 0.4784860953125 0.5010441343750001 0.4926477203125 0.516678659375 0.5193502546875 0.5346583625 0.537801275 0.557328421875 0.5491987593750001 0.573744671875 0.5567023109375 0.6057954453125001 0.5477437484375 0.6495721140625 0.5328478 0.6714604484375 0.502687709375 0.6941305078125 0.44472257031250007 0.715237115625 0.3711796421875 0.719145746875
9 0.42802450781249995 0.554201515625 0.40567955468749994 0.54716598125 0.381986621875 0.542475621875 0.35281995625 0.5424756234375 0.3154426875 0.549511159375 0.2935204734375 0.5667091359375 0.2840437140625 0.5807802078125001 0.28036796875 0.6089223515625 0.28765333125 0.6284655046875 0.32140940625000003 0.65269901875 0.3507260765625 0.66129800625 0.3771558765625 0.6636431843749999 0.41456041875 0.658171103125 0.45308111562500003 0.6370644953125 0.4679770625 0.6151761609374999 0.46756796093749997 0.5917243734375 0.45612956718750003 0.5729629468749999 0.42802450781249995 0.554201515625
11 0.1947122609375 0.31655675 0.19764004531249998 0.3251557375 0.2060415625 0.3290643703125 0.215763784375 0.32906436875 0.22672489062499998 0.3204653796875 0.2126587234375 0.310302940625 0.20150670312500002 0.3079577625 0.1947122609375 0.31655675
11 0.2838623109375 0.4111456203125 0.303143115625 0.40176490625000005 0.2918683625 0.3923841921875 0.280743615625 0.391602465625 0.2725057375 0.3970745484375 0.2726693796875 0.4064552625 0.2838623109375 0.4111456203125
11 0.6331007140625 0.4471050265625 0.61082394375 0.443978121875 0.5984057640625 0.448668478125 0.5930820359375 0.4619578234375 0.601551734375 0.46977508593749995 0.6210370921874999 0.4721202640625 0.6334552703125 0.46742990781250005 0.6402360734375 0.45804919374999997 0.6331007140625 0.4471050265625
11 0.6219023906250001 0.760577234375 0.603805925 0.75823205625 0.59001249375 0.763704140625 0.588800884375 0.77386658125 0.6085044265625 0.7887193781249999 0.627894321875 0.7855924734374999 0.6333271484375 0.7785569375 0.6331498703125 0.7683944968749999 0.6219023906250001 0.760577234375
11 0.21054581875 0.7465061625 0.19665692968749998 0.7465061640624999 0.1885008765625 0.7566686046875 0.19140138281250002 0.7637041390625 0.2067882546875 0.76995795 0.216496840625 0.7691762234375 0.223332190625 0.7629224140625 0.2217796609375 0.7535417 0.21054581875 0.7465061625
0 0.311166925 0.5432573484375001 0.3399790359375 0.5229324671875 0.40547294218749996 0.455704015625 0.4411204015625 0.4291253234375 0.4875244171875 0.38222174999999997 0.4883678359375 0.35095270312500004 0.478509246875 0.343135440625 0.43255318125000003 0.3360999046875 0.396619346875 0.346262346875 0.384269353125 0.354861334375 0.313358321875 0.509643121875 0.311166925 0.5432573484375001
1 0.407255234375 0.3986380015625 0.42537897343750003 0.40254663281249997 0.44892190000000004 0.3986380015625 0.46128553281249995 0.390820740625 0.4666638109375 0.3806582984375 0.4593375359375 0.3587699640625 0.443937028125 0.351734428125 0.424492584375 0.3517344296875 0.41067187812499995 0.3556430609375 0.39563956093749997 0.3697141328125 0.39599411875 0.39003901406249997 0.407255234375 0.3986380015625
11 0.3260902765625 0.5932424859375 0.3230451734375 0.5861983515625 0.31212554375 0.5822068578125 0.29931845 0.5896027687500001 0.3015397296875 0.5973512390625 0.3120140265625 0.5996995453125 0.321581915625 0.5979383171875 0.3256763125 0.5934770046875 0.3260902765625 0.5932424859375
11 0.3192720234375 0.63304016875 0.32663967031249996 0.636679103125 0.334781275 0.636914403125 0.3420369515625 0.6342143203124999 0.3461245421875 0.629283190625 0.3435773640625 0.6268176265625 0.345047328125 0.6274047046875 0.3405950984375 0.6232959499999999 0.33179639375000003 0.621300203125 0.31930152500000003 0.622708875 0.3135690625 0.6290486734375 0.3192720234375 0.63304016875
11 0.37834649531250003 0.6463060609375 0.38797648749999997 0.6481845500000001 0.3948298296875 0.6463060625 0.3991749140625 0.6441930546875 0.40077472968750005 0.6402015609375 0.39946460781250004 0.636914403125 0.39273292187500003 0.633744503125 0.3814587171875 0.6333919453125 0.37648863125 0.6355049515625 0.371556078125 0.6398490031249999 0.37834649531250003 0.6463060609375
11 0.429575034375 0.6046298921875 0.42019295312500005 0.605099709375 0.415639534375 0.607212715625 0.41278218125 0.6108516515625 0.41303761562499997 0.6135517328125 0.42233015468749996 0.6198915328125 0.42964930937499995 0.6208303859375001 0.43338029218749996 0.6194217156249999 0.43790298437499997 0.6155474812499999 0.43872133125 0.6146086265624999 0.4384597453125 0.6115559859374999 0.4382043109375 0.608855903125 0.43691671718749997 0.6068601578124999 0.429575034375 0.6046298921875
11 0.409085196875 0.566358921875 0.4009661203125 0.567415034375 0.397258321875 0.5702323765624999 0.39585594375 0.573519534375 0.39574861875 0.5793895171875 0.4043389890625 0.5813852640625 0.4118310078125 0.5802111109375 0.41533932343749996 0.5779808453124999 0.419260203125 0.5755152812500001 0.42008059218750005 0.5746936875 0.4202296921875 0.573527353125 0.41812498906249995 0.5702323765624999 0.4153797328125 0.5683546703125 0.409085196875 0.566358921875
11 0.35342742656250004 0.5575535578124999 0.347591909375 0.5579061171874999 0.3430302953125 0.5595493046875 0.3401449484375 0.56166309375 0.3381509796875 0.5669452171875 0.34070635312499997 0.5698805984375 0.34805623125 0.5725806812500001 0.35411786093750003 0.5731677578125 0.3609595734375 0.5707021937500001 0.3624022609375 0.5696460796875 0.3632894953125 0.5667646375000001 0.36268719531250004 0.5620148703125001 0.359080584375 0.5586104515625 0.35342742656250004 0.5575535578124999
7 0.262834009375 0.3024372109375 0.22056739687500002 0.3049879828125 0.20195105937500002 0.3061214875 0.2071715609375 0.3455134515625 0.2053392890625 0.38490541718750004 0.2062340109375 0.4072940546875 0.2244760984375 0.413528321875 0.2677595421875 0.4115443015625 0.29290966875 0.4095610625 0.304372190625 0.40247627656249996 0.2921128703125 0.38378911250000003 0.28479044062500003 0.348347209375 0.2831605953125 0.3126395203125 0.262834009375 0.3024372109375