2 0.410393221875 0.3741433265625 0.39932723281250004 0.375177221875 0.28572081250000003 0.49660680937499996 0.27919704218749997 0.5152925859375 0.5945520734375 0.5982161328125 0.6098450125 0.5975732375 0.639343571875 0.5712394546875 0.7319053375 0.47692565 0.74019838125 0.4620041921875 0.44175115312499996 0.3806446453125 0.410393221875 0.3741433265625
5 0.5991521578125 0.574208615625 0.63602374375 0.537754878125 0.638552178125 0.5210142359375001 0.61541653125 0.5129587843750001 0.6047365703125 0.5178862343749999 0.59613470625 0.5296928484375 0.566398084375 0.5395444609375 0.5496446921875 0.5395378828124999 0.5305815875000001 0.5303160078125 0.49423754531249997 0.5439286515624999 0.501700671875 0.5628794796875 0.5697951171875 0.5738077484375 0.5787122515625 0.5792620140625 0.59123869375 0.5788775937499999 0.5991521578125 0.574208615625
0 0.59820635625 0.522425975 0.5873655359375001 0.5116499671875 0.5493937359375 0.4947636421875 0.522256309375 0.4745072875 0.5037336421874999 0.47073639062500006 0.5524883953125 0.540058121875 0.5882984453125 0.5351405359375 0.59820635625 0.522425975
1 0.55993218125 0.5165708390625 0.5547852140625 0.52098134375 0.5572493359374999 0.5317540609375 0.57507715625 0.5285165593750001 0.57576555625 0.521378921875 0.5696921265625 0.5164448937499999 0.55993218125 0.5165708390625
7 0.6275376078125 0.4662426984375 0.608950628125 0.4899851625 0.6293262234375 0.5124451234375 0.6446191625 0.5118022296875 0.6763437796875 0.4797589953125 0.6680378421875 0.4663883796875 0.643518946875 0.45846216562500003 0.6366027046875 0.45910835 0.6369115265625 0.46222319375 0.6275376078125 0.4662426984375
9 0.4104383484375 0.473165578125 0.41790147656250004 0.4921164078125 0.43957666562500003 0.49952238437499996 0.45909655625 0.49927048906250004 0.47400346875 0.4947340390625 0.49320809218750006 0.47722126249999997 0.493433259375 0.4654113609375 0.47098601562500003 0.45021827031250006 0.4309490125 0.45474485624999994 0.4104383484375 0.473165578125
11 0.62592274375 0.4640358015625 0.6384491859375 0.4636513796875 0.6392919984375001 0.458071165625 0.630760890625 0.4565104546875 0.62592274375 0.4640358015625
11 0.6347820125 0.511149465625 0.6446191625 0.5118022296875 0.6468452234375001 0.506092778125 0.637008071875 0.505440015625 0.6347820125 0.511149465625
11 0.58001829375 0.5783540671875 0.59369636875 0.575504275 0.5928471109375 0.566938453125 0.5831643718749999 0.5678431109375001 0.5741764796875 0.575756171875 0.58001829375 0.5783540671875
11 0.473480490625 0.4655355109375 0.47195244843750006 0.469357975 0.47186379218749996 0.4694212734375 0.47661882968749997 0.4724492234375 0.48266254999999997 0.4701979640625 0.48458076562499997 0.46756508906249994 0.48536731718750004 0.464501159375 0.4804463484375 0.46296782187499996 0.476037453125 0.4638395109375 0.473480490625 0.4655355109375
11 0.4523875421875 0.45615905 0.45096362812499996 0.458285978125 0.4509778625 0.46152737187500004 0.454887134375 0.4621358875 0.4578118046875 0.46140287031250005 0.46245274375 0.4587458875 0.462654675 0.45665689687500005 0.459856665625 0.45454167968750003 0.4555065921875 0.45464081093750003 0.4523875421875 0.45615905
11 0.42486158593749995 0.46682032187500005 0.430920371875 0.46912837500000004 0.43552503124999997 0.467471334375 0.4369640765625 0.46549703437499995 0.435433275 0.46242012499999996 0.432492153125 0.461621340625 0.42848854999999997 0.4624551640625 0.4253455703125 0.46374614999999997 0.42486158593749995 0.46682032187500005
11 0.4314866171875 0.477585459375 0.4283223859375 0.47726807187500003 0.42050687187499997 0.4781515328125 0.419644953125 0.4790753578125 0.420883209375 0.484397478125 0.42230264999999995 0.4852669140625 0.42501788281249997 0.48516727031249995 0.42854222656249996 0.4836111609375 0.4315407734375 0.482257434375 0.4327025203125 0.48023202343750004 0.4314866171875 0.477585459375
11 0.44197773281249997 0.49132563749999997 0.44377217812499997 0.4956817625 0.44958237968750003 0.4938350671875 0.45298628281250003 0.4910641703125 0.45288080624999993 0.48862036875000003 0.45026213437499996 0.48694816249999995 0.44631743281249997 0.4870102046875 0.44319838125000005 0.488528446875 0.44197773281249997 0.49132563749999997
11 0.47190397968750003 0.47986638125000003 0.46958656249999997 0.48123270625 0.46807269375000005 0.4839449046875 0.46885414062499997 0.4862084484375 0.47346021250000003 0.487311440625 0.47565704843749995 0.4861088515625 0.47924029062500006 0.483780965625 0.479314215625 0.48040087187499997 0.4757145078125 0.47981687500000003 0.47190397968750003 0.47986638125000003
8 0.3746553921875 0.5304562015625 0.40262245625000004 0.5384799390625 0.43713510624999996 0.545005596875 0.463253965625 0.5423436796875001 0.49427102031250003 0.5374510796874999 0.5187203593749999 0.529848425 0.564875296875 0.500261625 0.5788567859375 0.48899610156250006 0.579432209375 0.4670040484375 0.57315905625 0.44742490156250003 0.5503005125 0.4194235203125 0.5286431078125 0.41546373125 0.48001615312499996 0.4016147484375 0.4443367546875 0.40317523125 0.413990990625 0.40689695937500003 0.38657344843749997 0.41632834687500003 0.364186475 0.4288350328125 0.3485627328125 0.44203882656250004 0.33914168125 0.462198546875 0.33449167968750004 0.486786809375 0.34262986562500003 0.50929375 0.35494800937500004 0.5223256562499999 0.3746553921875 0.5304562015625