2 0.347054640625 0 0.249120365625 0.0231148046875 0.015786849999999998 0.45207624218750003 0.0168358234375 0.4821149171875 0.0354471390625 0.4870643 0.45741175624999997 0.5106461109375 0.504501990625 0.4971321796875 0.5359005203125 0.45692792187500003 0.6893769 0.15915600937500002 0.7529706671875 0 0.347054640625 0
10 0.45693576093750005 0 0.43903263125 0.0030860749999999998 0.35605215156250003 0.0290701546875 0.33815873281250003 0.038892309375 0.308370925 0.0331254890625 0.29493978906249996 0.03709539375 0.187490446875 0.142440034375 0.15607706875 0.2026438109375 0.14564518125 0.26749354531249997 0.137267325 0.2750698015625 0.13942449375 0.298555875 0.1415965109375 0.30204243124999997 0.19883758125 0.3093280375 0.22994047968750003 0.3011871765625 0.2578519015625 0.27140404375 0.2639543375 0.253167075 0.246519078125 0.2316873109375 0.24551447187500003 0.1935320765625 0.25885705 0.1623884921875 0.2733816171875 0.1501621046875 0.274637578125 0.1426671046875 0.30074632343749996 0.12450721406250001 0.30488355 0.11713200625 0.3309331671875 0.10538479687499999 0.363513684375 0.084097734375 0.42170050625 0.0623658625 0.44529732656250004 0.05919597812500001 0.507650803125 0.0636752546875 0.5492295953124999 0.0778568921875 0.605451209375 0.0669867828125 0.6390069078125 0.0502685984375 0.6468971734375 0.0404079046875 0.6551370999999999 0 0.45693576093750005 0
9 0.4395933890625 0.19971449531250002 0.47756709375 0.1635572234375 0.478571971875 0.128127065625 0.46243695156250003 0.1127391375 0.4423272390625 0.10548789843749999 0.40856473437499996 0.107857765625 0.36859639375 0.1212904421875 0.344718790625 0.13652420625 0.322303959375 0.1586112890625 0.31277354375 0.18085670625 0.31716185625 0.20141665468749997 0.33585307656249996 0.2154014171875 0.36123772656250003 0.2206078078125 0.407943775 0.21198359687499999 0.4395933890625 0.19971449531250002
0 0.3921632453125 0.231704984375 0.1907550890625 0.35842628906249996 0.1833524140625 0.370571421875 0.185465303125 0.38047065625 0.2193163640625 0.4052744671875 0.23986938906250002 0.4012233078125 0.26766256093749996 0.384265534375 0.2962241046875 0.357528321875 0.4015605578125 0.242284446875 0.40145715312499997 0.23511028750000001 0.3921632453125 0.231704984375
1 0.259438565625 0.3596894796875 0.260335278125 0.34978216562500003 0.25369846093750004 0.3457273328125 0.239880415625 0.3480049140625 0.229568346875 0.3514226109375 0.226469175 0.3545432125 0.2201877328125 0.3603817125 0.21801303593750002 0.3666562453125 0.225967175 0.37335077031249997 0.2375097125 0.37217255 0.2506600796875 0.3679441765625 0.259438565625 0.3596894796875
7 0.4188349203125 0.45403465781249996 0.4583315640625 0.4568956875 0.4725563234375 0.4346148796875 0.49810755 0.3764809734375 0.5074454609375 0.3595015515625 0.45716663437499994 0.351667671875 0.42105135625 0.3516374375 0.38747024375 0.356971090625 0.3763269046875 0.3611568734375 0.379046865625 0.376067796875 0.386304215625 0.3818725921875 0.357968678125 0.43781222968750005 0.35987822812500003 0.4511003921875 0.4188349203125 0.45403465781249996
8 0.6458284140624999 0.0365913671875 0.625849221875 0.0553457296875 0.5899537718750001 0.0735847578125 0.56623038125 0.0773524046875 0.53705465625 0.075998609375 0.51375570625 0.0689842078125 0.4798762859375 0.0583634640625 0.45677921250000003 0.057405796875000005 0.3921090765625 0.06595481875 0.36085149843750003 0.07272206718749999 0.32010884375000004 0.10400757812500001 0.29292728281249997 0.1247674078125 0.2822957578125 0.1336858234375 0.26341585156249997 0.15248626875 0.253110209375 0.16804242656249999 0.24501400625 0.196505628125 0.2493334671875 0.2192917875 0.25771791718750003 0.24325488750000002 0.265906590625 0.25353013281250003 0.2566164328125 0.2712885265625 0.23995935937500001 0.28773269375 0.22116461250000002 0.304376665625 0.22217399218749997 0.3142100203125 0.23453605 0.3210591359375 0.244225215625 0.3230450109375 0.325639871875 0.3317628578125 0.352690240625 0.3307116671875 0.3819353515625 0.324724146875 0.4260427125 0.314313765625 0.46220212343749995 0.3024223578125 0.5030382546875 0.28179665468750004 0.5352395546875 0.2641247953125 0.5653883375000001 0.2444962640625 0.5899590921875 0.219164078125 0.612555028125 0.1973501875 0.63044116875 0.1739004703125 0.644944625 0.1524705015625 0.6593810609374999 0.11030288749999999 0.6593834249999999 0.082223928125 0.652639253125 0.055737309375 0.6525383140625001 0.052708942187499996 0.6458284140624999 0.0365913671875
11 0.4414246890625 0.4424337875 0.43337189374999996 0.45153300312500005 0.44483781718750004 0.458424859375 0.464415665625 0.44980482187500004 0.4626278359375 0.44142854531250003 0.4521370921875 0.4391055671875 0.4414246890625 0.4424337875
11 0.434687253125 0.3640399296875 0.43730258125 0.356224084375 0.4308899359375 0.35293857812499996 0.41425247968749995 0.35526572968750003 0.41066196718750003 0.358512696875 0.414621815625 0.37037552812499996 0.42582180625 0.3693317453125 0.434687253125 0.3640399296875
5 0.181333084375 0.38117961093749997 0.1799835609375 0.3681671875 0.18847966875 0.3477655734375 0.1743541359375 0.335102721875 0.12003860625 0.3415237484375 0.107582653125 0.35006253125 0.1030612390625 0.362327459375 0.12382080468750001 0.4462100109375 0.1971526171875 0.45529670624999996 0.2068307109375 0.4538122875 0.2434450484375 0.4179758578125 0.206594475 0.4058776125 0.181333084375 0.38117961093749997
11 0.38040115937499996 0.19176323125 0.3793403359375 0.196004815625 0.3805808578125 0.2006662359375 0.382638546875 0.2022457609375 0.392435059375 0.20323609375 0.4019300453125 0.1959032671875 0.403106278125 0.1887438203125 0.3959489609375 0.1863043390625 0.38632795781249996 0.1884375515625 0.38040115937499996 0.19176323125
11 0.4283185890625 0.16407605 0.426922140625 0.1667451796875 0.42539466406250004 0.1695764078125 0.43024455625 0.176558096875 0.44110341406250003 0.1733072859375 0.45134557500000005 0.167173834375 0.45091830625 0.162870759375 0.4436503671875 0.159906296875 0.4322222375 0.1616405984375 0.4283185890625 0.16407605
11 0.440486375 0.126659053125 0.43275380625000004 0.12958550156249998 0.42877407031250003 0.1339657265625 0.4278452453125 0.1365244859375 0.42727222343750004 0.138448975 0.4281593359375 0.140303984375 0.4369469078125 0.140019153125 0.4464495109375 0.13502326250000002 0.448700925 0.1282987109375 0.4471123796875 0.12660925625 0.440486375 0.126659053125
11 0.3853812734375 0.133334421875 0.38662418593750003 0.1345551640625 0.392041653125 0.13575361875 0.4019840828125 0.1305171453125 0.40452521875 0.1239993578125 0.3951682109375 0.1227669203125 0.3894765796875 0.1260370953125 0.3843708125 0.1320588171875 0.3853812734375 0.133334421875
11 0.346930875 0.153557803125 0.34299775 0.1558618390625 0.34018706875000004 0.159966140625 0.34328301250000004 0.162951484375 0.347268296875 0.1643503953125 0.35496154375 0.162397034375 0.3568471484375 0.15741049375 0.35795371249999997 0.1545338390625 0.3539963828125 0.1532659015625 0.346930875 0.153557803125
11 0.334685478125 0.1929191359375 0.33848285625 0.1957389234375 0.34739241875000004 0.1948750078125 0.3535071265625 0.1901284515625 0.357236625 0.184569134375 0.3515851875 0.1834251015625 0.340849678125 0.1860965078125 0.33884447500000003 0.1882214546875 0.334685478125 0.1929191359375
11 0.15971158593749998 0.286569075 0.1596081828125 0.279394915625 0.151673640625 0.275668771875 0.142158075 0.2779146703125 0.13242085312500002 0.28581176875000003 0.1367057609375 0.299197559375 0.15149626249999998 0.29490681093750004 0.15971158593749998 0.286569075
11 0.2772680265625 0.0412663484375 0.266008909375 0.048722809374999995 0.26382204374999996 0.065235771875 0.27159405468750003 0.0682004375 0.29259039531250003 0.052846878124999996 0.2910242203125 0.0388194015625 0.2772680265625 0.0412663484375