2 0.5097790578125 0.41065225781250003 0.3900924421875 0.4592822859375 0.400759096875 0.7048828515625 0.4070533453125 0.7172367578125 0.6168875390624999 0.6456678359375 0.6211921296875 0.6386224578124999 0.6201994609375 0.58864233125 0.6082658359375 0.39168565625 0.60328953125 0.383467928125 0.5948695546875 0.380886503125 0.5097790578125 0.41065225781250003
1 0.54998906875 0.55000071875 0.546626175 0.55424615625 0.54622228125 0.5612004859375 0.5486158328124999 0.573645440625 0.55547553125 0.576263284375 0.561098065625 0.5733540859375 0.5619589828125 0.571945009375 0.5635469078125 0.558018140625 0.5593507421874999 0.549782203125 0.557091103125 0.5484459671875 0.5524102656250001 0.548555225 0.54998906875 0.55000071875
9 0.49459916562500006 0.55129360625 0.4916678109375 0.5346942625 0.4859113671875 0.5264947453125 0.476173446875 0.519777140625 0.4659508546875 0.5214047328125 0.455942953125 0.5327501765625 0.44840937968750005 0.555149709375 0.448139396875 0.5732127578124999 0.44991436562500003 0.5828941890625 0.45550925312499996 0.5938754390625001 0.465784978125 0.6047474312500001 0.4752274296875 0.6031380484375 0.48257179843750003 0.5974106984375 0.48773730625 0.588956246875 0.4933067078125 0.5735474609375 0.49459916562500006 0.55129360625
11 0.5788840359375 0.495156028125 0.5779423390625 0.49795596875000003 0.57848014375 0.5021103578125 0.5820577265625 0.507582771875 0.583698784375 0.5061554859374999 0.5862815375 0.501928259375 0.5865238749999999 0.4977556640625 0.5859052921875 0.49499214062499997 0.5844257921875 0.49363769375000005 0.58052509375 0.4937287421875 0.5788840359375 0.495156028125
11 0.5467665671875 0.444513421875 0.55034415 0.4499858375 0.552765346875 0.44854034374999996 0.5544871828125 0.445722190625 0.5549718546875 0.43737699531249996 0.5527929921875 0.43464989374999996 0.5496724359375 0.43472273125000005 0.5480313781249999 0.4361500171875 0.547170459375 0.43755909375 0.5467665671875 0.444513421875
8 0.5384522015625001 0.5909588015625 0.53953691875 0.5778756765625 0.5395875671875 0.5770036046875 0.5409232484375 0.52879980625 0.5398562015625 0.5163461140625001 0.53706540625 0.50277285625 0.5333807296875 0.487768978125 0.5275956359375 0.4725238296875 0.522652296875 0.459580021875 0.5141081140625 0.44701055937499995 0.493945375 0.43558318125 0.4830514640625 0.432645584375 0.469702678125 0.4355698390625 0.45553303281249996 0.44141344374999997 0.442492475 0.45303524375000004 0.434525121875 0.46134675156249993 0.425731825 0.4754820859375 0.41829209062499995 0.48871354531250005 0.41488129531249995 0.499820275 0.40740172656249996 0.5249520609375 0.40295059375 0.542757125 0.400004434375 0.5654621078125001 0.39965525625 0.585492409375 0.40258644062500004 0.6022556578125 0.40785480781250005 0.6236077125 0.4132471328125 0.6400218265625 0.42101061562500003 0.65202891875 0.4304479 0.6660290171875001 0.4410821734375 0.6762273203125 0.45086272968749996 0.681513278125 0.47207158437499996 0.6833392171875 0.4806957625 0.6805266343749999 0.49428082343749996 0.673534096875 0.5036023578125 0.6643214796875 0.5118340578125 0.6542620203125 0.519419259375 0.6413160734375001 0.524307821875 0.632787521875 0.5306914875000001 0.6181278390625 0.5362992875 0.60000548125 0.5384522015625001 0.5909588015625
0 0.5014865093750001 0.5400210000000001 0.5247014921875001 0.5561468921875 0.5532690234375 0.5874266328125 0.5665590421875 0.5732266171875 0.5715098609375 0.5550543109375 0.572936228125 0.543909175 0.5610194468749999 0.5344644671875 0.5261555062500001 0.5311113046875 0.501837271875 0.5205670875 0.49309417968749997 0.5235491265625 0.5014865093750001 0.5400210000000001
5 0.5968250828125 0.5350176890625 0.59085395 0.5171003171875 0.5814922765625 0.5173188343749999 0.5736101031249999 0.518891796875 0.571726709375 0.52449168125 0.5725046890625001 0.564753953125 0.5610704171875 0.5872445359375 0.5387418421875 0.596099603125 0.53064281875 0.628235196875 0.5464326515625 0.6514793046875 0.567281728125 0.6412697921875 0.571747875 0.63144268125 0.5831545 0.62284255 0.5945334765625 0.6281328687500001 0.59961820625 0.6210692828125 0.5968250828125 0.5350176890625
11 0.4734376421875 0.5828729312500001 0.47367518750000004 0.587730209375 0.47472415 0.5897905828125001 0.4773192 0.592045440625 0.47874764374999995 0.5898119546875 0.4800121234375 0.5881614984375 0.48070936093750005 0.5839768953125 0.47988487187500006 0.5802917265625 0.47791870156250005 0.5783694359375 0.47588340625000003 0.5787641890625 0.4734376421875 0.5828729312500001
11 0.48438585468750006 0.55645038125 0.48323555156250003 0.5594885406250001 0.48305118281250004 0.5637764609375 0.4849492015625 0.5668587515625 0.4853846078125 0.567195834375 0.4876217234375 0.566679696875 0.48851743281250004 0.5661337546875 0.4895790640625 0.5631601703125 0.48965334687500006 0.558527575 0.488319375 0.55578075 0.486663278125 0.5552402015625 0.48438585468750006 0.55645038125
11 0.47713523750000003 0.5415686296875 0.4786030859375 0.5419968984375 0.48139408437500003 0.5419317515625 0.48423240625 0.538970865625 0.4837257484375 0.5353935671875 0.482679325 0.5321761109375001 0.4805004640625 0.5294490078125 0.4778220984375 0.529742096875 0.47577310625 0.53372629375 0.47617122343749996 0.539159028125 0.47713523750000003 0.5415686296875
11 0.46580041562499996 0.5310644359375 0.463644078125 0.530189709375 0.4618794421875 0.53150459375 0.46033739375 0.5357075265625 0.460139534375 0.540227721875 0.46122218125 0.54170810625 0.46337843593750005 0.5425842265624999 0.466025815625 0.5417112656249999 0.4673306828125 0.5393653781250001 0.4676696984375 0.5357683390625 0.4673243921875 0.5327664796875 0.46580041562499996 0.5310644359375
11 0.4536803625 0.555315584375 0.4522998734375 0.5567367875 0.45121856875 0.5608136828125 0.45108383124999996 0.5631336484375 0.4522092765625 0.5661172984375 0.4526690453125 0.567148303125 0.4551650875 0.5676067406249999 0.45674634062499997 0.5662433546875 0.457766359375 0.5632082375 0.45743707968749997 0.558817021875 0.45598039218749997 0.5559563890625 0.4536803625 0.555315584375
11 0.45914381718749997 0.579734121875 0.4579078671875 0.5831201375 0.45760331875000004 0.5861371656250001 0.45804697812499995 0.588558915625 0.45935580624999994 0.5906118359375 0.46062183437500004 0.5911614890625 0.46291769687500006 0.59076065625 0.46506074843749995 0.5885104875 0.465444321875 0.585259653125 0.46418704375 0.5800789359375 0.4614793671875 0.57863648125 0.45914381718749997 0.579734121875
7 0.586981753125 0.4979338765625 0.5857128546875 0.45908176406249995 0.5827260484375001 0.43863485156250004 0.5797347921875 0.42943878281250003 0.5609830796875 0.42805691250000005 0.5518695203124999 0.4332324640625 0.546606421875 0.436002709375 0.547965884375 0.4525165140625 0.5513292671875 0.4617038953125 0.5536099531249999 0.50549660625 0.5571836234374999 0.5157180390625 0.579712840625 0.509686253125 0.58638225 0.505063615625 0.586981753125 0.4979338765625
11 0.589027178125 0.6110922078125001 0.5892136 0.6176882921875 0.593867896875 0.6208798703125 0.5958543890625 0.618548628125 0.59695619375 0.6093834203124999 0.5937559968749999 0.6056495328125 0.589027178125 0.6110922078125001