2 1 0.291996828125 0.603382459375 0.174957278125 0.25138720625 0.084331259375 0.23454195156250002 0.0847218265625 0.2130992859375 0.0985843171875 0.0182911703125 0.3140472546875 0.0274014890625 0.47046540156249994 0.0334149953125 0.47465526562499993 0.26942375625000003 0.53988393125 0.6278763359374999 0.6350090453125 0.6469325140625 0.6390223265625 0.6606192921875 0.6367679875000001 0.9832422515625 0.34125521875 1 0.3239005390625 1 0.291996828125
5 0.43352615781250003 0.1711474765625 0.41461035468749996 0.16790574062500002 0.38123565 0.1781708734375 0.29904485625 0.1758151046875 0.2480177140625 0.1897824265625 0.23594529999999997 0.185413521875 0.2251362515625 0.1879885421875 0.21001054218749998 0.20557857968749998 0.16944145 0.2305380546875 0.1564916015625 0.2445910359375 0.155298359375 0.2535289234375 0.20225439843749998 0.2791708828125 0.23366386718749999 0.25810408749999997 0.300694021875 0.23911691406250002 0.325751346875 0.23737374375 0.38235838125 0.24632740156250002 0.385762546875 0.2417933640625 0.4158383984375 0.228892909375 0.44794986718749996 0.1806917765625 0.43352615781250003 0.1711474765625
0 0.30399287343750003 0.2417522359375 0.2843049484375 0.249763028125 0.25440453125 0.2713759359375 0.24570109218749997 0.2855241625 0.2553870171875 0.3077688421875 0.276934865625 0.3177290671875 0.30950225625 0.34176763125 0.39049967812499997 0.3840533625 0.40646750000000004 0.40208468125 0.456020109375 0.42417750468750004 0.43998257656249995 0.39259109531249997 0.378673209375 0.3113024953125 0.3716895765625 0.28066604375000004 0.3420701671875 0.2418378953125 0.32329473750000004 0.23936770625 0.30399287343750003 0.2417522359375
1 0.3224523640625 0.2657304984375 0.283989009375 0.2712711046875 0.2790757953125 0.2752590296875 0.27858442031249997 0.28805464999999997 0.28820022500000003 0.29441751875 0.3151877234375 0.29553510156249996 0.3309099890625 0.2889721578125 0.3387711859375 0.2701946484375 0.3224523640625 0.2657304984375
10 0.645599546875 0.49222829062500006 0.6130670874999999 0.5071227078125 0.5953443953125 0.5259351609375 0.5910277359375 0.5409501796875 0.6030649593749999 0.5683702546875 0.6401596359374999 0.5630550828125 0.6693580546875 0.568576515625 0.6824833375 0.5632359859375 0.6789037375 0.559057571875 0.6838169546875 0.555069646875 0.7011886453125 0.5498243625 0.7152965453125 0.5498846640624999 0.71922714375 0.5404959093749999 0.7453373375 0.5290433046875 0.7512331703124999 0.530456209375 0.74996980625 0.5235122859375 0.7988562781249999 0.49003084843750006 0.834196346875 0.45957530156250004 0.8631843984375 0.4174513015625 0.8745550734374999 0.38697039375000003 0.87662575 0.3596106203125 0.913685365625 0.34635454375 0.9197918234375001 0.33342873281249996 0.8989809093750001 0.3352671484375 0.852551303125 0.3047704703125 0.8435672453124999 0.2863835296875 0.828441665625 0.2729814921875 0.7887501375 0.24852700468750002 0.7185265734375 0.2267174234375 0.663568965625 0.219081425 0.601381903125 0.21819886249999998 0.4951866546875 0.2078768296875 0.43773711562499995 0.2562780390625 0.4497743359375 0.28369811562499997 0.48395609375 0.30111343281249997 0.541194878125 0.298043015625 0.5959419921875 0.28902565468749997 0.653075465625 0.2931245953125 0.678027475 0.29855078281249997 0.717683940625 0.315064365625 0.753444871875 0.3489076078125 0.760323190625 0.38671341875 0.7478645859374999 0.41896285312500003 0.7330196265625 0.438095984375 0.6672176453125 0.48707825156249995 0.645599546875 0.49222829062500006
9 0.586185553125 0.34387538906250004 0.54498484375 0.3498668640625 0.51094333125 0.3642151671875 0.48869348593749995 0.38138928125 0.47549795 0.40184007343749995 0.476164628125 0.4287489796875 0.4869034265625 0.44128422343749996 0.5162772796875 0.455518109375 0.5482130515625 0.460588675 0.5883258328125 0.45636572812500004 0.6177348765625 0.44754844374999997 0.6529696296874999 0.4242622546875 0.66549835625 0.40789463125000003 0.6687270875 0.39464813906249996 0.6580585421875 0.36700263125 0.6356684515625 0.3524131234375 0.586185553125 0.34387538906250004
11 0.05475260625 0.40597798125000006 0.0450314875 0.406784471875 0.0360122375 0.41144869999999995 0.0350997421875 0.42192967968749995 0.0412763234375 0.42488568125 0.056472153125 0.423177453125 0.065491403125 0.41851322656249995 0.06531596875 0.409800775 0.05475260625 0.40597798125000006
11 0.231101425 0.39123570937499996 0.22001162968750002 0.392267634375 0.20962370312499998 0.3971572953125 0.20650028437499998 0.40323442812500004 0.2161160921875 0.40959729375 0.23008361875 0.4088860484375 0.237593815625 0.40367570781250006 0.23713763437500002 0.3934201609375 0.231101425 0.39123570937499996
11 0.49192286249999995 0.213182415625 0.5122424062500001 0.22413962187499997 0.5312635234374999 0.2202119984375 0.5468454140625 0.21287750625 0.542142825 0.2025267140625 0.532667390625 0.19693539375 0.5092594953125 0.199996225 0.49192286249999995 0.213182415625
11 0.9209149468750001 0.308609034375 0.9118606343750001 0.30533235625 0.8918919624999999 0.3118000546875 0.882627025 0.3228620921875 0.8882771734375 0.330672809375 0.904174871875 0.33282231875 0.9200375109375001 0.327030921875 0.9265650921875 0.31641975 0.9209149468750001 0.308609034375
11 0.7072248531249999 0.552008815625 0.6973633609375 0.5520437593749999 0.6828693984374999 0.5576097234375 0.6749731406249999 0.5684463265625 0.68322026875 0.575034628125 0.704171559375 0.573967759375 0.715647415625 0.56730956875 0.7184900828125 0.55968934375 0.7072248531249999 0.552008815625
8 0.5816843031250001 0.533364753125 0.59381503125 0.5155766546875 0.6144053828125 0.5045452921875 0.6378088890625 0.494068546875 0.6633059953125 0.4801914671875 0.6898603828125001 0.4671590109375 0.7000085984375 0.458356153125 0.7203530765624999 0.43106585312499995 0.7362867375000001 0.4192725515625 0.74342073125 0.4038356078125 0.746798196875 0.3727179640625 0.7456974734374999 0.36169365 0.7398701828124999 0.3346390265625 0.707579853125 0.321111196875 0.6802173812500001 0.3098279984375 0.65551071875 0.30320118281249997 0.62832820625 0.29290710781249996 0.605307175 0.2905863 0.573442675 0.294306534375 0.54983810625 0.29870380937499996 0.5254448234375 0.303740375 0.50516958125 0.306570515625 0.48012410625 0.3030558 0.46403441250000005 0.29908395468750004 0.44274706249999995 0.2913845640625 0.4355023453125 0.2813722234375 0.4267714140625 0.2731320265625 0.4158808875 0.2728882703125 0.3914876046875 0.2779248359375 0.374226725 0.2873898328125 0.2913668984375 0.34212593125 0.2768527 0.3533453171875 0.259748940625 0.37857369375 0.26066947812499996 0.408474034375 0.2669437078125 0.457867065625 0.2844488671875 0.48452638124999997 0.3017740703125 0.5101965749999999 0.33914938125 0.5417324109375 0.3740716796875 0.5548267296875 0.4151168671875 0.5618187296875 0.4700458375 0.5705989984375 0.5217116125000001 0.5763510703125 0.559898696875 0.5726082109374999 0.5820185609374999 0.5699836265625 0.58789261875 0.5674879671874999 0.5837986421875 0.554919140625 0.5816843031250001 0.533364753125
7 0.21753046718750002 0.42474751718750003 0.23254076875 0.40292024687500005 0.235669034375 0.3952736390625 0.219895821875 0.383100346875 0.1797968296875 0.371368059375 0.15920821093749998 0.36253481875000004 0.12903244375 0.35069623125 0.10909478749999998 0.35041526875 0.09025908125 0.3611576234375 0.07020860625 0.37515635625 0.0594516421875 0.3855876265625 0.039782190625000005 0.4066549515625 0.0369912296875 0.4111889125 0.057714774999999996 0.43069695625 0.099659759375 0.44263457187500005 0.12006841875 0.4504786890625 0.15094155 0.46118365 0.1786880078125 0.45966984375 0.20494998281250001 0.440063578125 0.21753046718750002 0.42474751718750003
11 0.5120311296875 0.39343871406250003 0.5108028265625 0.3944356953125 0.5039594375 0.395562865625 0.5001341515625 0.3977822625 0.4991865953125 0.4003223375 0.5001692125 0.4057231671875 0.5018186375 0.407040828125 0.50469636875 0.40736150625 0.508802403125 0.40668520468749997 0.5100307046875 0.4056882234375 0.5155054171875 0.4047864875 0.517962025 0.402792525 0.5199975125 0.398483921875 0.5180673390625 0.3956231671875 0.5149088609375 0.3937593921875 0.5120311296875 0.39343871406250003
11 0.6039782359375 0.371936821875 0.6045397312499999 0.3750230125 0.60783858125 0.37765833125000003 0.6201566828125 0.3756294265625 0.622753665625 0.3744070109375 0.6247891515624999 0.37009840625 0.6232801 0.36955229375 0.6227186031249999 0.3664661046875 0.6210691781250001 0.3651484453125 0.6181914468749999 0.36482776562499997 0.608610703125 0.3664058046875 0.606013721875 0.3676282203125 0.6039782359375 0.371936821875
11 0.5246999703124999 0.43982678750000004 0.5353686468750001 0.436480221875 0.53589508125 0.4316255046875 0.5339649078125001 0.42876475000000003 0.5294377515625001 0.42712641093750003 0.5265600218750001 0.42680573125 0.5224539906250001 0.4274820328125 0.5175407734374999 0.43146995937500005 0.518523390625 0.4368707875 0.5203131890625 0.43895999531249996 0.5246999703124999 0.43982678750000004
11 0.5841496765625 0.44116022031249996 0.5882557109375 0.4404839171875 0.594677978125 0.43704210625 0.595485159375 0.43373048281250004 0.59081763125 0.431320596875 0.58369349375 0.43090467187500003 0.579587459375 0.43158097343749996 0.577130853125 0.43357493593749996 0.5764640437499999 0.43765810624999996 0.5812719453125 0.44083953906250006 0.5841496765625 0.44116022031249996
11 0.6224727875 0.403855990625 0.6213848578125 0.40562451875 0.621946353125 0.40871070937500004 0.625245203125 0.4113460296875 0.628122934375 0.41166670781250003 0.6322289671875 0.41099040625 0.6400199125 0.4073231609375 0.6390372953125001 0.4019223296875 0.6373878687500001 0.4006046703125 0.636019190625 0.4008301046875 0.6330010890625 0.39973787656250004 0.6261576984375 0.4008650484375 0.6224727875 0.403855990625
11 0.543861721875 0.3746865625 0.5482485031250001 0.375553353125 0.55646056875 0.37420075 0.5604262296875 0.3727529 0.5638303953125 0.3682188625 0.56232134375 0.36767274843750003 0.5616194734375 0.3638150140625 0.5570923171875 0.362176675 0.5475115734375 0.3637547125 0.5450549640625 0.36574867499999997 0.541931546875 0.37182580781249996 0.543861721875 0.3746865625