2 0.6722337859375 0.9826178046875 0.7899969984374999 0.5846517921875 0.8805862015624999 0.2336957515625 0.8801957937499999 0.2168727390625 0.8663389328125 0.1953806734375 0.6641533578125001 0.011592840625 0.4940259078125 0.0086232546875 0.4904207625 0.013771142187499998 0.4252185953125 0.249057159375 0.330132125 0.6064349703125 0.326120475 0.6254400796875 0.3283738984375 0.6391200484375 0.623766615625 0.9629918140625 0.6483255406249999 0.9868239859375001 0.6722337859375 0.9826178046875
5 0.7938052546875001 0.41506483125000004 0.7970456718750001 0.39619540625 0.786784709375 0.36280958281250003 0.7891395203125 0.280752096875 0.775177871875 0.229717996875 0.779545003125 0.21768855625 0.776971028125 0.20688026406249999 0.7593881359375 0.1916742859375 0.734438803125 0.1510191015625 0.72039153125 0.1380063859375 0.7114572734375 0.1367629078125 0.68582573125 0.183501515625 0.7068839671875 0.2149877703125 0.7258634265625 0.2820307828125 0.7276058890625 0.307061778125 0.71865586875 0.36353437187500004 0.723188065625 0.3669599453125 0.7360832796875 0.397067040625 0.78426483125 0.42941205312499997 0.7938052546875001 0.41506483125000004
0 0.7232291765625 0.2853095078125 0.7152216375 0.26560365468749997 0.6936175109375 0.2356210796875 0.67947503125 0.22684803750000002 0.6572393890625 0.23639052500000002 0.6472832109375 0.25784909843750003 0.6232544125 0.290229315625 0.5809858593749999 0.3708629875 0.5629618640625 0.386702725 0.5408780156249999 0.436054759375 0.57245159375 0.42022423125 0.6537071703125 0.35947675156250003 0.684331178125 0.352681425 0.7231435515625 0.3233308921875 0.7256127375 0.30459714843749996 0.7232291765625 0.2853095078125
1 0.6992606546875 0.303602709375 0.6937223 0.26516311406250004 0.6897359953125 0.260233859375 0.6769455703125 0.2596687984375 0.6705852875 0.2692336125 0.669468159375 0.29617533749999997 0.6760284375000001 0.311912884375 0.69479831875 0.3198718265625 0.6992606546875 0.303602709375
10 0.472854875 0.6249626125 0.457966509375 0.592390890625 0.4391616984375 0.574584603125 0.42415277968750004 0.5701869187499999 0.3967438453125 0.582047184375 0.40205685625000004 0.619118784375 0.3965376671875 0.64824260625 0.4018760265625 0.6613798421875 0.40605274375 0.6578297484375 0.41003904843749994 0.6627590015625 0.41528220156250006 0.6801359109375 0.4152219234375 0.6942229296875 0.42460686562500005 0.6982024015625 0.4360548171875 0.724341190625 0.43464248593750004 0.7302202265625 0.44158359062499997 0.728999078125 0.4750514234375 0.7780090921875 0.5054946015625 0.8134748187499999 0.5476014874999999 0.842665621875 0.5780700109375 0.8541969859374999 0.6054186703125 0.8564237390624999 0.6186693625 0.8935065015625 0.6315899234375 0.899679234375 0.629752253125 0.8788879140624999 0.6602365406249999 0.8327032046875 0.6786160140625 0.8238391343749999 0.6920126062499999 0.8088134968749999 0.716457159375 0.7693219250000001 0.73825788125 0.699327371875 0.7458907765625 0.6444941421875 0.74677298125 0.5824027109375 0.7570908203125 0.476422025 0.7087092734375 0.418774653125 0.6813003375 0.43063491875000004 0.66389209375 0.4646656671875 0.666961265625 0.52183900625 0.6759749609375 0.57655888125 0.6718776859375 0.633585375 0.666453703125 0.6584695218750001 0.6499468296875001 0.6979722578125 0.6161173343749999 0.73348435625 0.5783268828125 0.7401328390625 0.54609055 0.7275048453124999 0.5269651890625 0.7125702328125 0.478002821875 0.646579196875 0.472854875 0.6249626125
9 0.621147509375 0.5664977078125 0.6151584703124999 0.5253221171875 0.60081599375 0.4912467140625 0.5836488578125001 0.46892938749999996 0.5632063734375 0.45563413906249994 0.5363083984375 0.45614337968749996 0.523778246875 0.4667936609375 0.5095501453125 0.496042003125 0.5044816390625 0.5279018171875001 0.50870286875 0.5679807765625 0.517516571875 0.59739829375 0.540793303125 0.632717171875 0.557154275 0.6453228390625 0.5703953859374999 0.64862389375 0.5980296640625 0.6381316234375001 0.61261324375 0.6158589515624999 0.621147509375 0.5664977078125
11 0.5590701453125 0.035477034375 0.5582639828125 0.025765375 0.5536016515625 0.016732128125000002 0.5431249265625 0.01576001875 0.540170128125 0.021910421875 0.5418776609375 0.037094071875 0.54653999375 0.0461273171875 0.55524890625 0.0460027984375 0.5590701453125 0.035477034375
11 0.5738064296875 0.21165494062499998 0.5727749234374999 0.20057528281249998 0.5678872484374999 0.190174040625 0.5618125859374999 0.1870198328125 0.5554523031249999 0.196584646875 0.5561632609375 0.210535984375 0.5613714843750001 0.21806554843749998 0.571622865625 0.2176696625 0.5738064296875 0.21165494062499998
11 0.751787390625 0.473132134375 0.740834634375 0.49335839375 0.7447606640625 0.5123746671875 0.752092175 0.5279765296875001 0.7624387625 0.52334096875 0.7680278109375 0.5139118390624999 0.7649682234374999 0.4905202078125 0.751787390625 0.473132134375
11 0.6563995375 0.900945040625 0.6596748859375 0.8919229578125 0.6532098140625 0.8719457374999999 0.6421522687500001 0.8626299625 0.6343447265625 0.8682264703125 0.632196090625 0.8840885343749999 0.637985134375 0.8999617640625001 0.64859199375 0.9065415453125001 0.6563995375 0.900945040625
11 0.4130986359375 0.6861506328125 0.41306370625 0.6763032890625 0.40750000468750003 0.6617980546875 0.396667803125 0.6538502765625 0.390082178125 0.66204709375 0.3911486140625 0.682974096875 0.39780409687499996 0.6944719703125 0.4054212296875 0.6973548093749999 0.4130986359375 0.6861506328125
8 0.43173512656249996 0.5609011875000001 0.44951599687500005 0.57311769375 0.46054287812499994 0.593742225 0.471015365625 0.6171725921875 0.48488680781250004 0.642713284375 0.49791397187499997 0.6693048078125 0.506713253125 0.679489440625 0.533992465625 0.699962996875 0.545780978125 0.7159420437499999 0.56121165 0.7231554171875 0.5923166531249999 0.7267089046875 0.6033364890625 0.7256738875 0.630380121875 0.720012390625 0.643902453125 0.6878477109375 0.6551810703125 0.6605906671875 0.6618051921875 0.63595849375 0.6720950859375 0.608875396875 0.67441495 0.5859013609375 0.670696228125 0.5540616015625 0.6663007390625 0.5304658124999999 0.66126621875 0.5060787437500001 0.658437228125 0.48581655156250003 0.6619505171875 0.4608279609375 0.6659207484375 0.444784778125 0.673617009375 0.42357317656250004 0.6836252843749999 0.41639722187499995 0.6918621328125 0.4077269109375 0.6921057921875 0.39685365156249996 0.6870712718750001 0.37246658125 0.6776101203125 0.3551757828125 0.6228962578125 0.27211826875 0.611681428125 0.25755995625 0.5864633 0.240334390625 0.5565751062500001 0.24107972812499998 0.5072021421875 0.2470576234375 0.48055365625 0.2643822921875 0.4548938921875 0.28153301875 0.4233708671875 0.3186705671875 0.41028186718750004 0.353465903125 0.4032927078125 0.39441070312500004 0.39451600781249996 0.44920868125 0.388766271875 0.5007658234375 0.392507609375 0.5389190984375001 0.3951311265625 0.5610220328125 0.397625771875 0.5669020546875 0.4101894921875 0.56288711875 0.43173512656249996 0.5609011875000001
7 0.5403082343750001 0.19790887031249998 0.5621266406250001 0.21302424687500002 0.5697701390625001 0.21619242343749998 0.5819384875 0.20051294843749998 0.5936660078125 0.16054053125 0.6024956609375 0.14003323750000002 0.6143294390625 0.1099702203125 0.6146102875 0.0900632140625 0.6038722953125 0.07119245468749999 0.58987925 0.051089762500000004 0.57945221875 0.0402877953125 0.5583934515625 0.0205244703125 0.5538613328124999 0.01771120625 0.5343612140625 0.0382911609375 0.522428446875 0.080105690625 0.5145875171875 0.1004390390625 0.5038869046875 0.13120499375 0.505400096875 0.158919875 0.5249983953124999 0.1852576359375 0.5403082343750001 0.19790887031249998
11 0.5716043187500001 0.49216300625000003 0.57060774375 0.4909306921875 0.5694810312499999 0.48409070625000006 0.5672625375 0.48025808437500006 0.5647234937500001 0.47929713593749995 0.5593248578125001 0.48024691875 0.55800773125 0.4818862828125 0.5576871828125001 0.484757959375 0.5583632109375001 0.4888619515625 0.5593597859375 0.4900942625 0.56026115625 0.49556625312499997 0.562254309375 0.4980308796875 0.5665611625 0.5000884578125 0.5694207546875 0.49817772656250003 0.571283771875 0.4950346828125 0.5716043187500001 0.49216300625000003
11 0.5930974765625 0.584101328125 0.590012540625 0.5846440625 0.587378290625 0.5879227874999999 0.5894063734375 0.6002347609375 0.5906282921875 0.6028350703124999 0.5949351453125 0.6048926484375 0.5954810359375 0.60338896875 0.5985659703125 0.6028462343750001 0.599883096875 0.6012068703125 0.6002036453125 0.59833519375 0.598626246875 0.588759215625 0.5974043296875 0.5861589046875 0.5930974765625 0.584101328125
11 0.5252350906250001 0.504543678125 0.528580296875 0.5152162875 0.5334330421875 0.5157701828125 0.536292634375 0.513859453125 0.5379303078125 0.5093484109374999 0.5382508578125 0.5064767359375 0.5375748296875 0.5023727453125 0.533588525 0.4974434890625 0.5281898890625001 0.4983932734375 0.5261015296875 0.5001683203125 0.5252350906250001 0.504543678125
11 0.5239022015625 0.5638991125 0.524578228125 0.5680031046875 0.528018640625 0.5744360390625001 0.53132891875 0.5752613015625 0.5337378265625 0.5706145765625 0.53415358125 0.5635032265625 0.533477553125 0.5593992375 0.5314844015625 0.5569346093750001 0.527402890625 0.5562450296875 0.5242227500000001 0.5610274375000001 0.5239022015625 0.5638991125
11 0.561191275 0.602383365625 0.559423465625 0.6012867359375 0.5563385296875001 0.60182946875 0.5537042796875 0.6051081953125 0.5533837312500001 0.6079798734375 0.5540597578125 0.6120838625 0.5577255140624999 0.6198847953125 0.5631241499999999 0.6189350109375 0.564441275 0.6172956484375 0.5642159328125 0.6159276499999999 0.5653077140625 0.6129202921875 0.5641810015625001 0.60608030625 0.561191275 0.602383365625
11 0.590348853125 0.5240563109374999 0.5894824140625 0.5284316687499999 0.59083446875 0.5366396499999999 0.5922817296875 0.5406079578125 0.5968139265625 0.54403353125 0.5973598171875001 0.5425298515625 0.6012159859375 0.5418514359375 0.602853659375 0.5373403953125 0.6012762625 0.527764415625 0.5992831109375001 0.5252997890625 0.5932084468750001 0.52214558125 0.590348853125 0.5240563109374999