2 0 0.56546810625 0.0489078171875 0.60483185625 0.252554971875 0.7381660906249999 0.40185998593749994 0.8456281609375 0.5259819140625 0.9236198765625 0.5371117703125 0.9259654078124999 0.5454228 0.9214812234374999 0.5785578265625 0.8848144937500001 0.635341528125 0.8527418062500001 0.837397790625 0.7129302828124999 0.8595075046874999 0.6918676015624999 0.8955204515625 0.6721759984375 0.9094009546875 0.669644996875 0.9135405609375 0.664671446875 0.9051477125 0.655108134375 0.8912217546875001 0.6498349734375 0.6582291828125 0.48810185156249997 0.521474803125 0.38835121093749997 0.49778522187499996 0.3767334203125 0.47120408437499994 0.34579925 0.00545916875 0.54072356875 0 0.5445698125 0 0.56546810625
5 0.4623060234375 0.726638196875 0.395617790625 0.7281733453125 0.39287623437499997 0.7346107109375 0.38455611562500003 0.7375340609375 0.39160545625 0.7549985546875 0.386122346875 0.7678732859374999 0.372273659375 0.775867203125 0.37230547812500003 0.7813301187499999 0.42391515625 0.8152004796875 0.47117159375 0.8173648203124999 0.4920468921875 0.8229333140625 0.4908124765625 0.849564490625 0.5061546671875 0.859423134375 0.53948969375 0.8570947265625 0.6364077640625 0.7972352218750001 0.646075934375 0.78719110625 0.6585492953125 0.781635453125 0.6792018718749999 0.7489635421874999 0.6359623125 0.7207544109375 0.62208635625 0.7240658296875 0.62072466875 0.72884534375 0.6068623468750001 0.7344980125 0.6041526078125 0.74639829375 0.5875169140625001 0.7530254125 0.5611039578125 0.7509666515625 0.50414753125 0.7533835140625 0.484606646875 0.7383530046875 0.467920953125 0.7363955421874999 0.4623060234375 0.726638196875
7 0.69567393125 0.71424143125 0.712314171875 0.7083947296875001 0.7704368328125 0.6676404453125 0.770386834375 0.6590558640624999 0.754985553125 0.6390518046875 0.73123688125 0.6172886 0.7243375390625 0.62557785 0.7062901562499999 0.6283999031249999 0.6951012109375 0.6159089578125 0.6923869265625 0.6270288234375 0.6830603140625 0.6360731656249999 0.6398019203125 0.6642733749999999 0.6454759390625 0.684176134375 0.6802726515625 0.6942373734375 0.6817388828125 0.7074074359375 0.69567393125 0.71424143125
9 0.375454184375 0.6062257828125001 0.3977138984375 0.61091684375 0.442156053125 0.607031884375 0.485131978125 0.5899768625 0.501608584375 0.5560351703124999 0.5001332625 0.5413042734375 0.4903241828125 0.5271554796875 0.4596761671875 0.5136815234375 0.4332404859375 0.50772068125 0.40962817500000004 0.50936996875 0.36939380625 0.519987625 0.3402938390625 0.533731228125 0.323694509375 0.5466016781249999 0.3154334765625 0.55967044375 0.31555165937499996 0.5799612703125 0.330957484375 0.6007457453125 0.3504483703125 0.607191671875 0.375454184375 0.6062257828125001
0 0.5499831921875 0.7501819546874999 0.5818883484375 0.740926815625 0.5942980765625 0.724445334375 0.6095675390624999 0.7218173140624999 0.6150370140625 0.706601334375 0.6066259859375001 0.69391635625 0.5927454812499999 0.696447359375 0.567630578125 0.678683253125 0.5198559625 0.5875514390625 0.5087124703125 0.582864659375 0.48932158281250004 0.5935878953125 0.49925338750000003 0.6288079328125 0.501160525 0.7176783906249999 0.49574559531249995 0.74225936875 0.5083098640625 0.7523120453125001 0.5499831921875 0.7501819546874999
1 0.5471143656249999 0.734767659375 0.5623974656249999 0.7344808890625 0.5803857546875 0.721513421875 0.5789195234375 0.7083433593749999 0.5635955171875 0.70160638125 0.546928003125 0.702770584375 0.5330884078125 0.712325334375 0.5317767203125 0.72568943125 0.5471143656249999 0.734767659375
11 0.703384965625 0.6067422765625 0.6937167953125 0.61678639375 0.6937304328125 0.6191276421875 0.697929128125 0.6242995062500001 0.7062810671875 0.6268390703125 0.71600378125 0.6261599515625 0.7256855890625 0.618457084375 0.7256492265625 0.612213753125 0.7158946921875 0.6074299562500001 0.703384965625 0.6067422765625
11 0.6651486421875 0.7218387203125001 0.6749031765625 0.726622515625 0.684621346875 0.72516298125 0.6901499109375 0.7200924140625 0.69010445625 0.7122882500000001 0.680363559375 0.709845703125 0.6748440859375 0.716477103125 0.665144096875 0.721058303125 0.6651486421875 0.7218387203125001
11 0.4406170953125 0.5813751578125 0.43508853125 0.5864457265625 0.435115803125 0.5911282250000001 0.44903267031249994 0.594840553125 0.46008525625 0.583919003125 0.44755734843750006 0.5801096578125 0.4406170953125 0.5813751578125
11 0.4655047296875 0.56011844375 0.46830082968750003 0.563046075 0.4780280921875 0.5631473734375 0.4849501625 0.5587602046875 0.4849228890625 0.55407770625 0.4779599109375 0.551441125 0.4696261546875 0.552023228125 0.465482003125 0.5562163609375 0.4655047296875 0.56011844375
11 0.44584111875000004 0.524016690625 0.44031255312499995 0.5290872578125 0.440330734375 0.532208921875 0.4417333296875 0.5344531546875 0.455622925 0.5334829859375 0.4597443484375 0.5253877703125001 0.44584111875000004 0.524016690625
11 0.3902691046875 0.52555611875 0.38473599687500004 0.52984626875 0.38476326875 0.5345287671875 0.4000463671875 0.534241996875 0.402787921875 0.52780463125 0.3986028625 0.5249740187499999 0.3902691046875 0.52555611875
11 0.377422784375 0.5925659671875 0.383836584375 0.5963409625 0.3984818203125 0.5934177046875 0.40258463125 0.5878525875 0.3987929125 0.5824157343749999 0.3878816140625 0.5808551890625 0.38151223125 0.5844675203125 0.3766688984375 0.5921962484375001 0.377422784375 0.5925659671875
11 0.352181771875 0.5581599578125 0.35095009374999997 0.56569809375 0.359236846875 0.5684975109375 0.3734996875 0.564333834375 0.3749754953125 0.5595853828124999 0.363281878125 0.5530117390625 0.3610251375 0.5527469921875 0.3527801796875 0.5571235046874999 0.352181771875 0.5581599578125
8 0.2306251234375 0.4658913453125 0.20421601250000002 0.482623803125 0.17196393593749998 0.5077044468749999 0.15087296562500002 0.5273741890625 0.141732875 0.5763158390625 0.13961604375 0.6174881437499999 0.15455388750000001 0.65382941875 0.18533197968749998 0.6791395828125 0.21544218124999998 0.690931928125 0.253224275 0.7051661218749999 0.3115964828125 0.7146533734375 0.366989965625 0.7187242765625 0.4146994609375 0.7180385203124999 0.4641391203125 0.7109462265625 0.48942240000000004 0.7032247859375 0.504708396875 0.698187046875 0.5669589562499999 0.665717671875 0.593404125 0.6549373546874999 0.618613678125 0.6343186546874999 0.6301581374999999 0.5938111875 0.638262925 0.56942410625 0.6369155906249999 0.540404646875 0.63326789375 0.5208084937499999 0.61306059375 0.4901278765625 0.597651325 0.474000721875 0.568097296875 0.4565451203125 0.5267894015625 0.443881325 0.4695578921875 0.427696896875 0.4288793625 0.42193689218749997 0.353465415625 0.419263609375 0.314630690625 0.42660825625000004 0.2717404046875 0.44548421562499996 0.2306251234375 0.4658913453125
11 0.5129585578125 0.8347451390625 0.5074390828124999 0.8413765375000001 0.5074527171875001 0.8437177874999999 0.5116423234374999 0.84732881875 0.5311059375 0.849092246875 0.5366572296875 0.8479237625 0.54214943125 0.8366098640624999 0.53795528125 0.8322184171875 0.5212786765625 0.8318217875 0.5129585578125 0.8347451390625