2 0.6875 0.8041666671875 0.77890625 0.7263888890625 0.784375 0.7138888890625 0.784375 0.7041666671875 0.72421875 0.522222221875 0.64296875 0.2541666671875 0.63828125 0.2416666671875 0.63046875 0.2375 0.24375 0.60694444375 0.2421875 0.622222221875 0.36171875 0.9986111109375001 0.4859375 0.9986111109375001 0.6875 0.8041666671875
5 0.38046875 0.79444444375 0.3953125 0.7708333328125 0.38828125 0.7458333328125 0.3765625 0.727777778125 0.37578125 0.7013888890625 0.38203125 0.690277778125 0.38359375 0.6569444437499999 0.3921875 0.6333333328124999 0.40546875 0.6208333328125 0.415625 0.590277778125 0.42421875 0.5875 0.42734375 0.5361111109375 0.39765625 0.525 0.3921875 0.5125 0.38125 0.5166666671875 0.35078125 0.5486111109375 0.33984375 0.5958333328125 0.33125 0.6041666671875 0.31171875 0.597222221875 0.3015625 0.60555555625 0.296875 0.6180555562500001 0.296875 0.64305555625 0.34296875 0.790277778125 0.35859375 0.8055555562500001 0.38046875 0.79444444375
0 0.4125 0.747222221875 0.43046875 0.7180555562500001 0.53125 0.7 0.54140625 0.684722221875 0.5328125 0.6708333328125 0.5015625 0.6708333328125 0.44453125 0.6569444437499999 0.40078125 0.6333333328124999 0.3953125 0.6375 0.384375 0.6625 0.37890625 0.7208333328125 0.38359375 0.73194444375 0.4 0.747222221875 0.4125 0.747222221875
1 0.4203125 0.7041666671875 0.4234375 0.684722221875 0.4171875 0.66944444375 0.4078125 0.665277778125 0.39609375 0.6805555562500001 0.39609375 0.6986111109375 0.40390625 0.7125 0.4125 0.7138888890625 0.4203125 0.7041666671875
7 0.428125 0.9458333328125 0.4546875 0.934722221875 0.47421875 0.9111111109375001 0.47734375 0.8875 0.46796875 0.8763888890624999 0.44296875 0.8055555562500001 0.4359375 0.797222221875 0.42734375 0.790277778125 0.4078125 0.79305555625 0.384375 0.809722221875 0.37890625 0.8291666671875 0.3796875 0.8458333328125001 0.4125 0.94305555625 0.428125 0.9458333328125
9 0.56796875 0.6791666671875001 0.58203125 0.6763888890625 0.6078125 0.6541666671875 0.61484375 0.64305555625 0.61875 0.6166666671875001 0.6078125 0.55694444375 0.5953125 0.5361111109375 0.57890625 0.527777778125 0.56328125 0.527777778125 0.55859375 0.5388888890625 0.5484375 0.540277778125 0.53671875 0.5638888890625 0.5328125 0.5930555562500001 0.53203125 0.6263888890625 0.5359375 0.6388888890625 0.5546875 0.66944444375 0.56796875 0.6791666671875001
11 0.478125 0.8888888890625 0.46875 0.8819444437499999 0.46328125 0.890277778125 0.46328125 0.9069444437499999 0.47421875 0.9138888890624999 0.478125 0.9041666671874999 0.478125 0.8888888890625
11 0.3921875 0.81805555625 0.3859375 0.8111111109375001 0.3796875 0.8138888890624999 0.37734375 0.8222222218749999 0.3796875 0.834722221875 0.38984375 0.834722221875 0.3921875 0.81805555625
11 0.31796875 0.6416666671875 0.31875 0.625 0.3125 0.6180555562500001 0.30625 0.61944444375 0.30234375 0.6263888890625 0.3046875 0.6361111109375 0.31328125 0.64444444375 0.31796875 0.6416666671875
11 0.570028125 0.667559721875 0.5736203125 0.6562861109375 0.5685492187500001 0.6468916671875 0.56221015625 0.649897221875 0.559040625 0.661547221875 0.564534375 0.6694388890625 0.570028125 0.667559721875
11 0.6055265624999999 0.6457638890624999 0.6038359375 0.6337388890625 0.6000328125000001 0.6292291671875 0.59475 0.6299805562499999 0.59073515625 0.6371208328125 0.59327109375 0.64839444375 0.59961015625 0.6521527781249999 0.6055265624999999 0.6457638890624999
11 0.608484375 0.5833833328125 0.6059484375 0.5762444437500001 0.60151171875 0.5709833328125 0.59920703125 0.569902778125 0.59813046875 0.5830083328125 0.60341328125 0.5972875 0.6080617187499999 0.5950333328124999 0.608484375 0.5833833328125
11 0.5850304687500001 0.5499388890625 0.5850304687500001 0.5412958328124999 0.58122734375 0.5375375 0.57613125 0.5374458328125 0.573409375 0.5461805562500001 0.57594453125 0.5548236109375 0.57932578125 0.556702778125 0.5850304687500001 0.5499388890625
11 0.5543921875 0.5736138890625 0.5560828124999999 0.5679763890625 0.5543921875 0.55820555625 0.5527023437499999 0.556702778125 0.54874453125 0.555477778125 0.5440390625 0.5615888890625 0.5440390625 0.5691041671875 0.5493210937499999 0.574740278125 0.5543921875 0.5736138890625
11 0.54995546875 0.625847221875 0.5493210937499999 0.615325 0.5457296875 0.610815278125 0.54164453125 0.608672221875 0.53812265625 0.6157013890624999 0.54065859375 0.6281013890625 0.54551796875 0.6337388890625 0.54995546875 0.625847221875
8 0.5078414062500001 0.8188791671875 0.53591484375 0.8380833328125 0.5626390625 0.8472041671874999 0.59233203125 0.8443236109375001 0.6209453125 0.82848055625 0.6471296875 0.8078375 0.664675 0.7881541671875001 0.68573046875 0.7526291671875 0.69733828125 0.7089416671875 0.70516640625 0.6681361109374999 0.7089453125 0.6186875 0.7089453125 0.569240278125 0.70246640625 0.5207513890625 0.69139921875 0.4746638890625 0.6770921875 0.433377778125 0.66440546875 0.4084138890625 0.64065078125 0.382490278125 0.61608671875 0.366647221875 0.58666328125 0.3589666671875 0.5569703125000001 0.3546458328125 0.5294359375 0.3594458328125 0.5116203125000001 0.3728888890625 0.4924546875 0.39593194375 0.46573125 0.4376986109375 0.456553125 0.45978194375000003 0.44926484375 0.48522638906250004 0.44305625 0.522672221875 0.44170625 0.5413958328125 0.43468828125 0.602365278125 0.43441796874999994 0.63645 0.43468828125 0.6513333328125 0.44187578125 0.7159763890625 0.44791484375 0.73390555625 0.46303124999999995 0.7689513890625 0.48381640625 0.7987166671875 0.5078414062500001 0.8188791671875