2 1 0.5229662859374999 0.5292806375 0.14704391249999998 0.505833921875 0.142358928125 0.1832944453125 0.241818728125 0.07403471874999999 0.279573084375 0.0638921109375 0.2969766625 0.0752416796875 0.313863390625 0.18169992343750002 0.39962505625 0.19860943125 0.4091104546875 0.26897388437499997 0.4642975515625 0.689132071875 0.7989008546874999 0.6999725765625 0.8022235015625 0.7129730109375 0.8013052265624999 0.7141556687499999 0.794463390625 0.722778821875 0.7941046078125 0.7332416671875001 0.78310296875 0.756893775 0.7783451984374999 1 0.675119715625 1 0.5229662859374999
5 0.57273985625 0.3248630703125 0.5815518390625 0.33166643125 0.578283234375 0.3340666359375 0.585592321875 0.3413098984375 0.590084446875 0.3565951 0.6103939656249999 0.3629200859375 0.6710762734375 0.3668105578125 0.6911395390624999 0.3580510546875 0.69271641875 0.34892860468750003 0.6848242828125 0.3368038140625 0.7012987109375 0.3240425796875 0.7007156609375 0.3191610484375 0.66435905625 0.2901068875 0.647186734375 0.28214189843750004 0.637660296875 0.2712172109375 0.5797949515624999 0.2592847984375 0.5692172609374999 0.25444174375 0.566745378125 0.24397827656249998 0.5749251671875 0.2296753125 0.549992115625 0.20882532812500001 0.5254367234374999 0.2022996296875 0.5125676984374999 0.2024576984375 0.38743315625 0.24124992343749999 0.37364428437499997 0.24672942187500002 0.3559871953125 0.26633249375 0.359444628125 0.27109443125 0.3869892515625 0.2933452296875 0.419831 0.30971510625 0.4467517109375 0.3025571296875 0.44930586093749997 0.29603559687500003 0.476226571875 0.288877621875 0.48654145 0.295241084375 0.48562160312499997 0.3005625125 0.53277785 0.308412075 0.563008028125 0.3233811359375 0.57273985625 0.3248630703125
0 0.5448584359375 0.31281522968750003 0.5107026218749999 0.30404739531249997 0.4978335953125 0.3042054640625 0.4666835734375 0.29455783125 0.4505459421875 0.29711610781250003 0.4430888875 0.30723794843749996 0.4560561984375 0.33952947187500004 0.48098925000000003 0.36037945625 0.5343370859375 0.44797350312499995 0.5511726109375 0.46614145156250003 0.5567734125 0.483267365625 0.57120275625 0.49059174531250005 0.5811973984375001 0.49055326875 0.589631721875 0.48303234531249994 0.563073190625 0.389040525 0.5675167140624999 0.32206144062500003 0.5448584359375 0.31281522968750003
1 0.529698075 0.31797442343750004 0.507491440625 0.3143699484375 0.4905653703125 0.32148945 0.496034765625 0.3393755671875 0.5062182359375 0.3464992359375 0.534436453125 0.3483441140625 0.5427393687500001 0.3415833953125 0.5447104687500001 0.33018033281250003 0.529698075 0.31797442343750004
9 0.74235175 0.491018165625 0.6985955125000001 0.48000819375 0.6761260640625 0.4779241265625 0.6263416859375 0.48527864843749996 0.599872615625 0.498078359375 0.5873072640625 0.5212432640625 0.5904279015625 0.5362081609375 0.602886146875 0.554935603125 0.632327884375 0.574465890625 0.6698097265625 0.588755865625 0.7251949046874999 0.5985272578124999 0.7675962140625 0.5926120265625 0.7909280875 0.58145231875 0.8008244421875 0.54896425 0.7953550484374999 0.5310781312499999 0.7761707671875 0.5099889609375 0.74235175 0.491018165625
7 0.37624703125000003 0.322472175 0.38265283437500003 0.3184319671875 0.37573796718749997 0.30890809375 0.34793053125 0.2881777046875 0.3408102734375 0.2880965859375 0.297620525 0.2985730421875 0.2100842953125 0.334497115625 0.24104386406249997 0.3699854265625 0.26447401875 0.391275309375 0.2877153453125 0.40540305 0.2834120515625 0.397279990625 0.298441003125 0.3928810015625 0.30542985625 0.3937223234375 0.3182248984375 0.40224680468749996 0.3486196046875 0.3832458671875 0.3972699421875 0.365752978125 0.4001170390625 0.35631503124999997 0.4076069140625 0.3516659296875 0.37624703125000003 0.322472175
11 0.3533425015625 0.298141475 0.3483821734375 0.2938194375 0.3330329828125 0.2918164890625 0.32538710000000004 0.29477618906249997 0.325444521875 0.30269853593749996 0.33301642187499997 0.30842138750000003 0.3483656125 0.31042433593749996 0.35464000625000003 0.3071443328125 0.3533425015625 0.298141475
11 0.28367486406250003 0.3957595828125 0.28497236875 0.4047624390625 0.2966587328125 0.4114462078125 0.31076784218750003 0.41236864687499997 0.3173050515625 0.40756823437499995 0.3132645671875 0.39792476718750003 0.2928236421875 0.3923599859375 0.28367486406250003 0.3957595828125
11 0.6685210421875001 0.5054110703125 0.6760355203125 0.503211575 0.6774809921875 0.4948493296875 0.6707549546875 0.4924875984375 0.66062890625 0.493286278125 0.6589206203125 0.503168934375 0.6685210421875001 0.5054110703125
11 0.6459036265625 0.5206921046875 0.6376746921875001 0.5187702734374999 0.6270230171875 0.5226097703125 0.6248630890625 0.526850690625 0.633675071875 0.5336540515625 0.640532515625 0.535255578125 0.650921378125 0.5329364890625 0.6521040375 0.526094653125 0.6459036265625 0.5206921046875
11 0.6693172203125 0.5585868859375 0.664808534375 0.5599065828125 0.6648659578125 0.5678289296875 0.6844610203125 0.570032590625 0.6815292125 0.5622298375 0.6693172203125 0.5585868859375
11 0.746703646875 0.581405509375 0.7518693671875 0.5762847921875001 0.74704044375 0.57120255 0.737440021875 0.5689604140625 0.7286854625 0.5700794 0.727108584375 0.5792018484375 0.746703646875 0.581405509375
11 0.7577086796875 0.55075815625 0.7744293578125 0.553081409375 0.7746347484375 0.5436386546875001 0.765165734375 0.5406363140625 0.7577826625 0.5420756046874999 0.7543826515625 0.545236015625 0.7577086796875 0.55075815625
11 0.7336380515625 0.5166643953125 0.742524015625 0.51478520625 0.74246659375 0.506862859375 0.72901451875 0.5021393984375 0.719865740625 0.5055389953125 0.7189458937500001 0.5108604265625 0.7336380515625 0.5166643953125
11 0.538231765625 0.21082411250000002 0.524516878125 0.207621059375 0.5119680875 0.21418106718750002 0.5118941046875001 0.22286361875 0.519466003125 0.2285864703125 0.5275635296875001 0.23126850625 0.543963975 0.227189821875 0.545540853125 0.218067371875 0.538231765625 0.21082411250000002
8 0.8652137484375 0.6935615375 0.887458703125 0.683241790625 0.9086099046875 0.6739336109375 0.9555440890625 0.6430993234375 0.9711013093749999 0.5960719546875 0.9669198218749999 0.5640654640625 0.9526393828125 0.5309674234374999 0.9167799750000001 0.493778778125 0.8890025203125 0.45942829375 0.8517451796875 0.433628675 0.8079729718750001 0.40915712812500005 0.7679860515625 0.3925365984375 0.70495339375 0.3736989953125 0.6492887328125 0.365131715625 0.60622810625 0.362991146875 0.5653346171875 0.36483900937499997 0.5487973125 0.36794298593749997 0.4938453984375 0.382170421875 0.47963510156250005 0.388519553125 0.45540168437500006 0.3964751765625 0.42750830625 0.4289059828125 0.413173421875 0.45563819062500005 0.410237515625 0.4891483890625 0.4219927109375 0.536855275 0.44673125 0.5755625 0.4715887625 0.6003659171875 0.5134445640624999 0.6326223093750001 0.5586249296875 0.6621712515625 0.6129380515625 0.6884710765625 0.6571436296875001 0.697211728125 0.74246763125 0.712073103125 0.810938465625 0.7100159765625 0.8297254578125 0.707121046875 0.8652137484375 0.6935615375