2 1 0.18405225 0.9851661171874999 0.18336247187500002 0.8724830062500001 0.21563285312499997 0.8520892859375 0.2174630734375 0.8496465703125 0.22151728125 0.841110540625 0.218341825 0.7906493 0.23405581718750001 0.7787269046875 0.24183701562499998 0.7048414640625 0.2550725140625 0.668551215625 0.2672776640625 0.4120066484375 0.3262008328125 0.40405838281250006 0.33138829687500004 0.4041877953125 0.3258372546875 0.4002783703125 0.32565546562500003 0.389137859375 0.3334730203125 0.32773022812499997 0.3486780046875 0.322159971875 0.35258678125 0.3219658546875 0.360913346875 0.3149288875 0.3605861265625 0.3185794890625 0.37187000000000003 0.31535488906250003 0.37588785156250004 0.312556290625 0.395207428125 0.317053484375 0.4037521375 0.32006243749999996 0.4761338359375 0.3478653671875 0.7608367453125 0.349337490625 0.7984153546874999 0.3614433 0.9170658046875 0.359782471875 0.921156371875 0.36855579843749997 0.9813027296874999 0.5291153609375 0.9887687656249999 1 0.9778088046875 1 0.18405225
5 0.9670375953124999 0.8938231968749999 0.9636349937500001 0.8047520125000001 0.964853584375 0.685331884375 0.9636780500000001 0.6686060406250001 0.949922234375 0.620731384375 0.9414509093750001 0.6147804046875 0.8870155375 0.63308813125 0.8835321140625 0.648208065625 0.8836992921875 0.674611875 0.8931196796875 0.7070030218750001 0.8933839156250001 0.7292435484374999 0.8362254765625 0.8307805546875 0.819153415625 0.8244296406249999 0.8149528125 0.836737696875 0.8013048812499999 0.8513849828125 0.783450934375 0.8449977125 0.7758262015625 0.8363075703125 0.7598002609375001 0.85223354375 0.757298253125 0.8924058875 0.7509461125 0.8962783062499999 0.7565864875 0.9229366203125 0.7648636921875 0.9372141609375 0.7773091484375 0.9405714078124999 0.78799671875 0.9521825015625 0.7931463828124999 0.9663146109375 0.7940741265625 0.9826017828125 0.815545590625 0.982102028125 0.8319818171875 0.9792345828125001 0.8502240000000001 0.9689687265625 0.8595419156249999 0.972180540625 0.8843950640625 0.9469401796874999 0.92453003125 0.9376923390625 0.9463904624999999 0.9400981140625 0.9625134609374999 0.9200088624999999 0.9670375953124999 0.8938231968749999
0 0.8339445281250001 0.827895959375 0.8466164546874999 0.8215388796875001 0.8873607187499999 0.752580975 0.8899328437499999 0.7429757234375 0.8853062390625 0.73998205625 0.8854680046875 0.733043253125 0.8907740234375 0.7068939484375 0.8843517640625 0.6801992765625 0.84981399375 0.6508079640625 0.8137502156249999 0.6532987921875 0.68828188125 0.5960616937500001 0.668082278125 0.5895653484375 0.6312689703125 0.59063205625 0.632670975 0.597643575 0.6457365515625 0.60797598125 0.65297305 0.63331925 0.693830609375 0.6602259015625 0.7902128390625001 0.7563991796875 0.8339445281250001 0.827895959375
1 0.85038023125 0.7272438718750001 0.8350660578125 0.7126391109375 0.821094596875 0.741164003125 0.8321111078125 0.7722401015625 0.8399623125 0.7712159203125 0.8520788265625001 0.7551081578125001 0.8532813000000001 0.7371036281250001 0.85038023125 0.7272438718750001
7 0.921332128125 0.504092940625 0.9170074046875 0.353851215625 0.9010407593749999 0.3336590546875 0.8622376781250001 0.3193513234375 0.8237311859374999 0.32589635625 0.821223765625 0.33272608593749997 0.82946861875 0.3483913890625 0.8313289781250001 0.369316871875 0.8280073203124999 0.37749800312500004 0.8121107921874999 0.3878729328125 0.8219571828125 0.435565803125 0.8261093171875 0.52606110625 0.8781073875000001 0.5451502015624999 0.9053817203125 0.58392861875 0.9165869359375 0.5733355421875 0.921332128125 0.504092940625
9 0.62872931875 0.8002929828124999 0.642145365625 0.7620174109375 0.6461787921875 0.72330554375 0.6437576046875 0.6592867671875 0.62553695 0.6014796359375 0.612794903125 0.577269625 0.59438554375 0.561131671875 0.56157871875 0.5582168875 0.5383216953125001 0.5821422046875 0.5337274421875 0.577760775 0.5149999640625 0.6088430406249999 0.5064369937500001 0.6403979578125 0.5036815734375 0.7250149984375 0.5104974796875 0.76839915625 0.532136853125 0.8138618687499999 0.5606460156249999 0.83324799375 0.6038438171875 0.82692110625 0.62872931875 0.8002929828124999
11 0.915211871875 0.53159365 0.9050797171875 0.5297332390625 0.8962201562500001 0.5404353875 0.8958642734375 0.5557007546875 0.9073337265625 0.5673482062499999 0.917757059375 0.556718771875 0.918177646875 0.5386778828125001 0.915211871875 0.53159365
11 0.8249714265625 0.33984667812499997 0.8077376 0.34043456875 0.8039953515624999 0.3666565890625 0.8083631328124999 0.38075234375 0.8208732953125001 0.381334065625 0.8290156765625 0.3678200375 0.8301210921875001 0.3539787890625 0.8249714265625 0.33984667812499997
11 0.9478463484375 0.8776488859375 0.9415912687500001 0.877358025 0.9309738187500001 0.8963140234375 0.93071499375 0.9074161078125 0.9382750218749999 0.9188817703125001 0.9548240218749999 0.9140942421875 0.956840734375 0.8947383078125 0.9478463484375 0.8776488859375
11 0.6322019171875 0.7184878234375 0.6340245125 0.7074584546875 0.6288101390625 0.6961018640625001 0.6225874124999999 0.6944232421875001 0.6177343359374999 0.7011438984375 0.6159440953125 0.7107855078124999 0.620964346875 0.7304686593749999 0.6271870765625 0.7321472828125 0.6322019171875 0.7184878234375
11 0.5970062609375 0.6501664984375 0.602317690625 0.65735980625 0.6110478390625 0.6522087 0.6107188984375 0.6327436921875 0.6039731078125 0.619926628125 0.5957983734375001 0.6348284171875 0.5970062609375 0.6501664984375
11 0.5577771765625 0.6205570421875 0.5539001046875 0.6189874921875 0.54585478125 0.6283382390625001 0.5492465578125 0.6507241984375 0.5570007046875001 0.6538632953125 0.562700371875 0.6444034765625 0.5630562546875 0.629138109375 0.5577771765625 0.6205570421875
11 0.52407529375 0.723184778125 0.527952365625 0.724754328125 0.534401565625 0.7167186265625001 0.5362241609375 0.70568925625 0.5341373296875 0.6944780984375 0.5287935453125 0.6886725515625 0.52406988125 0.689842165625 0.5191197468750001 0.7007261046875 0.5196428078124999 0.711864546875 0.52407529375 0.723184778125
11 0.554380109375 0.7662719078125 0.5505677421875 0.7619268359375 0.5425871250000001 0.7685020625 0.544835721875 0.7727744171875 0.5437950125000001 0.78384014375 0.553080575 0.7884397187500001 0.5562728234375001 0.7858096296875 0.554380109375 0.7662719078125
11 0.5893384703125 0.7776223296875 0.592859659375 0.7944572453125 0.6031212265625 0.7907666140625 0.604356053125 0.771374325 0.6020751046874999 0.7684897296875 0.5974161453125 0.766883821875 0.5893384703125 0.7776223296875
8 0.8002733109375001 0.55891200625 0.7903201921874999 0.5188190078125 0.7681751875 0.46462625781250005 0.746280959375 0.423011071875 0.7092736390625001 0.3758598703125 0.6831672234374999 0.351447971875 0.6330450828124999 0.3297856640625 0.5973568031250001 0.3194265765625 0.56744813125 0.318035821875 0.5033285953125 0.3363183453125 0.46384120624999997 0.3721798859375 0.439602765625 0.40778357343750005 0.40317877031249993 0.4756850859375 0.3797617453125 0.5461252812499999 0.37104555 0.5930828015625 0.3682503640625 0.6896123296875001 0.36853154843749997 0.7476216625000001 0.389116240625 0.8220404109375 0.41171539843750005 0.8801206046875001 0.43272776406249996 0.9361945421875 0.45382702343750003 0.9652068625 0.4762832171875 0.9826833046875001 0.48330802031250003 0.9849424265625 0.565403628125 0.987924146875 0.6795781359374999 0.98526670625 0.694885746875 0.9696503984374999 0.7276224421874999 0.94314006875 0.7409631234375 0.9079965609375 0.7680070359375 0.8454590546875 0.7901113453125 0.784624325 0.8005944093749999 0.731948784375 0.8081065187500001 0.6665691890625001 0.8002733109375001 0.55891200625