2 0.6699439703125 0.3401870703125 0.3891945265625 0.3480463828125 0.3800783875 0.35305541093750004 0.3811409125 0.3774673140625 0.35063318125 0.6007426687499999 0.346355378125 0.6495138234375 0.3413117328125 0.672519784375 0.3441112515625 0.68169399375 0.3868113421875 0.6844176562500001 0.4602527421875 0.678581859375 0.6129881515625 0.6767874453125 0.6189244234375 0.6753110625 0.62375761875 0.667894284375 0.63613215625 0.5968201421875 0.6699439703125 0.3401870703125
5 0.5740156140625 0.6351171546875001 0.58873079375 0.64845654375 0.6022566625 0.641619646875 0.6189952375 0.5360102359375001 0.6144130390625 0.5093663265624999 0.601904009375 0.5079077296875 0.5932544546875 0.5144457921875001 0.5891845296875 0.5220383156249999 0.5852870765625 0.558102615625 0.5766375218750001 0.564640678125 0.5629012046875 0.5870667578125001 0.55743151875 0.590072175 0.538179828125 0.582796271875 0.519313628125 0.6139924203125 0.517236834375 0.6234654640625 0.525845840625 0.635398909375 0.5285616937500001 0.6559266796875 0.5585828515625 0.6543094203125001 0.5740156140625 0.6351171546875001
0 0.5858778765625 0.5298065796875 0.57451246875 0.5158168703125 0.5513176343749999 0.511897871875 0.508741759375 0.4793491375 0.4994557171875 0.4814758390625 0.5007718109375 0.49741650625 0.5167168484375 0.5124606734375 0.5416538140625 0.5523208828125 0.5506026234375 0.5700189796874999 0.553148575 0.587664425 0.561374659375 0.5867152703125 0.5743477078125 0.56411345 0.5837605328125 0.5577511296875 0.5858778765625 0.5298065796875
1 0.5690022359375 0.5372937953125 0.5621327921875 0.535712109375 0.553823040625 0.548014825 0.5549692328125 0.561073165625 0.562008578125 0.5655371796875001 0.56853821875 0.5613542140625001 0.57243824375 0.550879365625 0.5690022359375 0.5372937953125
7 0.5831543109374999 0.43251045 0.5786203703125 0.4641633890625 0.5922755937499999 0.47868032656250004 0.5958815015625001 0.49514822187499996 0.6058040328125001 0.49743288124999996 0.61309694375 0.4934256578125 0.627462040625 0.3986425828125 0.606344003125 0.38525054375 0.5924783312499999 0.38632278593749997 0.5798019703125 0.4075713171875 0.5831543109374999 0.43251045
9 0.46777866250000005 0.46138777812500004 0.4498430640625 0.47005254374999994 0.4347501046875 0.4950094625 0.42813936718749995 0.5361354453125 0.42987893125000004 0.5464872015625 0.44188082656249994 0.564888271875 0.46125930156250006 0.5679285546874999 0.47173208281249995 0.5603886859375 0.48305180312499996 0.541670996875 0.49224903906249995 0.49971895312500003 0.488769915625 0.47901543750000003 0.4789310515625 0.46537721562499995 0.46777866250000005 0.46138777812500004
11 0.615130621875 0.476834671875 0.6090244499999999 0.475428728125 0.60453105625 0.488610159375 0.6089839031250001 0.493900234375 0.6126303578125001 0.49189662500000003 0.615130621875 0.476834671875
11 0.5805652421875 0.4077470609375 0.584084915625 0.40997906562499997 0.5890880125 0.4054446140625 0.5916313953125 0.39750060781249996 0.5900617328125 0.3900311765625 0.583362190625 0.39133181562499997 0.5805652421875 0.4077470609375
8 0.3848738609375 0.463601703125 0.37601732656250003 0.4890193375 0.3704728796875 0.51644916875 0.369072384375 0.5581450359375 0.36893645625000004 0.5726738015625 0.3750768953125 0.6002963140625 0.3824083921875 0.6182105703125 0.3906822828125 0.6296830203125 0.4053819359375 0.6492923703125 0.41576407812499994 0.6554273578124999 0.43207620625 0.6612630265624999 0.45250551562499997 0.662223784375 0.46350825 0.6601810203125 0.479857209375 0.6498004093749999 0.49156670625 0.6391832 0.50952761875 0.6225177937499999 0.531334096875 0.5851038671875 0.5380068578125 0.5675040625000001 0.5398429703125001 0.553781875 0.5485127171874999 0.5270730640625 0.5502245859375 0.51498554375 0.55058843125 0.5089407875 0.55286625625 0.49437777968749996 0.55265481875 0.473943303125 0.5518850093750001 0.44963717968749994 0.5493667609374999 0.4236803125 0.5439331015625 0.402459953125 0.5290230375 0.3848819609375 0.5156510015625 0.37098607499999997 0.4982473578125 0.36157111249999996 0.4841810265625 0.35833234375 0.4694694703125 0.359104625 0.4509989609375 0.36525366875 0.432355728125 0.37968074375 0.419157759375 0.394947903125 0.40650569843750006 0.41200403281250003 0.3951810328125 0.4422611609375 0.3848738609375 0.463601703125
11 0.45818931406249996 0.4732622375 0.45302352187499995 0.47786585 0.45182441874999996 0.4851384703125 0.45296570625 0.49031573437500003 0.4556776171875 0.4905890140625 0.459403690625 0.4875858671875 0.46147610156249996 0.48174259062499997 0.45818931406249996 0.4732622375
11 0.441498453125 0.5173428437500001 0.44457053437500005 0.51506624375 0.44639261250000006 0.508111921875 0.4453559203125 0.5015541953125 0.440535234375 0.500970228125 0.4378607484375 0.506849734375 0.43708590625 0.5126406390625 0.4380858734375 0.5162059625000001 0.441498453125 0.5173428437500001
11 0.43946844843750005 0.5460154625 0.4411279453125 0.5465724187500001 0.44482293593750005 0.547774325 0.447209475 0.5441116140625 0.448167371875 0.537485728125 0.44737135781250004 0.53343995 0.44435172500000003 0.5318675500000001 0.43978207031250005 0.535555015625 0.4384471171875 0.5420940843750001 0.43946844843750005 0.5460154625
11 0.461942953125 0.5378484625 0.459137859375 0.54071395 0.458305925 0.54631543125 0.45836318593750003 0.552823921875 0.461053965625 0.555900003125 0.46409473125 0.5546696 0.46317345468750004 0.5548086140625 0.46585335156249996 0.55296770625 0.468716365625 0.5471316093749999 0.468773290625 0.5410019687500001 0.4660202421875 0.53685671875 0.461942953125 0.5378484625
11 0.4756348640625 0.51783030625 0.47558835625 0.5225592234375 0.47629997187499995 0.525179603125 0.4773051796875 0.526464459375 0.4785588984375 0.5297427609375001 0.4820474078125 0.5265029484375 0.4837218640625 0.520218328125 0.48297305625 0.5146040171874999 0.481403028125 0.5131891109375 0.47794294531250003 0.513622115625 0.4756348640625 0.51783030625
11 0.47388130000000006 0.4824934890625 0.472383959375 0.4870632078125 0.4723006625 0.49195993437499996 0.47336873281249997 0.49431125312499996 0.47468766562500003 0.4946149359375 0.47752918749999995 0.494743203125 0.4799837671875 0.4930266953125 0.4805546578125 0.48771624375 0.4795181984375 0.484317375 0.47703760781250004 0.4816394046875 0.47388130000000006 0.4824934890625
11 0.5915883796875 0.6282610015625 0.5900294828125 0.634647575 0.591252653125 0.63773971875 0.59487285 0.6385732671875 0.5979736124999999 0.6381627296875 0.601367796875 0.6313557203125 0.6011326546875 0.622308515625 0.59943129375 0.6199492796875 0.5943529515625 0.62215345625 0.5915883796875 0.6282610015625