2 0 0.9285633671875001 0.449013096875 0.9919593390625 0.700832178125 0.9875638203125 0.7729760906250001 0.5447204109375 0.79013764375 0.40629226406249996 0.7997489875 0.3682109546875 0.79690138125 0.366400390625 0.80240675 0.343232990625 0.7956592796875 0.322561153125 0.5878925765624999 0.31998838281249997 0.1421799828125 0.3021307859375 0.0766904859375 0.30696946875000003 0.0310149 0.3019290625 0.021609665625 0.3062351890625 0 0.43368693281250004 0 0.9285633671875001
5 0.5354044890625 0.9365483375 0.49928058750000004 0.98215444375 0.4885681671875 0.984867496875 0.49016495156250006 0.9912410312500001 0.6343235921875 0.9887247328125 0.6557090234375 0.854938259375 0.6508491046875 0.8091797125 0.5780534671875001 0.8059442859375 0.5730850765625 0.8305960125 0.5737902015625 0.8729509234374999 0.5640161406249999 0.9166433046875 0.5390223046875 0.938467646875 0.5354044890625 0.9365483375
0 0.5104594703124999 0.976690228125 0.53818158125 0.9341234125 0.5622424875 0.9178013953124999 0.5668149265625 0.9001363234375 0.5736491765625 0.864479940625 0.570470703125 0.8274098656250001 0.5469413453125 0.798734553125 0.522853315625 0.78265696875 0.491345240625 0.7824338921875 0.4776658875 0.7607833453125 0.42066496249999996 0.70625451875 0.36294264374999996 0.6699344921875 0.3385996875 0.66931454375 0.336874853125 0.6887901828125 0.34215241875 0.7134800203125 0.375602290625 0.7534155874999999 0.44922781250000005 0.8680406171874999 0.4864419546875 0.9648481328124999 0.4937480953125 0.9729222421875001 0.5104594703124999 0.976690228125
1 0.491611025 0.8599395671875 0.4844242140625 0.8744184953125 0.479596846875 0.907541203125 0.4908028546875 0.9344765875000001 0.5005823453125 0.9372658625 0.5102208109374999 0.931584153125 0.5255056687499999 0.9112060281250001 0.530474059375 0.8865542984375001 0.5287437984375 0.85954828125 0.5155092125 0.8492286234374999 0.50526325625 0.8491905140625 0.491611025 0.8599395671875
7 0.6372565296875 0.7312009453125 0.6432988734375 0.7095178718749999 0.6554052593749999 0.652069671875 0.6773941796875 0.4805188171875 0.672165434375 0.474146525 0.6709504546875 0.4627068875 0.6287028390625 0.4327972640625 0.6017455093749999 0.42899116875 0.58286453125 0.43336793125 0.5802284625 0.444263840625 0.585457209375 0.45063613125 0.5855765390625 0.47318916718750004 0.5817037968750001 0.48672749531250004 0.566744378125 0.495883475 0.5522677093749999 0.641733259375 0.6090842203125 0.7159552140625001 0.61368378125 0.730689740625 0.6372565296875 0.7312009453125
9 0.2779430046875 0.8875208515624999 0.292620371875 0.861422909375 0.302231715625 0.8233415984375 0.3191491984375 0.7933344 0.32789812500000004 0.7649909109374999 0.3392343015625 0.7074339625 0.3309192890625 0.654145034375 0.3163286984375 0.6239147593750001 0.2896262953125 0.6046510281249999 0.271911478125 0.60214988125 0.2517938265625 0.609169059375 0.18143357499999999 0.6752945625 0.1569333265625 0.72676734375 0.1450167859375 0.8110040703125 0.14520662812500001 0.8377926 0.156624171875 0.8774344562499999 0.1676891546875 0.8958988578125 0.20916656093750002 0.9256997374999999 0.2314321234375 0.924617865625 0.2557967734375 0.9111557578125 0.2779430046875 0.8875208515624999
11 0.6234144546875 0.7151614703125 0.63319394375 0.7179507453125 0.6387481312500001 0.713100890625 0.6429951296875 0.7066579625 0.64602715 0.6887753984375 0.643808728125 0.6786025984374999 0.6352659125 0.6731709078125 0.6253942140625 0.6802281984375 0.619747821875 0.6949246140625001 0.6234144546875 0.7151614703125
11 0.58356965625 0.47572284218750005 0.585760953125 0.453496040625 0.5783842984375 0.441186440625 0.5702157406249999 0.44285014843750004 0.5604145546875 0.45414292968750003 0.5561458609375001 0.4746679109375 0.5609786546875 0.48802685781250005 0.574072215625 0.48987553124999994 0.58356965625 0.47572284218750005
11 0.22907265781250002 0.70596540625 0.23240842343749998 0.6909427515625 0.229653025 0.6792856234375 0.2208769765625 0.6752295109374999 0.21431935000000002 0.681346203125 0.2085102359375 0.70165369375 0.21434647187500003 0.7137458031249999 0.2179642859375 0.7156651125 0.22907265781250002 0.70596540625
11 0.2836755 0.7031743015624999 0.2774247703125 0.6910011328125 0.2601412953125 0.71054775625 0.26252375 0.723957940625 0.26906975 0.734389621875 0.27638338125 0.7324516796875 0.2825736828125 0.7214406624999999 0.2836755 0.7031743015624999
11 0.2930006921875 0.7835253375 0.2865434234375 0.778454303125 0.2776262546875 0.7878915296875 0.2734735484375 0.80453694375 0.2744292484375 0.8165569015624999 0.28124053125000004 0.82346109375 0.2904924203125 0.8081286140625 0.2930006921875 0.7835253375
11 0.24398693124999998 0.8568268937499999 0.2376967546875 0.8488074921875001 0.2259153828125 0.8614066749999999 0.22321995625 0.8812298015625 0.2271769609375 0.8853534328125001 0.2357110390625 0.8919064734375001 0.24642913125 0.87381045625 0.24398693124999998 0.8568268937499999
11 0.195381290625 0.83748486875 0.1883431703125 0.8299556640624999 0.17675887968749998 0.8413924828124999 0.1734617671875 0.851028809375 0.1737287328125 0.8671108609375 0.184505546875 0.8782046812500001 0.19802010625 0.8533088171875001 0.195381290625 0.83748486875
11 0.1828655203125 0.745922328125 0.17215310156250002 0.74863538125 0.16165221875 0.7640549078125 0.158224246875 0.7889241265625 0.1736989484375 0.7953345281249999 0.186510459375 0.7802412390625 0.1885390375 0.7636255109375 0.1828655203125 0.745922328125
8 0 0.898855834375 0.008687401562499999 0.917421796875 0.019153610937500003 0.9254589546875 0.050459684375 0.9356877484374999 0.07834511562499999 0.93962488125 0.15363693750000001 0.9502553031250001 0.1983352609375 0.95367315625 0.23809905312500002 0.9549139609375 0.33951432812500004 0.9750639796874999 0.3613884875 0.975964965625 0.4097677703125 0.9864183093750001 0.42617579375 0.9523178781249999 0.43610891093750004 0.9201949328125 0.46511325000000003 0.84776700625 0.48230029375 0.789703690625 0.49812270937500003 0.71322719375 0.495149971875 0.6537753359375 0.48350899375 0.582896353125 0.46822294218750005 0.5238919953125001 0.44346063750000003 0.46063547812500005 0.41202316874999995 0.4102821671875 0.3743090375 0.37289114375 0.312258809375 0.32987670156250004 0.2562941515625 0.318331253125 0.1875109375 0.348703209375 0.144067165625 0.38119502031249997 0.0839675890625 0.48785965 0.043145953125 0.5746521875 0.0157000390625 0.669164478125 0.0043314765625000005 0.7265914921875 0 0.7514085234375 0 0.898855834375