2 0.4439791203125 0 0.2486120046875 0.32259755 0.0722346359375 0.6384847390624999 0.06834765937500001 0.654879153125 0.0762738734375 0.6793585796875 0.2497666421875 0.94970690625 0.3811103390625 0.964761246875 0.3930461890625 0.9547039859374999 0.5156060171875 0.7441114765625 0.6979513140625 0.42319565781249996 0.7066397921875 0.4058530421875 0.7079321640625 0.3920092890625 0.5049315625 0.0002088859375 0.5048068296875 0 0.4439791203125 0
5 0.201955125 0.4858147453125 0.19404535625 0.50323005625 0.1954866984375 0.5382756125 0.1724167328125 0.6171154578125 0.1729567046875 0.6702305875000001 0.1656931203125 0.6807240234374999 0.1654379359375 0.691871721875 0.1785533640625 0.71124981875 0.1923281359375 0.7572218281249999 0.20258719531249997 0.77354039375 0.21089454375 0.7771087984375 0.24747751718750002 0.738630765625 0.23513422031250003 0.70256746875 0.233808959375 0.6326217484375001 0.23847135625 0.6079210828125 0.26142195468749996 0.555602453125 0.257916109375 0.5510858484375001 0.2531014484375 0.518518259375 0.21479892343749998 0.4744458046875 0.201955125 0.4858147453125
0 0.23718227500000003 0.6301437828124999 0.2399159875 0.6513455859375 0.2531672328125 0.686097203125 0.2645927140625 0.6983353375 0.28847099374999996 0.6949787109375001 0.3035183984375 0.676833284375 0.3349154484375 0.6518355265625 0.39614554687500003 0.5849367203125 0.41755516562499995 0.574367434375 0.451376609375 0.5324197875000001 0.4168925359375 0.539394575 0.32307594375000004 0.576718940625 0.2917982640625 0.5751954828125 0.2469013625 0.59334721875 0.23977030625 0.6108352234375001 0.23718227500000003 0.6301437828124999
1 0.26495082187499996 0.6187716875 0.2605534765625 0.6574614984375 0.2631513734375 0.66328978125 0.27535227500000004 0.667221665625 0.2839148078125 0.659642371875 0.2918212875 0.6338481140625001 0.289478575 0.61687213125 0.273380828125 0.6041978218749999 0.26495082187499996 0.6187716875
10 0.5649045125 0.3674855640625 0.571018121875 0.4029672953125 0.5846537875 0.4251868390625 0.5980244 0.43341723906249996 0.6274828953125 0.429185109375 0.6317510046875 0.391879675 0.6444589875 0.3651372140625 0.6426365140625 0.3510026796875 0.6377057734375 0.35333525468750004 0.635107878125 0.34750696875 0.634451825 0.32929200625 0.6380803265625 0.315666340625 0.6300314546875 0.3093291859375 0.62560779375 0.28098741875 0.628460875 0.27566800625 0.621452475 0.27501374375 0.6015739640625 0.21869684375 0.58118179375 0.17629639218749998 0.547942534375 0.1368859328125 0.5214597796875 0.11765638281249999 0.4956297890625 0.1082628484375 0.49224002499999997 0.06884607968749999 0.48133478125 0.05944939375 0.47783880312499993 0.080069628125 0.4367128 0.11672711093749999 0.4167280765625 0.12044721875 0.399990721875 0.13145267968750002 0.366390065625 0.1632269234375 0.3276100625 0.2252393359375 0.306346125 0.27631898125 0.28975774374999996 0.33621375 0.2529393203125 0.43611316406249995 0.2850220234375 0.50474089375 0.31448051875 0.5005087625 0.339906353125 0.4721606859375 0.3514347578125 0.41598286875 0.3566042375 0.3606078578125 0.375011803125 0.306468678125 0.386553365625 0.28380665 0.41249614843750004 0.24992107031250002 0.4541456765625 0.22448398281249998 0.49230251875000003 0.228046078125 0.5202134593750001 0.2488053953125 0.5348863109375 0.268328884375 0.56541488125 0.3451901703125 0.5649045125 0.3674855640625
9 0.406968559375 0.38485973125 0.4023127390625 0.4263182921875 0.4075184 0.46311169999999996 0.4184302234375 0.489266284375 0.4347897328125 0.5075507906250001 0.4608781984375 0.5141755734375 0.47567041874999993 0.5071778453125 0.49681498749999997 0.4826194140625 0.5097814453125 0.45310820625000003 0.51586545 0.4131794125 0.514815109375 0.38235967656250003 0.5013021015625 0.3419978640625 0.48870690781250004 0.3254612125 0.4767644796875 0.3187605796875 0.447435221875 0.3216083359375 0.42771555 0.339317584375 0.406968559375 0.38485973125
11 0.33229356875 0.9155179265625 0.3306102 0.92513585625 0.332820384375 0.935117265625 0.3426851546875 0.9388310625 0.3470956578125 0.9336570390625001 0.349295975 0.918501609375 0.347085790625 0.9085201968750001 0.3386492046875 0.90633616875 0.33229356875 0.9155179265625
11 0.3627234640625 0.7410107984375001 0.3609108578125 0.752013103125 0.36299180625 0.7633788890625001 0.3680550734375 0.7680408843750001 0.37661760625 0.7604615906250001 0.37946739687500003 0.7467632296875 0.3763492640625 0.7380935 0.36635525625 0.735764078125 0.3627234640625 0.7410107984375001
11 0.2572238765625 0.4407024640625 0.27292075625 0.4240141109375 0.27395136249999996 0.4045601625 0.270829940625 0.387511484375 0.2596695109375 0.38926249375 0.2518856890625 0.3969144828125 0.24890995 0.4203761640625 0.2572238765625 0.4407024640625
11 0.457711684375 0.051658321875 0.4522639984375 0.0595283984375 0.45344028593749997 0.080584809375 0.4617509234375 0.0925321609375 0.47070445625 0.08917868906250001 0.4767983296875 0.0743867375 0.4752343296875 0.057483451562499996 0.46666521875000005 0.0483048515625 0.457711684375 0.051658321875
11 0.6380836171875 0.3240452859375 0.6356215359374999 0.333590521875 0.6373147734375 0.3491094328125 0.6457546468750001 0.359672409375 0.6541879421875 0.353477490625 0.65846263125 0.3329299484375 0.6549534968749999 0.320034396875 0.6483328078125 0.3152270109375 0.6380836171875 0.3240452859375
8 0.58835318125 0.44040288125 0.5742890046875 0.42386734375 0.56887414375 0.4009769109375 0.564705465625 0.37551606406250004 0.5577912953124999 0.3471121625 0.5519582734374999 0.317914075 0.5460473109375 0.305722934375 0.5249089609375 0.2786779015625 0.5175816578125 0.260084525 0.5045176390624999 0.2490158546875 0.47539863593750004 0.2373435046875 0.464501 0.23542965468750002 0.4369661296875 0.233755678125 0.41576356406250004 0.261325003125 0.397970253125 0.28473560937500003 0.3853342921875 0.30683604375 0.36853929218750003 0.330339846875 0.360477646875 0.351973590625 0.3559968796875 0.3837907140625 0.354258684375 0.40780361562499995 0.3529366703125 0.432751884375 0.3505315296875 0.453122053125 0.340807521875 0.47639084374999996 0.3329097109375 0.49087614375 0.320105959375 0.509380440625 0.3086281796875 0.51368105 0.298481271875 0.5198975328125 0.2954903078125 0.5303625234375 0.2941682953125 0.555310790625 0.29891698906249997 0.5745585625 0.33067089375 0.6694687171875 0.3378046140625 0.68653446875 0.35777699687500003 0.7098887859375 0.386811178125 0.71707623125 0.435976415625 0.724352753125 0.4660859390625 0.71462775625 0.495197153125 0.7048095640625001 0.5350326640625 0.677188065625 0.556483753125 0.646956584375 0.5736064187500001 0.609155896875 0.595965315625 0.5584130703125 0.614581484375 0.5100075953125 0.620640575 0.4720705921875 0.6237105515625 0.44997225468749996 0.6227932359375 0.443618 0.609650334375 0.44418129375 0.58835318125 0.44040288125
7 0.3915688609375 0.7631867625 0.37434275 0.7427755703125001 0.3677689296875 0.737684890625 0.3520512484375 0.7496485421875 0.3306020078125 0.7852536953125 0.3168829203125 0.8027760296875 0.2978426515625 0.8287569765624999 0.2925262078125 0.847960246875 0.2981067484375 0.869075909375 0.30651653125 0.8922459296874999 0.313841984375 0.90546563125 0.3291569515625 0.9301767921874999 0.332817909375 0.9341004265624999 0.3568535453125 0.919331421875 0.3789677484375 0.8819967140625 0.3916885296875 0.8643811843749999 0.4098133328125 0.837419653125 0.41537722656250003 0.8101806312500001 0.403138046875 0.7794893828125 0.3915688609375 0.7631867625
11 0.43594299843749995 0.46995457187499995 0.43659247187499994 0.47141164375000005 0.43594628750000003 0.47833351874999996 0.4371159984375 0.4826320359375 0.4393228953125 0.4842344984375 0.444773871875 0.4847433703125 0.44646053124999996 0.4835043859375 0.44749771562499996 0.4808083296875 0.44788542812500004 0.4766552046875 0.44723595312500003 0.47519813437499997 0.44775290156249997 0.469660634375 0.44645395312499997 0.466746490625 0.442818871875 0.46361426093749997 0.43957479062499993 0.464707853125 0.436980184375 0.4672585171875 0.43594299843749995 0.46995457187499995
11 0.43850142343750004 0.375235490625 0.44161626875 0.3755262734375 0.44498958593750004 0.37304830624999996 0.44615271874999995 0.3605889296875 0.4456324828125 0.3577474828125 0.4419974015625 0.35461525312500003 0.44108945312500003 0.3559269328125 0.437974609375 0.3556361484375 0.43628795 0.35687513437499996 0.43525076562500004 0.3595711875 0.43434610625000003 0.3692618140625 0.43486634375 0.3721032609375 0.43850142343750004 0.375235490625
11 0.483832084375 0.47023588906249997 0.4833085578125 0.45901549687500004 0.478765528125 0.4571949453125 0.47552144687500003 0.4582885375 0.47279760312499997 0.46222357656249996 0.47176041875 0.46491963125 0.4713727078125 0.46907275625 0.473970603125 0.474901040625 0.47942158125 0.4754099125 0.4818869515625 0.4742436234375 0.483832084375 0.47023588906249997
11 0.5001619921875 0.413109871875 0.500549703125 0.40895674531250004 0.4988597546875 0.40181678125 0.49587414687500003 0.40014162343750004 0.4923715921875 0.40400396718750003 0.49016798437500003 0.41078045156250004 0.4897802734375 0.41493357656249996 0.491079221875 0.41784771875000004 0.49484354062499997 0.41959557187499996 0.49912480625000005 0.4158059265625 0.5001619921875 0.413109871875
11 0.47392784531250004 0.3659747265625 0.47535602812500005 0.3675044953125 0.4784708734375 0.367795278125 0.48184419062500006 0.3653173109375 0.4828813765625 0.36262125625 0.4832690859375 0.35846813125 0.4817083765625 0.3499437921875 0.4762574 0.349434921875 0.4745707390625 0.3506739046875 0.474441503125 0.35205828125 0.47262560625 0.35468163750000004 0.47197942187499997 0.3616035140625 0.47392784531250004 0.3659747265625
11 0.42593583593749995 0.4341093640625 0.4278809671875 0.43010162812499997 0.42865639062499994 0.42179537656250005 0.4282653890625 0.41756955468749996 0.42475954531250004 0.41305295 0.4238515984375 0.4143646296875 0.419958040625 0.41400115 0.4172341984375 0.41793618906249996 0.4163295390625 0.42762681562499993 0.4176284859375 0.4305409578125 0.42269175312499996 0.43520295468750003 0.42593583593749995 0.4341093640625