2 0.5387262828125 0 0.3427207484375 0.175716934375 0.2494284140625 0.24917767343750002 0.243664040625 0.26141301562499997 0.24343757031250002 0.27112733906250003 0.29940448124999997 0.45572352968749996 0.37447640312499997 0.727342534375 0.37887653593750004 0.740050525 0.386598328125 0.7445773859375 0.782237390625 0.39343014374999996 0.7841570453125 0.37823749218749997 0.6742863515625 0 0.5387262828125 0
5 0.6262971859375 0.46814554375000006 0.6314792031249999 0.48088989375 0.6425226562499999 0.47723561875 0.673760296875 0.446735078125 0.6858066921875 0.400060225 0.694601546875 0.392133596875 0.7139869109375 0.39998134375 0.7243455359375 0.39212742968750003 0.7293280249999999 0.3798557296875 0.729910378125 0.3548760390625 0.6872085765625 0.20562830625 0.67192675625 0.189635784375 0.6497751468749999 0.199719853125 0.6343693265625 0.22262098749999998 0.6408239390625 0.24792789843750002 0.652131628125 0.26651415156249997 0.6522988046875 0.2929179625 0.6457848984375001 0.30372918437499996 0.64344465625 0.336962725 0.6342939171875 0.36015471875 0.62071069375 0.37202648437499997 0.60983441875 0.40208456562499995 0.6011689765625 0.40446015312499994 0.5968443734375 0.45566186562500005 0.6262971859375 0.46814554375000006
0 0.6291280140625 0.24599477187500002 0.6166178515625 0.24541304687499998 0.5979550796875001 0.273719790625 0.49667130468750004 0.28707053125000004 0.48615091406250005 0.3018632484375 0.49442812031249994 0.316140790625 0.5257035265625001 0.3175950984375 0.5824576125 0.33412682031249996 0.6256931812500001 0.359754784375 0.6312634359375 0.35584600625 0.6427921828125001 0.3313753234375 0.6496242062500001 0.2733438828125 0.6451917203125 0.26202365 0.6291280140625 0.24599477187500002
1 0.63148449375 0.31278906875 0.631905084375 0.29474818125 0.6244097640625 0.28050699687499997 0.6158413796875 0.2787193015625 0.60779605625 0.2880700484375 0.6042155734375 0.3073532671875 0.610114771875 0.3229094953125 0.6194003343750001 0.32750906875 0.63148449375 0.31278906875
7 0.6211796296875 0.049738798437499995 0.6056066312499999 0.046236121875 0.5787637125 0.05610204375 0.55866658125 0.07878503125 0.5549890390625001 0.1022315296875 0.5641128359375001 0.113769909375 0.5874831578124999 0.1857091484375 0.5943260046875001 0.1943629328125 0.602764978125 0.20170166875 0.6223768125 0.1998350921875 0.6462216046875 0.184272696875 0.65214774375 0.1650985515625 0.6517540937499999 0.1484090671875 0.6211796296875 0.049738798437499995
9 0.49261635156250005 0.3938553828125 0.494174709375 0.36058548749999997 0.49055645937500003 0.3479138515625 0.47250298125 0.316510534375 0.45943740625 0.3061781265625 0.44529876718750006 0.30829920781250003 0.4189789078125 0.32930357187500003 0.4116831171875 0.3400784375 0.407158984375 0.3662641 0.41671419531250004 0.42644681718750005 0.42873906406250006 0.44784495 0.44496453437500005 0.4569350265625 0.46060223593750005 0.45766218125 0.465552371875 0.44677824218750006 0.47574923125 0.44586313281249995 0.48802751093749996 0.4228165671875 0.49261635156250005 0.3938553828125
11 0.5542395078125 0.10080741093750001 0.5634603640625 0.108182509375 0.569127678125 0.10011044843750001 0.5695159140625 0.0834573234375 0.5587312875 0.07600950937499999 0.5545953906250001 0.08554204531250001 0.5542395078125 0.10080741093750001
11 0.6385968703125 0.17558255625000002 0.6446901875 0.18281222187499999 0.6510099734375 0.18032756249999998 0.6535497484375 0.172110071875 0.6514952703125 0.159511153125 0.6413307625 0.159038503125 0.6385968703125 0.17558255625000002
11 0.7219297625000001 0.3614512671875 0.7135231421875 0.35272476875000003 0.7087671265625 0.3552821421875 0.70759700625 0.3718989109375 0.7136903203125 0.379128575 0.7199777546874999 0.3780316796875 0.724048946875 0.37127466249999996 0.7219297625000001 0.3614512671875
11 0.4571059828125 0.317679803125 0.4532482640625 0.3287770828125 0.45810464531250006 0.33839989375 0.4645188734375 0.3356917875 0.46796235937499997 0.3241987546875 0.46264797343749997 0.31605783125000003 0.4571059828125 0.317679803125
11 0.43339767656249994 0.3357478328125 0.42714100781250003 0.3316975453125 0.42107096874999994 0.33780590625 0.4224828546875 0.34989981718749996 0.426184021875 0.3545828640625 0.43148863281249994 0.3540779375 0.4356730671875 0.34713030312500004 0.43339767656249994 0.3357478328125
11 0.42205675 0.3863412640625 0.417352025 0.388377271875 0.41665764687499995 0.3999981375 0.4190293515625 0.40724924375000005 0.423347125 0.4127125578125 0.42562851406249996 0.413899490625 0.4270112359375 0.4008546828125 0.42205675 0.3863412640625
11 0.44855867031249996 0.4300489953125 0.44521844374999997 0.428014 0.4393515609375 0.434506909375 0.4391502265625 0.44314294375 0.44286889843750005 0.4470752125 0.4479669984375 0.44740396718750003 0.4508945546875 0.43880300937500005 0.44855867031249996 0.4300489953125
11 0.47579602187500003 0.43066119062499997 0.4806476703125 0.42477402656249996 0.4808227328125 0.4172648546875 0.475667696875 0.4113875078125 0.470566240625 0.41227698281249997 0.46874292031250003 0.41783122656250005 0.470207315625 0.42767279843750006 0.4718635265625 0.42925299843750003 0.47579602187500003 0.43066119062499997
11 0.48558024218750007 0.358472878125 0.48084823749999994 0.3526138125 0.4762232984375 0.36029255781249997 0.476613084375 0.37083575468749996 0.480102359375 0.3755089484375 0.484140915625 0.37784037812500004 0.48782939374999995 0.3709808234375 0.48558024218750007 0.358472878125
8 0.3211402484375 0.45820547500000003 0.3311428625 0.5047705796875 0.3444997984375 0.5466889703125 0.35661531874999997 0.57222299375 0.37978545 0.599231040625 0.4040004328125 0.6162043859375 0.433268878125 0.6252480078125 0.46288533750000005 0.6309471796875 0.490553909375 0.627432471875 0.508697165625 0.6148294375 0.5284151421875001 0.5926970296875 0.5561332265625001 0.5522079453125001 0.565833225 0.5305696828124999 0.5737201390625 0.5054850875 0.58080605 0.46835860937499996 0.5825933 0.4497130359375 0.5910372078125 0.3891197203125 0.5921017140625 0.35507526718750004 0.592177878125 0.3401914453125 0.5864903421875 0.2752664109375 0.5808640140625 0.2570707625 0.5665516828125 0.22134991249999997 0.5464429859375 0.190641515625 0.522868121875 0.16937732187500001 0.49521920625 0.148882278125 0.468685721875 0.13852516406249998 0.43890151250000004 0.14002153125 0.40989591875000003 0.1545201140625 0.3832093921875 0.17392783437499998 0.36519130781250003 0.1927786546875 0.34329119375 0.22729491875000002 0.33065628125 0.270406725 0.321871259375 0.310814828125 0.316937415625 0.3600474078125 0.3157855828125 0.4094544625 0.3211402484375 0.45820547500000003