2 0 0.5189926687499999 0.1187093953125 0.54564951875 0.13742380468749998 0.54636926875 0.22034615937500002 0.563728975 0.71711851875 0.672022309375 0.7282302765625001 0.669962590625 0.7399814140625 0.6630111578125 0.7388799734375 0.656201646875 0.7467548578125001 0.6518195625 0.75291639375 0.636844903125 0.7733041765625 0.62137628125 0.976517609375 0.4006703375 0.9574259953125001 0.2826387921875 0.35965625156250003 0.1513742859375 0.33642621250000004 0.1581155984375 0.0695068703125 0.40066376562499995 0 0.46764518749999995 0 0.5189926687499999
5 0.4570322078125 0.29346998750000003 0.467382203125 0.295545375 0.46512438749999996 0.29927590625 0.47422309531250006 0.302459946875 0.4832943328125 0.314318765625 0.5041441765625 0.31055137187500004 0.5616211015625 0.2855776390625 0.5773983406250001 0.26813869375 0.5759297546875 0.25905934375 0.5647230828125 0.25168766875 0.575889778125 0.23227839687500001 0.5737818125 0.22809076250000002 0.5307633890625 0.2186280328125 0.5122937453125 0.21942150468750002 0.499958165625 0.21391509687500002 0.4425087078125 0.23021405156250002 0.43115218593750004 0.23076054375 0.42550139531250003 0.2223590109375 0.42848724843749997 0.205440290625 0.3986885484375 0.19810547812499998 0.3738400703125 0.20368560625 0.3619665515625 0.20988042812500002 0.258476646875 0.30416851718750004 0.2474598046875 0.3156596234375 0.23739455 0.34187840937499997 0.24212747499999998 0.3446053484375 0.2747959 0.35199269218749996 0.3104839015625 0.35151440156249997 0.3331295015625 0.332315246875 0.333401734375 0.32515369375000003 0.35604733125 0.305954540625 0.3676486171875 0.30692127343750003 0.3685052921875 0.3122175609375 0.41472060937500005 0.29722171249999996 0.4475388859375 0.2966908875 0.4570322078125 0.29346998750000003
0 0.42732842031249996 0.295566565625 0.39286424062499997 0.3036109828125 0.380990721875 0.3098058015625 0.349029121875 0.31563291250000003 0.3348977875 0.325558265625 0.33123883125 0.33831561718750003 0.35362470625000003 0.36173374375 0.38342340625000004 0.36906855625 0.46098596093750005 0.4240487640625 0.48242024843750003 0.4327392109375 0.493109921875 0.44575921406249996 0.5088322234375 0.44566982499999996 0.51808078125 0.440935696875 0.5234805546875 0.4300961421875 0.468685978125 0.35667339375 0.451292753125 0.29336492812500004 0.42732842031249996 0.295566565625
1 0.41493790468749997 0.3074097140625 0.39320391875 0.31455559843750003 0.3798068765625 0.32902062656250003 0.39061893593749997 0.342797240625 0.402342603125 0.3445205859375 0.42908175000000004 0.33294008750000004 0.4346039046875 0.32285714374999996 0.432768171875 0.31150795625 0.41493790468749997 0.3074097140625
9 0.66755375 0.3655942578125 0.6234738640625 0.3761029640625 0.6019846421875 0.3847620734375 0.55821696875 0.41489017187500005 0.53780171875 0.4390335703125 0.5335982968749999 0.4661140296875 0.5412958640625 0.478324890625 0.5588538984375 0.48958468593750004 0.592406465625 0.49359353749999996 0.6317259546875 0.4890326734375 0.6861833015625 0.47192457499999996 0.7235721453124999 0.44658313281249995 0.7416072015624999 0.425413653125 0.7403434015625 0.39106658125 0.7295313453125 0.377289965625 0.70498256875 0.3670337640625 0.66755375 0.3655942578125
7 0.2741964984375 0.38366535625 0.2788345109375 0.3769609046875 0.26936865781249997 0.3715070265625 0.236944996875 0.3656329078125 0.2303214015625 0.3689063390625 0.19366685156250002 0.39878745625 0.1240939703125 0.472777275 0.1641779109375 0.49065826718750005 0.1927253203125 0.4991017359375 0.21879761874999998 0.5010877296875 0.2122014921875 0.4956863828125 0.2247143890625 0.484599846875 0.23146036718750002 0.48208302812500003 0.24605376250000002 0.4838589046875 0.2681149171875 0.4522019109375 0.3075758359375 0.41334043906250006 0.30718289374999996 0.40337553281250005 0.31262984843749997 0.3956048734375 0.2741964984375 0.38366535625
11 0.2451595609375 0.3721954390625 0.2391753453125 0.37057715468749997 0.2243097171875 0.3759628328125 0.21817565 0.3822627125 0.22077314375 0.38947679687500003 0.22962708593749998 0.3911476125 0.2444927140625 0.385761934375 0.24925310781249999 0.37981409374999997 0.2451595609375 0.3721954390625
11 0.21195672812500002 0.49417315781250004 0.216050275 0.5017918124999999 0.22902523281249998 0.5024065046875 0.24239480625 0.49661625468750004 0.24691043750000002 0.489155190625 0.2400695453125 0.48224061875 0.21934208437499997 0.4867646234375 0.21195672812500002 0.49417315781250004
11 0.6037654375 0.413460815625 0.6100218875000001 0.4079175484375 0.608675684375 0.3995948109375 0.6016849421875 0.40059840468749996 0.5925587671875 0.40608914374999994 0.5941497359375 0.4159251046875 0.6037654375 0.413460815625
11 0.5877159671875 0.43806131718749997 0.5794739343749999 0.44017356406249997 0.5708372875000001 0.448690753125 0.570197909375 0.45358246874999997 0.5805479046875 0.45565785468750003 0.5874162671875001 0.45389764843749997 0.5962976765625 0.4468936859375 0.5951962359375 0.44008417499999997 0.5877159671875 0.43806131718749997
11 0.6215807437499999 0.46168956406249995 0.6178268765625 0.465015525 0.6204243703125 0.4722296078125 0.6392886296875 0.46503119374999996 0.634066175 0.4592778046875 0.6215807437499999 0.46168956406249995
11 0.7006143375 0.44616289218749994 0.703756296875 0.43905386875 0.697649696875 0.436678971875 0.6880339953125 0.4391432578125 0.6802814921875 0.44428195625000005 0.6817500796875 0.45336130468749997 0.7006143375 0.44616289218749994
11 0.7009689765625 0.41297700312499996 0.7172082734375 0.407239284375 0.714366015625 0.3985119765625 0.70462793125 0.4002196515625 0.6982491 0.4050063078125 0.6961136671875 0.4094934515625 0.7009689765625 0.41297700312499996
11 0.6677161078125 0.39313181875000003 0.6753462296875 0.387236509375 0.6727487359375 0.38002242656249996 0.6587672515625 0.3820296125 0.6513818953125 0.389438146875 0.6522385703125 0.394734434375 0.6677161078125 0.39313181875000003
11 0.38843346562500003 0.2054614828125 0.37469674531249997 0.2089818953125 0.36517595625 0.220877571875 0.36789583124999997 0.22884826875000003 0.3767497734375 0.23051908281250003 0.3851141890625 0.22916345 0.399000759375 0.2177248703125 0.3975321734375 0.208645521875 0.38843346562500003 0.2054614828125
8 0.8464436140625 0.49295702812500003 0.8637412984375 0.473066290625 0.880350396875 0.4546143609375 0.9139365156249999 0.4043656015625 0.9132486625 0.3540680640625 0.8990951640624999 0.326779828125 0.8752335453125 0.3032418984375 0.830063403125 0.2861104390625 0.7932933875 0.2677733625 0.7504855609375001 0.2617087859375 0.7020676531250001 0.259921025 0.6596785234375 0.26352950625 0.5952234734374999 0.27594646875 0.5408938640625001 0.2942865296875 0.5003069625000001 0.31257489375 0.4630089984375 0.333489834375 0.4486825828125 0.3441018671875 0.40233399375 0.3829413625 0.391205946875 0.39542545156250003 0.37130653125 0.414090234375 0.35587611875 0.45684622812500003 0.35117872031249997 0.4880191671875 0.3592202484375 0.520028034375 0.38543368437500003 0.5581057828125 0.420787059375 0.5818536875 0.45178542187500004 0.5928374843750001 0.5009277390625 0.602641640625 0.55228105 0.6084081328125001 0.6110532 0.6069111656249999 0.6548206390625 0.594117028125 0.7386535984375 0.567585540625 0.801437190625 0.533513903125 0.817915275 0.5220352546875 0.8464436140625 0.49295702812500003