2 0 0.593558 0.37089192187500003 0.667612753125 0.3942200515625 0.6643632968750001 0.6696404703125001 0.3395988796875 0.6724778953125 0.32904827187499996 0.6602558578125 0.32087485625 0.43271901562500004 0.256559059375 0.3954914515625 0.24944636875 0.2938360265625 0.21916490624999999 0.2741434203125 0.218088046875 0.25870346875 0.22839097968750002 0 0.5312627578125 0 0.593558
5 0.09772196562499999 0.5742027171874999 0.1516051890625 0.591386803125 0.1658851125 0.593823209375 0.1970828625 0.5865893390625 0.20986634999999998 0.5773551984374999 0.21300306249999998 0.5691387 0.20441654687500002 0.5566389671875001 0.1891575625 0.5574600843749999 0.1744785890625 0.5519115328125 0.16283656562499998 0.537368446875 0.15908272031249998 0.5298788375 0.16967144218750002 0.5035278921875 0.15655154375 0.48835214687499995 0.091462465625 0.4818129 0.076321803125 0.49444994218750005 0.08678524062500001 0.5106944796875 0.08220777500000001 0.540354096875 0.09772196562499999 0.5742027171874999
0 0.29020281406250004 0.5176240328125 0.3731145375 0.467083928125 0.3758522015625 0.455755284375 0.368363071875 0.451813953125 0.353403371875 0.45496918124999997 0.2868921015625 0.480910940625 0.1682121265625 0.5139331234375 0.1626370421875 0.535812375 0.179991034375 0.5513300234375 0.1974262296875 0.55658781875 0.247019675 0.5403163359375001 0.2622601015625 0.5284573296875 0.29020281406250004 0.5176240328125
1 0.209411621875 0.5411293875000001 0.2258491953125 0.5386068171875 0.24354655625000002 0.5241229453125 0.24097129687500002 0.5149318859375 0.22058035625 0.508408771875 0.20276467187499997 0.5110767187499999 0.1875242453125 0.5229357234374999 0.19483241093749998 0.5363588703125 0.209411621875 0.5411293875000001
9 0.3438192328125 0.434689084375 0.3697226203125 0.4406306875 0.398662959375 0.43757775624999995 0.429062609375 0.4241195953125 0.44262563593750004 0.4100718578125 0.44782023593750003 0.3961183484375 0.44424735625 0.3791469234375 0.4317260328125 0.368639396875 0.4052240703125 0.358029575 0.377063271875 0.356268909375 0.3469443484375 0.3610232890625 0.32717053906250004 0.37020628437499997 0.3110508109375 0.38610085 0.3068352765625 0.396796834375 0.3103083953125 0.41299022343749997 0.324606878125 0.42646451875 0.3438192328125 0.434689084375
11 0.3702191078125 0.6187929796875 0.36764385 0.6096019187499999 0.349828165625 0.612269865625 0.347770278125 0.6180068750000001 0.353981059375 0.6228716203125 0.3702191078125 0.6187929796875
11 0.34500245625 0.5528483359374999 0.3587835703125 0.551394559375 0.3603426453125 0.5417673671875 0.34222767656249997 0.5421012015625 0.34500245625 0.5528483359374999
11 0.15382084375 0.44526938437499997 0.1412995171875 0.434761859375 0.1316527390625 0.435779503125 0.121326184375 0.4423887796875 0.12212428281250001 0.44861307031250003 0.132569159375 0.45381971875 0.147828146875 0.4529986015625 0.15382084375 0.44526938437499997
11 0.3112457 0.2677962203125 0.3055151703125 0.2557837703125 0.28867854843749996 0.25519419062500004 0.276874121875 0.261170809375 0.27511552031250003 0.26924193125 0.28182511250000003 0.27799685625000004 0.2862587328125 0.27989483437499996 0.3112457 0.2677962203125
11 0.57884753125 0.3286741 0.5874154859375 0.3301359453125 0.5981410890625 0.3266388140625 0.6013775625 0.31920035156250004 0.5935891453125001 0.3129249125 0.5809866203125 0.3126772390625 0.5731170015625 0.31666165 0.5710591140625 0.32239866093749997 0.57884753125 0.3286741
10 0.55646134375 0.30659025624999997 0.476755934375 0.27320471562500004 0.4537085328125 0.26775039375 0.3376293390625 0.26659011875 0.3234306171875 0.2538938609375 0.30817163125 0.254714978125 0.2997405578125 0.2761069484375 0.2828227359375 0.285777221875 0.237164096875 0.3000565 0.2047065609375 0.319251671875 0.1708894734375 0.349630109375 0.1517513578125 0.3855571 0.14197929375 0.42917022656250003 0.1417356890625 0.4599497828125 0.1566141875 0.46705440625000005 0.189507890625 0.4730471578125 0.2271971484375 0.46197425625 0.2453933203125 0.45138056718749997 0.238827571875 0.411068046875 0.24320551406250002 0.37985235624999997 0.267575346875 0.352047634375 0.3348661546875 0.32129228125 0.395702575 0.3164517359375 0.45557849375000004 0.3259066046875 0.49086649375 0.3505722328125 0.5248575843750001 0.3651233859375 0.586872590625 0.35858139218749996 0.5918491078125 0.332033921875 0.5730357984375 0.3269215015625 0.56700598125 0.31257494218750004 0.55646134375 0.30659025624999997
7 0.342107728125 0.622591971875 0.371324490625 0.6215096703125 0.3894642234375 0.6090270234374999 0.41863579375000004 0.5799563812499999 0.4199859078125 0.5549632625 0.382730084375 0.5486105703125 0.3623427734375 0.53962124375 0.3430770703125 0.53936834375 0.3337190734375 0.5453723453125 0.3155480609375 0.5694083375 0.2971694671875 0.587914759375 0.2865350828125 0.6076024531249999 0.342107728125 0.622591971875
11 0.41207094218749996 0.387005271875 0.416058325 0.3901071390625 0.42335055625000007 0.3897786828125 0.42927529218749994 0.387303715625 0.429687525 0.3832093953125 0.4268780859375 0.3807757671875 0.41943942187500005 0.3787421609375 0.41575608124999996 0.3804515578125 0.41207094218749996 0.387005271875
11 0.37680684375 0.3720466671875 0.38064683125 0.374380253125 0.3878085375 0.3754739359375 0.3942156109375 0.37189141718749996 0.3939689140625 0.3687474296875 0.3904015625 0.366481284375 0.3823278953125 0.36680464375 0.379866890625 0.368297565625 0.37680684375 0.3720466671875
11 0.35090045625 0.37971987500000004 0.34907297656249997 0.378855196875 0.346078825 0.377410196875 0.3397879453125 0.378249675 0.335426184375 0.380735609375 0.33409715 0.3825491359375 0.33616153125000003 0.3864705171875 0.34211493125 0.3878683015625 0.347106840625 0.3866367296875 0.3477962328125 0.3847148296875 0.35057404999999997 0.38204349843749996 0.35090045625 0.37971987500000004
11 0.3387083125 0.4039034609375 0.33466030625 0.4039780015625 0.33087808124999996 0.404905325 0.3288899171875 0.40643668593750004 0.3268588953125 0.410291721875 0.329801859375 0.41232881250000003 0.3384263828125 0.41265231562500004 0.3441745234375 0.4100201296875 0.34545600468750004 0.40662661250000004 0.34256043593749996 0.40473040625 0.3387083125 0.4039034609375
11 0.3762513453125 0.41799712031249997 0.3713245984375 0.4185168453125 0.3657196328125 0.42104560781249994 0.36387484375 0.4237060453125 0.3645512640625 0.4265413234375 0.36831577968749996 0.4279050578125 0.37608074999999996 0.4276142625 0.3800812046875 0.42595973281250005 0.3817158765625 0.42288065625 0.378705915625 0.41888317500000005 0.3762513453125 0.41799712031249997
11 0.40950784375 0.40717891875 0.4064308234375 0.40873682499999997 0.40511556718749997 0.41323946562499997 0.408070215625 0.415433034375 0.4121309765625 0.41667798749999996 0.4172965234375 0.41437142812500005 0.4203719640625 0.41158116875 0.420730109375 0.4082850578125 0.41589898593749997 0.40712136875000005 0.40950784375 0.40717891875
8 0.343248859375 0.3159281734375 0.291868671875 0.331848765625 0.2564949515625 0.3555664234375 0.24870651718749998 0.3790835875 0.2424949453125 0.41022538593749996 0.25090364374999996 0.42898533125 0.25018533593750003 0.456160775 0.20883083125000002 0.4706854609375 0.198471125 0.4741495140625 0.2113947203125 0.4859969515625 0.22371844531249999 0.4931660546875 0.2984356890625 0.517246028125 0.34298876875 0.5198781359375 0.40302598125 0.5199810109375 0.48549394843749993 0.49840896093750003 0.5321273296875 0.47824592031249996 0.569219871875 0.44452384531250005 0.586469434375 0.41052381718750003 0.5869205171874999 0.3766020390625 0.5793702546875 0.36452605937500004 0.55424701875 0.3698866046875 0.5226729999999999 0.3623778125 0.5030709640625 0.3546217546875 0.47875911406249994 0.3382168125 0.45834291875 0.32411119843749997 0.41615062812500003 0.318060825 0.377941065625 0.31497796875 0.343248859375 0.3159281734375