2 0.6152357578125 0.1155871625 0.6101025890625 0.10523525625 0.43077240625 0.1460862125 0.2834723109375 0.1879785296875 0.27528221875000003 0.1994250234375 0.35786182499999997 0.599834771875 0.367098746875 0.61507310625 0.697057228125 0.5288732828125 0.7016617609375 0.51951696875 0.7003645390625 0.49995351093749996 0.6152357578125 0.1155871625
5 0.349917296875 0.40059756875 0.361685875 0.41185592031249996 0.3769864265625 0.4016239640625 0.3757566375 0.38960589218749997 0.3686432 0.3719599375 0.370409315625 0.36121546875 0.3694932375 0.3252529421875 0.3765650140625 0.289623790625 0.3926418546875 0.27802036874999997 0.39430080312500004 0.27219568125000004 0.39740188593750003 0.2648755296875 0.4058259203125 0.256551390625 0.38625621250000003 0.2002154890625 0.381819453125 0.20043993906250002 0.37061709062500003 0.203161109375 0.37262968281250003 0.2229944734375 0.3537823046875 0.238180028125 0.339265803125 0.2580635046875 0.3334082640625 0.28550264062499997 0.330216590625 0.317951884375 0.335461009375 0.3567735125 0.3393501546875 0.36461493749999996 0.3469065734375 0.3809536171875 0.349917296875 0.40059756875
0 0.32910099375 0.310199275 0.3715191390625 0.3616190578125 0.4040327203125 0.37325565625 0.45185564375 0.38568450625 0.48892069375 0.40136484843750003 0.5195398890625 0.4029478421875 0.4995558421875 0.38282505 0.4397269125 0.339585590625 0.3984243640625 0.295918415625 0.34139620625 0.2362938828125 0.337473325 0.23573959218749999 0.32464915781250003 0.2920520109375 0.32910099375 0.310199275
8 0.5225250359375 0.5303891859375 0.5528270203125001 0.5504050671875 0.5900955999999999 0.54338555 0.6215859359375 0.5239794046874999 0.6376537328125 0.5013546515625 0.6445139296875 0.479238890625 0.6248636765625 0.46089252187499996 0.6096366453125001 0.423949696875 0.6132705296875 0.390193325 0.6124671390625 0.3566586671875 0.6084439796875001 0.31883226875 0.596991134375 0.28546555156250003 0.581772125 0.25954708125 0.5754277359375 0.249195515625 0.5581218015625 0.2327661375 0.516065575 0.21802588125 0.49366210625000007 0.225308696875 0.47405126875 0.256562096875 0.4636475203125 0.2873080140625 0.44079908124999995 0.29222413125 0.42791516406249996 0.2732145390625 0.42315388125000003 0.284523146875 0.42150773125 0.3068820984375 0.420959090625 0.31494675 0.43344146562499997 0.386703715625 0.44133619687500003 0.410327365625 0.4540112921875 0.44652417343749995 0.473563165625 0.480814534375 0.4922210625 0.5066993359375 0.5225250359375 0.5303891859375
9 0.53388785625 0.2794674171875 0.5285077765625 0.28048075 0.5167251625 0.28552968437500004 0.50802384375 0.2984873109375 0.5024038187500001 0.31935362968750003 0.502421228125 0.34057298125 0.508851621875 0.370488346875 0.5257882984375 0.4012545421875 0.534249675 0.4081498984375 0.5498821687500001 0.4108648953125 0.563201946875 0.40552643593750004 0.57164939375 0.3954463125 0.5782953562500001 0.3758016015625 0.578785690625 0.348827246875 0.5723553 0.3189118828125 0.56465554375 0.3033840234375 0.54849789375 0.2852046765625 0.53388785625 0.2794674171875
7 0.37620682968749997 0.4732882375 0.37467662968750004 0.482065503125 0.386000246875 0.5421857578125 0.39344613125 0.5605911171875 0.4551866265625 0.54613264375 0.44385604531249995 0.4775246484375 0.42257218906249994 0.4574811375 0.390802940625 0.46205001562500003 0.37620682968749997 0.4732882375
11 0.4285049609375 0.193203075 0.4236326265625 0.18846140625000002 0.41671886406249997 0.1940081359375 0.419038540625 0.21054933125000003 0.4267313328125 0.2175894515625 0.43158973749999996 0.2053556375 0.4285049609375 0.193203075
11 0.5916879390625 0.14690438125 0.5868190875 0.146406584375 0.58579315 0.1451849765625 0.5806739078125001 0.151808553125 0.5794010609375 0.1619521875 0.58991779375 0.1755346296875 0.59606645625 0.1743765328125 0.5996450515625 0.163798609375 0.5986156312500001 0.15833313437500002 0.5916879390625 0.14690438125
11 0.6639176328125 0.42475742656250004 0.6593165812499999 0.438357609375 0.662658715625 0.4518765421875 0.66624775625 0.4540302328125 0.6731650015625 0.4527273734375 0.6772583062499999 0.444882190625 0.6749421109375 0.432584865625 0.6669919640625 0.424178378125 0.6639176328125 0.42475742656250004
11 0.38703315 0.5518951046875 0.396009234375 0.5615232 0.39908008437500003 0.5567002828125001 0.3980437 0.5427470640625 0.38855638593749997 0.5346300984375 0.3882990328125 0.5332637296875 0.38522818281250004 0.5380866484375 0.38703315 0.5518951046875
11 0.43155872031250003 0.47984084375 0.4364310546875 0.48458251093750004 0.4428301078125 0.47630304062500006 0.44102862343749993 0.46673845468749997 0.4351303515625 0.4607751828125 0.4335931859375 0.46106470625 0.42949987968750003 0.4689098890625 0.43155872031250003 0.47984084375
11 0.5192960015625 0.3149396671875 0.51565395625 0.3140806375 0.514154371875 0.3139527796875 0.51301934375 0.32186613125 0.514463246875 0.3268955859375 0.5187077312499999 0.33029397656250004 0.52238695 0.328054575 0.5236224734375 0.32207760625000004 0.520896946875 0.316184553125 0.5192960015625 0.3149396671875
11 0.524892025 0.358509778125 0.5226097203125 0.35628823593750003 0.5199683281249999 0.35612359374999997 0.5176491375000001 0.357665403125 0.5168932125000001 0.3591830078125 0.516895640625 0.3662015828125 0.51897938125 0.3700055328125 0.52254250625 0.372427265625 0.52682310625 0.3720624484375 0.5264560546875 0.3628544625 0.524892025 0.358509778125
11 0.549802453125 0.3858499359375 0.5476777640625 0.3811694234375 0.5435149203125 0.37952279375 0.54159445625 0.379222365625 0.53972496875 0.381402459375 0.53891835 0.385469253125 0.540804359375 0.392182575 0.5453288203125 0.396412509375 0.54800981875 0.396128259375 0.5496465296874999 0.39162215 0.549802453125 0.3858499359375
11 0.5685584343750001 0.37325943906250003 0.5688334546875 0.366801234375 0.5679895875 0.3623209078125 0.566027090625 0.35981983125 0.5631049515625 0.35882379062499997 0.5601846984375001 0.3598152484375 0.5596679609375 0.36366756875 0.560233 0.369967546875 0.5633176484375 0.374467253125 0.56675953125 0.375586115625 0.5685584343750001 0.37325943906250003
11 0.5637648171875 0.3332946 0.565003603125 0.3312941375 0.5639985734375 0.3246356 0.56171358125 0.3197631484375 0.5579510625 0.317601103125 0.5556310734375 0.3184795015625 0.554232815625 0.321614990625 0.5539163046875 0.326534590625 0.5574837765625 0.33425691562500004 0.56088605625 0.3358246671875 0.5637648171875 0.3332946
11 0.542299503125 0.3103862546875 0.5416931968750001 0.301885478125 0.5402498671875 0.2981816234375 0.5371663375 0.29566955781250004 0.5346453546875 0.295480825 0.53216611875 0.2968320625 0.530806665625 0.2988552515625 0.5297306125000001 0.30369719375000004 0.5334562468749999 0.30962259375 0.5390605015625 0.3123220265625 0.542299503125 0.3103862546875
1 0.40833522968749997 0.32901670156249996 0.40390625625 0.323743025 0.398516940625 0.32130588437499996 0.39404378906250004 0.3221484 0.38890084375 0.3273658421875 0.390979378125 0.3391915125 0.3968065203125 0.34871519375000004 0.4062347125 0.34879850156250003 0.4111824234375 0.3401656171875 0.40833522968749997 0.32901670156249996
10 0.6198684703125 0.45286185312500005 0.640387225 0.477293996875 0.6462785328125 0.47476953125000004 0.6598382578125 0.44957809062500004 0.6575220625 0.437280765625 0.6600642734375 0.412749625 0.6582314484375 0.36499020625 0.6541033234375 0.3303966859375 0.64512225 0.28814327031250003 0.629654615625 0.24870187812500003 0.6186579796875 0.22671511406249997 0.6037766578125 0.2026360015625 0.6070909343750001 0.18220397187499998 0.6009248609375 0.16214271875 0.5963238109375 0.1757429015625 0.5917123156249999 0.1766114734375 0.58350829375 0.1710824859375 0.575053884375 0.1726748703125 0.555821903125 0.1550745734375 0.53249661875 0.1453194578125 0.49073230937499995 0.1475263734375 0.4584657609375 0.17058186718749999 0.436194271875 0.195999321875 0.43031689218749997 0.215499271875 0.41545298124999996 0.21263951250000002 0.41597117499999997 0.2196161203125 0.4254933078125 0.27017179062499996 0.4383157875 0.28331994374999997 0.45395176406250004 0.2902788125 0.4698276828125 0.2773846953125 0.4821006328125 0.245361409375 0.5000214640625 0.22642276562500002 0.5384506046875 0.2191846578125 0.5599848515625 0.23210679843749998 0.58460735625 0.2614253734375 0.5943589890625 0.279396446875 0.61079836875 0.32864925624999997 0.6158039734375 0.3824580125 0.6131598281249999 0.396116896875 0.612154784375 0.4203585109375 0.613705878125 0.43704446875 0.6198684703125 0.45286185312500005