2 0 0.5430952125 0.0398815375 0.7033343515625 0.090237803125 0.87921159375 0.098739209375 0.8861349578125 0.1232836265625 0.8900464156250001 0.33359154375 0.8782175921875 0.5184604859374999 0.8671078031249999 0.55947344375 0.8585290609375 0.5593647015625 0.8227138374999999 0.473375103125 0.48205623124999997 0.44761619843749995 0.4771557203125 0.38188798125 0.47543171093750003 0.0169210453125 0.472955315625 0 0.4753801875 0 0.5430952125
5 0.131458803125 0.7895241109375 0.149272321875 0.82100123125 0.183830815625 0.831281609375 0.20492436406249998 0.84578025 0.29170263125 0.8476768109374999 0.300629565625 0.845121884375 0.3072113734375 0.8183279703125 0.3052296765625 0.81403461875 0.27855447031249997 0.806601559375 0.2494720375 0.804353440625 0.2218805296875 0.7943878296875 0.20988475625 0.7837255578125 0.1987617890625 0.761269746875 0.1899621984375 0.7558898796875 0.172384765625 0.7522931890625 0.1045692578125 0.7613736656250001 0.1055290578125 0.77823230625 0.131458803125 0.7895241109375
0 0.33760443906250004 0.6537281187499999 0.314488846875 0.6715230984375 0.26785388125 0.7237543953125 0.2140810890625 0.769279628125 0.2138264015625 0.7851492171875 0.22641854218750002 0.7927244921875001 0.24642494843749999 0.7982992875 0.2855214546875 0.8069163250000001 0.3055899578125 0.78306719375 0.322104996875 0.7194069390625 0.3389059203125 0.68336935 0.33760443906250004 0.6537281187499999
1 0.24729775312500002 0.7865057484375 0.2676023421875 0.7905370453125 0.28394353906249997 0.7859816375 0.29223060625 0.7721876187500001 0.28296198906250003 0.761959953125 0.25583950781250003 0.756842140625 0.2376874546875 0.7634954921875 0.2353019796875 0.7758434765625 0.24729775312500002 0.7865057484375
10 0.27559723125 0.5308842578124999 0.3739457421875 0.5529213828125 0.3912032421875 0.5508985265625 0.4111661515625 0.5421472328125 0.41510779375 0.5435708906250001 0.42173309843749995 0.5311030671875 0.39789064375 0.509006775 0.238351928125 0.48358230312500006 0.1740090390625 0.489238640625 0.132697896875 0.49936088125 0.112734990625 0.508112175 0.083034440625 0.5017880078125 0.07093307343750001 0.5062235734375 0.0757910203125 0.5101797828125 0.06633296250000001 0.5373108390625 0.032992103125 0.5789325765625 0.030948309375 0.604063153125 0.0378531984375 0.633801846875 0.050339745312499996 0.6564749609375 0.0629536359375 0.6712132796875 0.0887560359375 0.69043988125 0.0957665203125 0.7050807359375 0.12521238125 0.7272744921875 0.125383221875 0.7336657875 0.188682465625 0.73341169375 0.208452784375 0.711106059375 0.20870747031249998 0.6952364703125 0.20201692031250001 0.6862151609375 0.1715274140625 0.6694236499999999 0.1432960390625 0.6482189468749999 0.1251843375 0.6182853234375 0.1242027875 0.5942636390625 0.1391151609375 0.5680017953125 0.1537728453125 0.5576095390625 0.18930973906249998 0.5409985390625 0.2291082109375 0.53143074375 0.250307353125 0.5308315453125 0.27559723125 0.5308842578124999
7 0.4072371 0.7443758218750001 0.3980119796875 0.7484742468750001 0.40760052968749994 0.7643214578124999 0.40050620156249994 0.771941484375 0.41109804531250005 0.8189734265625 0.47137194843749997 0.8198282234375001 0.48374975156250005 0.8066861125000001 0.49540384218750005 0.8045657937499999 0.48903007656249997 0.75025096875 0.47780151249999997 0.742892996875 0.4072371 0.7443758218750001
11 0.48677509375000005 0.805577221875 0.4789135546875 0.8098929484375 0.4793825796875 0.814740746875 0.4937855765625 0.820218078125 0.50134893125 0.8174458484375 0.500112696875 0.8092937515624999 0.48677509375000005 0.805577221875
11 0.4166330578125 0.74666869375 0.39816107343749996 0.747702496875 0.4007608875 0.756071896875 0.4113713328125 0.759353821875 0.41727292499999996 0.7579077875 0.4210437296875 0.7529401499999999 0.4166330578125 0.74666869375
11 0.094170003125 0.727896065625 0.10629311875 0.7306235437499999 0.1223361328125 0.727611634375 0.12519063125000002 0.7201114468750001 0.11805280625 0.713405384375 0.10320253125 0.7102433 0.0913993484375 0.7131353703125 0.08839575468750001 0.7214073062499999 0.094170003125 0.727896065625
11 0.07581276718749999 0.5173428265625 0.066395059375 0.5078869109374999 0.052759271875 0.5057138796875 0.038079839062499996 0.5089430921875 0.0352253390625 0.5164432796875 0.0422140734375 0.523921090625 0.06646030625 0.5293760468750001 0.07581276718749999 0.5173428265625
11 0.381015178125 0.48722525 0.36921199374999997 0.49011731875000003 0.372728109375 0.50101926875 0.384702134375 0.5045184953125 0.39514173750000003 0.5014091234375 0.3929892015625 0.4907244765625 0.381015178125 0.48722525
9 0.2449245796875 0.6532775921875 0.27901405 0.6587101718749999 0.31050370625 0.6557733515625 0.33183019062499997 0.647239359375 0.3455715734375 0.6343145531250001 0.350513365625 0.6160098781250001 0.3457827640625 0.6041188765625 0.3266491640625 0.5867505421875 0.30587554843750003 0.5778714484374999 0.276175 0.571547278125 0.24619801562500002 0.5739296546875 0.2145810171875 0.5848012671875 0.20235230624999997 0.5971716296875 0.19907227656249998 0.6141501078125 0.20471918125 0.6285736625 0.22035841406249998 0.6422030890625 0.2449245796875 0.6532775921875
11 0.31373686875 0.6182219109375 0.3136146375 0.619611278125 0.31671042968749996 0.623550775 0.328489378125 0.626691959375 0.33431750625 0.6227959828125 0.33156626562499997 0.6170729749999999 0.32274204375000004 0.6144034578124999 0.3182389234375 0.615638803125 0.31373686875 0.6182219109375
11 0.2920658375 0.5942275312499999 0.2943819765625 0.5972480671875 0.3028335953125 0.5997436515625 0.310763890625 0.5965271375000001 0.31248433750000004 0.5939295265625 0.306934025 0.5890245125 0.3012434640625 0.5880030984375 0.2962360890625 0.58869828125 0.2920658375 0.5942275312499999
11 0.2503714921875 0.584375528125 0.247337025 0.58641928125 0.2455247171875 0.5905328125 0.24764305625 0.593245784375 0.2521944828125 0.5938557624999999 0.25831952343750003 0.5936831484375 0.2631454265625 0.590776965625 0.2629320046875 0.5855737390625 0.2553116234375 0.5829807203125 0.2503714921875 0.584375528125
11 0.218950234375 0.610836896875 0.22130398437499998 0.61397559375 0.2296695765625 0.6169164781250001 0.23683319374999998 0.6134632296875 0.2355960796875 0.6093609296875 0.22792466249999999 0.6049221515625 0.22505986249999999 0.6050399671875 0.22025542812499999 0.60783501875 0.218950234375 0.610836896875
11 0.24649388593750002 0.6317744937499999 0.2414244921875 0.633838409375 0.241865315625 0.638475675 0.244573853125 0.6406582296875001 0.251752003125 0.6413423515625001 0.2555986234375 0.6403476343750001 0.259987515625 0.637600915625 0.2583160703125 0.6346918703125 0.25189801875 0.6321759046875 0.24649388593750002 0.6317744937499999
11 0.3072888125 0.6397398453124999 0.29992680781250003 0.6358093859375 0.29351533750000003 0.6353619968750001 0.2889020390625 0.6361199796875 0.2864812171875 0.6395200187500001 0.2867510140625 0.6409464046875 0.2908326734375 0.6450430093749999 0.2972897671875 0.6463019296875 0.30275577187499997 0.64533538125 0.30651382968749996 0.6437513984375001 0.3072888125 0.6397398453124999
8 0.23074144843750002 0.5311834859375 0.16594257343750002 0.54955336875 0.139675853125 0.5740630328125 0.126950228125 0.6102067390625 0.138698334375 0.64104580625 0.1720962203125 0.6712739609375 0.2033879234375 0.6876308890625 0.21048609687500003 0.7152922875 0.1952191609375 0.7299150187500001 0.2334016140625 0.7403314125 0.2515072140625 0.7432167640625 0.31926215625 0.7449121421875 0.335652496875 0.746068365625 0.358781978125 0.7402790312499999 0.40189291406249994 0.7276577375 0.4463669109375 0.7055070921875 0.48129545 0.6807533671875 0.48904515625 0.6530215187499999 0.49310799687499995 0.599796334375 0.46690409375 0.56205074375 0.434695509375 0.5330948046875 0.42433008125000005 0.5322551609375 0.41617221718749997 0.5447619546875 0.39788742187500004 0.5502398656249999 0.35087211093750004 0.5508695390625 0.3180652703125 0.544829146875 0.2644107859375 0.5327593078125 0.23074144843750002 0.5311834859375