2 0.14765625 0.825 0.40390625 0.7861111109375 0.46953125 0.76805555625 0.68671875 0.73194444375 0.69296875 0.73055555625 0.70078125 0.7166666671875 0.68125 0.46388888906250003 0.659375 0.07638888906249999 0.6578125 0.0625 0.6515625 0.0513888890625 0.63828125 0.047222221875 0.13359375 0.134722221875 0.1140625 0.1416666671875 0.10703125 0.1611111109375 0.11796875 0.490277778125 0.13203125 0.7708333328125 0.1421875 0.8166666671874999 0.14765625 0.825
5 0.1671875 0.434722221875 0.2046875 0.44166666718750003 0.2140625 0.4166666671875 0.2125 0.40972222187499996 0.21875 0.372222221875 0.23515625 0.32083333281250004 0.24765625 0.3083333328125 0.26953125 0.3013888890625 0.27890625 0.30416666718749996 0.28125 0.29444444375 0.2875 0.29444444375 0.2921875 0.2625 0.2796875 0.172222221875 0.2671875 0.16805555625 0.2515625 0.172222221875 0.2421875 0.1986111109375 0.19609375 0.23055555625 0.184375 0.26527777812500003 0.1671875 0.28194444375 0.1609375 0.29444444375 0.16484375 0.325 0.16015625 0.3861111109375 0.1625 0.427777778125 0.1671875 0.434722221875
0 0.26796875 0.447222221875 0.2984375 0.46805555625000006 0.32265625 0.46805555625000006 0.35703125 0.4791666671875 0.39921875 0.50555555625 0.434375 0.5111111109375 0.44140625 0.50555555625 0.42421875 0.4916666671875 0.41171875 0.47222222187499996 0.346875 0.4138888890625 0.32109375 0.38333333281250004 0.303125 0.352777778125 0.27109375 0.31805555625 0.24765625 0.3166666671875 0.240625 0.322222221875 0.22734375 0.365277778125 0.2265625 0.38194444375000003 0.23203125 0.4166666671875 0.25234375 0.44444444375 0.26796875 0.447222221875
1 0.28125 0.3958333328125 0.2796875 0.3736111109375 0.2703125 0.3583333328125 0.259375 0.3583333328125 0.25390625 0.3708333328125 0.253125 0.3958333328125 0.25859375 0.40555555625000006 0.27265625 0.40694444374999994 0.28125 0.3958333328125
9 0.48046875 0.5236111109375 0.5015625 0.522222221875 0.52421875 0.5 0.5375 0.47361111093749997 0.54609375 0.4291666671875 0.54296875 0.3861111109375 0.53203125 0.35 0.5140625 0.325 0.48984375 0.3125 0.46953125 0.3166666671875 0.453125 0.3291666671875 0.43671875 0.3583333328125 0.428125 0.4 0.42734375 0.43055555625 0.4375 0.4791666671875 0.4578125 0.5125 0.48046875 0.5236111109375
7 0.20625 0.7402777781250001 0.24765625 0.7430555562500001 0.24765625 0.7361111109375 0.25703125 0.722222221875 0.28046875 0.7194444437499999 0.290625 0.7236111109375 0.30625 0.7166666671875 0.309375 0.709722221875 0.3078125 0.622222221875 0.30390625 0.6166666671875001 0.30234375 0.5944444437499999 0.2984375 0.5861111109375 0.2953125 0.5888888890625 0.275 0.56805555625 0.2671875 0.5666666671875 0.21953125 0.5833333328125 0.2015625 0.5944444437499999 0.196875 0.622222221875 0.19921875 0.6826388890625 0.19609375 0.7138888890625 0.20078125 0.734722221875 0.20625 0.7402777781250001
10 0.37421875 0.31805555625 0.38671875 0.30694444375 0.4 0.28194444375 0.43046875 0.2416666671875 0.46796875 0.21805555625 0.50625 0.21805555625 0.54453125 0.2416666671875 0.57578125 0.2888888890625 0.58984375 0.33055555625 0.6015625 0.39305555625 0.6015625 0.4513888890625 0.58125 0.5708333328124999 0.584375 0.590277778125 0.5921875 0.6013888890625 0.59609375 0.622222221875 0.61796875 0.64444444375 0.628125 0.6263888890625 0.65390625 0.60694444375 0.66640625 0.45277777812500003 0.66640625 0.384722221875 0.6546875 0.3 0.64609375 0.26805555625 0.62734375 0.2236111109375 0.6234375 0.1888888890625 0.63046875 0.16805555625 0.63046875 0.1541666671875 0.61640625 0.11388888906250001 0.59765625 0.11388888906250001 0.58671875 0.14305555625 0.56640625 0.13194444375 0.55 0.1125 0.51328125 0.097222221875 0.46484375 0.09444444375 0.44921875 0.0986111109375 0.41875 0.11388888906250001 0.321875 0.1861111109375 0.3203125 0.197222221875 0.32109375 0.2833333328125 0.3421875 0.309722221875 0.3609375 0.32083333281250004 0.37421875 0.31805555625
11 0.21484375 0.7375 0.2171875 0.709722221875 0.2125 0.7013888890625 0.19921875 0.7013888890625 0.196875 0.709722221875 0.2 0.73055555625 0.20625 0.7375 0.21484375 0.7375
11 0.303125 0.6180555562500001 0.3046875 0.6013888890625 0.30078125 0.5875 0.29296875 0.5861111109375 0.2859375 0.5958333328125 0.28515625 0.6083333328125 0.2890625 0.61944444375 0.296875 0.6236111109375 0.303125 0.6180555562500001
11 0.3484375 0.18055555625 0.3484375 0.16388888906250001 0.3421875 0.15277777812499999 0.33046875 0.15277777812499999 0.325 0.16388888906250001 0.325 0.1888888890625 0.33359375 0.197222221875 0.3421875 0.19583333281249998 0.3484375 0.18055555625
11 0.61875 0.147222221875 0.621875 0.13055555624999998 0.61875 0.1166666671875 0.60859375 0.10833333281249999 0.5984375 0.1166666671875 0.59609375 0.12361111093749999 0.60078125 0.15 0.6109375 0.15555555625 0.61875 0.147222221875
11 0.678125 0.5861111109375 0.6734375 0.56805555625 0.66171875 0.5638888890625 0.65546875 0.5722222218749999 0.6546875 0.5944444437499999 0.6625 0.609722221875 0.675 0.6 0.678125 0.5861111109375
11 0.5171875 0.44305555625000004 0.51171875 0.45416666718750004 0.51640625 0.46666666718750005 0.52421875 0.4583333328125 0.52421875 0.4513888890625 0.5171875 0.44305555625000004
11 0.48671875 0.475 0.47578125 0.477777778125 0.475 0.4861111109375 0.48125 0.49444444374999996 0.4890625 0.4861111109375 0.48671875 0.475
11 0.4578125 0.447222221875 0.4546875 0.4361111109375 0.446875 0.434722221875 0.44453125 0.440277778125 0.44453125 0.4513888890625 0.44921875 0.459722221875 0.453125 0.4583333328125 0.4578125 0.447222221875
11 0.4578125 0.365277778125 0.453125 0.365277778125 0.4484375 0.372222221875 0.4484375 0.38194444375000003 0.45390625 0.3916666671875 0.46171875 0.38055555625 0.4578125 0.365277778125
11 0.49609375 0.352777778125 0.49296875 0.33888888906250003 0.4859375 0.3375 0.48359375 0.3416666671875 0.48203125 0.3541666671875 0.484375 0.35972222187499997 0.48984375 0.3625 0.49609375 0.352777778125
11 0.52734375 0.39027777812500003 0.525 0.38055555625 0.51796875 0.377777778125 0.5140625 0.3875 0.51640625 0.4 0.52109375 0.40138888906250003 0.52734375 0.39027777812500003
8 0.35884140625 0.6645888890625 0.3900046875 0.6998583328125 0.4373578125 0.7185736109375 0.46366484375 0.72936944375 0.5004953125 0.7336888890625 0.5470390625 0.7250513890625 0.5838687499999999 0.6976986109375 0.6117953125 0.6609888890625 0.6146281250000001 0.6458736109375 0.59884375 0.6285986109375 0.5806312499999999 0.5940486109374999 0.57779765625 0.5645374999999999 0.5854874999999999 0.52135 0.5931773437500001 0.48319999999999996 0.5952015625 0.44433194374999996 0.59560625 0.3802708328125 0.59358203125 0.34068194375 0.57698828125 0.2816583328125 0.5668703125000001 0.27446111093750003 0.52356484375 0.2298333328125 0.49563828125000003 0.2190361109375 0.47297421875 0.22047638906249997 0.42966796875 0.22839444375 0.41307421875 0.24566944375 0.3993140625 0.282377778125 0.37543515625 0.31045 0.3499375 0.3111708328125 0.32970078125 0.29749444375 0.32565390625 0.2874166671875 0.31432109375 0.3090111109375 0.30865468749999997 0.3500388890625 0.302584375 0.398984721875 0.301775 0.4493708328125 0.312315625 0.47421805624999996 0.31391640625 0.5199097218750001 0.3195828125 0.5659763890625 0.3414375 0.6329180562500001 0.35884140625 0.6645888890625