2 0.1976784171875 0.5325781 0.132075046875 0.8485171796875 0.13283605 0.860256078125 0.1448831 0.8720770359375001 0.176860940625 0.8732713046875 0.516504575 0.7851439765625 0.54471335 0.776693328125 0.563881021875 0.7514424734375 0.568760928125 0.7368593406249999 0.5739801 0.6718829171875 0.5918085468750001 0.35925110781249997 0.5891672421874999 0.3484602921875 0.5793841671875 0.3458886046875 0.22995745781250002 0.4314442484375 0.22168581718749997 0.437924009375 0.1976784171875 0.5325781
5 0.21615698437500003 0.5936874796875 0.22671586562499998 0.628194940625 0.2308538 0.6278403296875 0.24626932343750002 0.61602670625 0.24776383906250002 0.6019960078125 0.25640646562499997 0.588401984375 0.2714256296875 0.5490793984375 0.287583125 0.5230372546875001 0.295102221875 0.5163596703125 0.31992772187499996 0.511346725 0.32481397031250003 0.5054193984375 0.33006063281250003 0.4779514671875 0.3311630171875 0.44218234531249995 0.315361703125 0.4409133484375 0.23866986875 0.5130640859375 0.21615698437500003 0.5936874796875
0 0.3346329953125 0.55704065 0.3101531046875 0.5203161125 0.2988649421875 0.5173487796875 0.286455365625 0.52418315625 0.26616839375 0.5621209859375 0.262789346875 0.571329228125 0.2639382515625 0.5990360109374999 0.37267982499999996 0.626178671875 0.3892252234375 0.6161044171875 0.3828190828125 0.601439221875 0.3346329953125 0.55704065
1 0.284216765625 0.5495571078125 0.277836 0.5695151328125 0.28311226875 0.5824409625 0.3004144390625 0.5783350656249999 0.3086818515625 0.566084765625 0.31205455625 0.54822071875 0.3052753140625 0.5377845140625 0.2954943546875 0.5380980953125001 0.284216765625 0.5495571078125
10 0.5123031984375 0.6989405328125 0.545762865625 0.6687924921875 0.5442472046875 0.6539705046875001 0.5566483234375 0.6355950546875 0.55738395 0.6127107296875 0.5663869890625 0.5775761046875 0.5716251921875 0.5385670984375001 0.5731156640624999 0.5282595015625 0.5722274374999999 0.49692015625 0.568735778125 0.4715630125 0.5639453140625 0.45419550312499996 0.552733346875 0.4268666109375 0.5169674093750001 0.390060009375 0.4616585875 0.3798479859375 0.4274379171875 0.39825713125 0.35825883593749996 0.45507447812499996 0.348882696875 0.49443809375000003 0.351144559375 0.5008020984375 0.37259523906249997 0.51076793125 0.377104159375 0.503299059375 0.3913961546875 0.498401875 0.4120689140625 0.4735466625 0.45004807500000005 0.45035609218749995 0.48315367499999995 0.45040445937499995 0.5098827375 0.47618138906249996 0.5226907921875 0.49974124375000006 0.526849871875 0.5282393171875001 0.522739428125 0.5661024218749999 0.4960886078125 0.647080425 0.4953550953125 0.6728500203125 0.5002561484375 0.6871195734375 0.5123031984375 0.6989405328125
9 0.4012299796875 0.5702200046875 0.40087379843750004 0.5975311453125001 0.40464709218749995 0.6129465984375 0.4182034609375 0.6309337390625 0.43174925468750003 0.6344945375 0.45393767656249995 0.6244613140624999 0.47911301406250006 0.5834814234375 0.485864765625 0.5564091375 0.4858457328125 0.5304417203125 0.4809446796875 0.51617216875 0.46965017343750004 0.5045490312500001 0.45271898750000006 0.5015406687499999 0.4372992328125 0.5075837546875 0.42451655625000007 0.5186471218750001 0.409862034375 0.542199640625 0.4012299796875 0.5702200046875
7 0.2670964546875 0.801796096875 0.270854946875 0.7970146703125 0.2862260640625 0.7246104078125 0.2865759015625 0.6886434625 0.2579834546875 0.6868967578125 0.23616813125 0.6927009921875 0.20834725937499998 0.717119528125 0.1978370171875 0.748973240625 0.1877252515625 0.8112211828125 0.21293019375000002 0.810635053125 0.2467798765625 0.7993401703125 0.2670964546875 0.801796096875
11 0.2839493984375 0.698049525 0.2749252125 0.7043314640625 0.2726760390625 0.7152790734375001 0.276067775 0.72338244375 0.2809582546875 0.723225653125 0.286594934375 0.714610878125 0.2880915640625 0.70346545 0.2847019421875 0.698247346875 0.2839493984375 0.698049525
11 0.205767278125 0.790001496875 0.200120025 0.7841899296875 0.1993674796875 0.7839921078125001 0.192974028125 0.7866385218749999 0.18846933593749998 0.79987793125 0.1888508953125 0.807190015625 0.1963784515625 0.812053503125 0.20276767499999998 0.8036365515625 0.205394178125 0.7942304890624999 0.205767278125 0.790001496875
11 0.36087899375 0.43701260937499997 0.365400603125 0.44685534843749997 0.3706662984375 0.4453548328125 0.3774307375 0.4355941578125 0.375917190625 0.423657440625 0.37140192656250004 0.4224705078125 0.3653858015625 0.4266584703125 0.36087899375 0.43701260937499997
11 0.5463208625 0.4035456078125 0.552341215625 0.405128184375 0.55910776875 0.398252778125 0.5609817265625 0.3886488953125 0.5579673203125 0.38208706875 0.55345205625 0.3809001359375 0.5451804140625 0.3873798984375 0.5463208625 0.4035456078125
11 0.563050234375 0.6444897140625 0.5589080703125 0.639073790625 0.558155525 0.6388759687500001 0.551762071875 0.6415223828125 0.547253153125 0.6489912546875 0.5476410546875 0.66495914375 0.552910978125 0.6692291671875 0.5600548609375 0.6638953062499999 0.563433909375 0.654687065625 0.563050234375 0.6444897140625
11 0.41972734687499996 0.5881963328125 0.4204848796875 0.583394815625 0.4197757125 0.5792491296875 0.4176015203125 0.5770116765625 0.41757171875 0.5774134703125 0.41428793906249994 0.5780156921875 0.41059691875000004 0.582462921875 0.40815809375 0.5907803 0.41125733750000004 0.5955542703125001 0.4133216375 0.5956800734375001 0.41972734687499996 0.5881963328125
11 0.43869659531250005 0.60840254375 0.4390199109375 0.603486884375 0.43740694375 0.59962430625 0.4346164359375 0.5987869109374999 0.4294575640625 0.6018054609375 0.4278870125 0.6091020015625 0.42919431875 0.6152799859375 0.4322375390625 0.6164968015625 0.43658094375 0.6126379078124999 0.43869659531250005 0.60840254375
11 0.4633506828125 0.5927965890625 0.465629859375 0.5883950687499999 0.46633298593749994 0.5837883921875 0.4658969359375 0.581172721875 0.4635983078125 0.5775150109375 0.46019099218750004 0.5794650953125 0.45769508437499995 0.5838096421875 0.45655698750000007 0.588301978125 0.45781009843750003 0.5934243343750001 0.4591690640625 0.59565663125 0.4633506828125 0.5927965890625
11 0.46587374531250003 0.544913 0.46571388437500005 0.5500793265625 0.46653019531249995 0.5525858140625 0.46805291875000005 0.555487140625 0.47234504218750006 0.5555725921875 0.474677028125 0.549309890625 0.4748375 0.54497740625 0.47537700625 0.53886805625 0.4747834421875 0.5384624984374999 0.473691909375 0.5382173921875 0.47005200468749997 0.5374682671875 0.4677722875 0.540619121875 0.46587374531250003 0.544913
11 0.45413117031250005 0.5322417578125 0.457440240625 0.524568540625 0.457655659375 0.52129188125 0.4570020515625 0.5190358640625 0.45542560156249995 0.516746396875 0.452600409375 0.5168374171875 0.45010266718749997 0.5186804359375 0.448585065625 0.5232821515625 0.44782586406249997 0.52683415 0.44848245468750003 0.53367331875 0.45413117031250005 0.5322417578125
11 0.42383165468749995 0.5542807875 0.4268725703125 0.5513285875 0.42920570625 0.5471503953125 0.4307783984375 0.542770859375 0.43044979687499996 0.5389343531249999 0.42827597968750003 0.53669555625 0.42634142031250005 0.5354773765624999 0.4233870984375 0.5374946140625 0.420673703125 0.5417819921875 0.42073186875 0.5482561515625 0.4208976265625 0.552675834375 0.42383165468749995 0.5542807875
8 0.49893687499999995 0.6969500390625 0.4915386796875 0.6689202546875 0.49585820781249995 0.6345348234375 0.5049595453125 0.6108422890625 0.5140587546875001 0.5827081781250001 0.523732165625 0.5480656515625 0.524870996875 0.51839429375 0.5179057390625 0.48770322187500004 0.5068979796875 0.47260005312500003 0.48981185937499994 0.45478844374999994 0.47099718749999997 0.45095178281250003 0.44900463281249997 0.4551603359375 0.42426769531249997 0.46808336562499997 0.4144353734375 0.47992950624999997 0.3993961265625 0.4959556421875 0.38681854375 0.5142948015625 0.3680088171875 0.51823085625 0.35527069375 0.5115519703125 0.34412955312500004 0.513618165625 0.334155275 0.530421871875 0.3289574234375 0.54903646875 0.319738034375 0.6154335484375 0.31410593593749997 0.6333786859375 0.311080396875 0.6542288 0.311815575 0.6738477140625 0.318920721875 0.6962502781250001 0.3238588796875 0.7241887 0.3438466703125 0.7538634453124999 0.358615896875 0.7677356093750001 0.37207674687500003 0.77294 0.3936408703125 0.7780532765625 0.40941310625 0.7760938484375 0.43169250937500003 0.7675196828125 0.4509327953125 0.758703371875 0.478845109375 0.7332948984375001 0.4948964359375 0.7158688875 0.5037166796875 0.705422621875 0.49893687499999995 0.6969500390625