2 0.17574487656249999 0.3155203640625 0.2344401515625 0.8190523203125 0.2411844984375 0.865455740625 0.247110028125 0.8798562390625 0.7445036125 0.9302168734375 0.8356054593750001 0.3800632421875 0.8340701906250001 0.345221128125 0.8047065140624999 0.2954548734375 0.7924029734375 0.286050915625 0.759694096875 0.27903068593749997 0.3440888625 0.24552787187499997 0.25595482187499996 0.23228108593750002 0.22227093281250002 0.233505684375 0.203917990625 0.2485634875 0.17726933125 0.2837219875 0.17574487656249999 0.3155203640625
5 0.2516885578125 0.41516741875 0.2481817578125 0.4648409578125 0.2530999546875 0.4888717890625 0.250503525 0.533071503125 0.254155828125 0.5778166859375 0.294384734375 0.597988278125 0.305578575 0.5878588312499999 0.309543265625 0.5521085015625 0.334074890625 0.50704693125 0.3745246328125 0.48419975937500004 0.3939818703125 0.4553551171875 0.38361754062500003 0.3628210078125 0.368970725 0.35321250000000004 0.35491108125 0.351985190625 0.274534128125 0.4088317359375 0.2638574109375 0.3967931421875 0.2516885578125 0.41516741875
10 0.704463096875 0.667105053125 0.6852752375 0.7515061640625 0.6659796015625 0.77342329375 0.6616216625 0.7924794109375 0.6626020796875001 0.817554825 0.6705800015625 0.8446293953125 0.6841225234375 0.8680247453125001 0.69792360625 0.880336075 0.708858884375 0.8812906500000001 0.7240874640625 0.8659601125 0.734624084375 0.8169002265625 0.744939875 0.8108591046875 0.744611265625 0.7913938859375 0.77173931875 0.702132603125 0.779022296875 0.6583419921875 0.780605984375 0.5904523687500001 0.768808753125 0.4922398828125 0.78279835 0.46291795156250004 0.7801911078125 0.4404771765625 0.7234946421874999 0.421644728125 0.7023674484375 0.38786902031250003 0.660021509375 0.3577943609375 0.6320961421875 0.347026725 0.55148213125 0.3469313015625 0.4935251796875 0.38213345 0.467522921875 0.3895819015625 0.462189971875 0.4168828484375 0.4432175375 0.42494495312499997 0.4356651859375 0.41317909531249997 0.43091399687500004 0.4155409953125 0.4259797015625 0.49285640312499995 0.4448282609375 0.523656553125 0.46097261874999995 0.536172434375 0.480532221875 0.5364915296875 0.48378586874999996 0.5312222546875 0.48912422656250004 0.5372415515625 0.5050692546875 0.524750203125 0.5236484406249999 0.4999938828125 0.5467202515625 0.4839596828125 0.56338173125 0.47430752500000006 0.5955680765625 0.47017555 0.6390829499999999 0.4836923640625 0.6605979859375 0.500842040625 0.682538590625 0.5333004296875 0.7022706109375 0.5933325 0.704463096875 0.667105053125
9 0.5410425921875001 0.5931416484375001 0.533495646875 0.6146960328125 0.5282596546875 0.6378404718749999 0.5275809312499999 0.6669360265625001 0.533738109375 0.70495825 0.5504049953125 0.728626334375 0.5642383984375 0.7395521625 0.5922607265625001 0.7461632890625001 0.6119496109375 0.7409403734375 0.6369391249999999 0.7098020125 0.6462098546874999 0.6814564828125 0.6491672125 0.6553364859374999 0.6445722171875 0.61745063125 0.6243877171875 0.5768155953125 0.60287268125 0.55966591875 0.579439940625 0.5576204015624999 0.5604351875 0.567068009375 0.5410425921875001 0.5931416484375001
11 0.29825799218750004 0.8010216703124999 0.3069146375 0.7990006875 0.311014015625 0.7910285906250001 0.31124025624999996 0.7813300734374999 0.30290681406250003 0.76949603125 0.292429425 0.7824646656249999 0.2898275890625 0.7933441343750001 0.29825799218750004 0.8010216703124999
11 0.39480621718750003 0.721985259375 0.38588560312500003 0.701770015625 0.376253946875 0.7120358296875 0.3752142921875 0.723051665625 0.3804880109375 0.7318419703125 0.38986110625000003 0.7326601765625 0.39480621718750003 0.721985259375
11 0.4388487859375 0.37736058125 0.435207296875 0.3992558859375 0.43960296249999997 0.41213451250000005 0.452752234375 0.418835646875 0.4607570703125 0.4112044703125 0.4635528265625 0.39201198593750003 0.459157159375 0.3791333609375 0.4499456640625 0.3713876421875 0.4388487859375 0.37736058125
11 0.7516785703125 0.42132834218750004 0.748915134375 0.4391353234375 0.754059571875 0.4534676375 0.764181440625 0.45573952812499996 0.7794746578125 0.4376379859375 0.7768027734375 0.4179682171875 0.769902234375 0.41181254999999994 0.7597480453125 0.41092615937500004 0.7516785703125 0.42132834218750004
11 0.7280521531249999 0.83020978125 0.7277289515625001 0.8440648078124999 0.7376892171875 0.8532642109375 0.74478368125 0.8511068625 0.75138793125 0.8364118046875 0.7508330812499999 0.8266451046875 0.744745953125 0.8191721203125001 0.7353405359375 0.8197394156250001 0.7280521531249999 0.83020978125
0 0.5273924171875 0.7085692859375 0.507762765625 0.677700953125 0.4421402796875 0.6053330171875 0.4164234984375 0.5669917 0.3706569046875 0.5157935828125 0.3394455703125 0.5116807265625 0.331408415625 0.5206974046874999 0.32331202812500004 0.565805334375 0.33262589062500003 0.602714790625 0.3409270140625 0.6159343359375 0.4938701296875 0.7028663749999999 0.5273924171875 0.7085692859375
1 0.3851852515625 0.597584590625 0.389510871875 0.579913978125 0.3861548578125 0.556019515625 0.3786348265625 0.5428681546874999 0.36860991875 0.536439753125 0.3465777609375 0.5414581187499999 0.3391924171875 0.5560849906249999 0.338739934375 0.5754820265625 0.3423221890625 0.589677971875 0.35602631093750003 0.606145809375 0.37633468593749997 0.6079185890625001 0.3851852515625 0.597584590625
11 0.5776639421875001 0.6989119703125 0.5705575265625 0.7012126624999999 0.5663167890625 0.7116880609375 0.573405665625 0.7252377203125 0.5811963859375 0.723832534375 0.5837855750000001 0.7136294624999999 0.582249140625 0.703900634375 0.5778885421875 0.6993494609375001 0.5776639421875001 0.6989119703125
11 0.6172544828125 0.70987739375 0.6210604359375 0.70290843125 0.621484909375 0.6948112953125001 0.6189569578125 0.687290815625 0.61412695625 0.6826972765625 0.6116051203125 0.6849802859375 0.6122256875 0.6835753296875 0.6080183359375 0.68758683125 0.60582026875 0.696155278125 0.6069364609375001 0.7087670640625 0.6131351406250001 0.7151488453125 0.6172544828125 0.70987739375
11 0.6318789140625001 0.6523348890625 0.6339792078125 0.6429249125000001 0.6322624890624999 0.6358917453124999 0.63025316875 0.6313361828125 0.626303765625 0.6293226625 0.6229901234375 0.6302856734375 0.6196674343749999 0.6366692984375 0.61905295 0.647879128125 0.621047725 0.6530581671875 0.6252717031249999 0.6584331859375 0.6318789140625001 0.6523348890625
11 0.5914456234375 0.5968709234375 0.5916965421875 0.6062792828125 0.5937010140625001 0.6110426703125 0.5972690265625 0.6142737781250001 0.5999717625 0.6143014609375 0.6065200828124999 0.605694875 0.6076281125 0.598491790625 0.6063079796874999 0.5946225234375 0.6025437078125 0.5897055203125 0.6016250421875 0.5887909437500001 0.5985700328125 0.5887325125 0.5958672953125 0.5887048296875 0.593844015625 0.5897804796874999 0.5914456234375 0.5968709234375
11 0.5527444609375001 0.6133067390625 0.5536103515625 0.6215165140625001 0.556337978125 0.6255100328125 0.5595884984375 0.6272529078125 0.5654488343749999 0.6279741125 0.5676420515625 0.6196134890625 0.5666436734375 0.6120168953125 0.5644977640625 0.6082837921875 0.5621264453125 0.604114515625 0.5613249421875001 0.60321016875 0.560163496875 0.60293940625 0.55682355625 0.6046942421875 0.5548842546875 0.6072363515625 0.5527444609375001 0.6133067390625
11 0.5426546359375 0.6679075515624999 0.5428709703125 0.6737657265625 0.54440600625 0.678488134375 0.546450075 0.6815876015625 0.5516793640625 0.6841293453125 0.5546706359375 0.6818873156249999 0.557538465625 0.6748378500000001 0.5582658828125 0.6688524218749999 0.5559625328125 0.6617694328125 0.5549412796875 0.6602197671875001 0.5520839921875 0.659033228125 0.54732599375 0.6591371203125 0.5438417953125 0.6623787531249999 0.5426546359375 0.6679075515624999
7 0.2857408828125 0.7315887703125 0.28730498125000004 0.774019203125 0.2880038921875 0.7927087421875 0.3274693578125 0.791622315625 0.366770703125 0.7975714703125 0.3891528921875 0.79902131875 0.3958040671875 0.7814759640625 0.39482969218749997 0.7380904765625 0.393434125 0.7127941765625 0.38662470937500004 0.7006183640625 0.367675025 0.7108926656250001 0.33210589687500003 0.714489165625 0.2964037734375 0.712379153125 0.2857408828125 0.7315887703125