2 0.6188899875 1 0.7285105359374999 0.9732060265625 0.9033744296874999 0.9238512640625001 0.9101440609375 0.9153863031249999 0.9136239171874999 0.89085345 0.8981314875 0.6803804875 0.8838017875 0.495362315625 0.87451336875 0.454280634375 0.8387273265624999 0.4541807953125 0.499830859375 0.538225296875 0.4953839109375 0.56396743125 0.49480902968749996 0.629715653125 0.4987079546875 0.9948350078124999 0.4995366859375 1 0.6188899875 1
5 0.8130354234375 0.8820889718749999 0.8441774859375 0.8644506703125 0.8538465375 0.8299362640625001 0.8679657765625001 0.80891753125 0.8683454796875001 0.7221106421875 0.865636609375 0.7131647437499999 0.8387481671874999 0.706423846875 0.8344926921875 0.708381440625 0.8275311234375 0.7350255421874999 0.8257925859374999 0.764108171875 0.816316396875 0.7916542421874999 0.8058717312500001 0.8035933875 0.7836272671875 0.81459063125 0.778405165625 0.8233629046875001 0.7751181703125 0.8409274218749999 0.7853759953125 0.908826828125 0.80220503125 0.90796479375 0.8130354234375 0.8820889718749999
0 0.67374294375 0.6750580546875 0.6919280375 0.698287875 0.7449339328125 0.7452484203124999 0.7913635265625001 0.7993109875 0.8072254718749999 0.7996582359375 0.814575078125 0.7871044656249999 0.8197962546875001 0.7671213875 0.8277239859375 0.7280572046875 0.8035425640625 0.7078406015625001 0.7396423999999999 0.6909471765624999 0.7033388671874999 0.673928646875 0.67374294375 0.6750580546875
1 0.8079964578125001 0.766179484375 0.8116701031250001 0.7458890968749999 0.8068327999999999 0.72951389375 0.7929045718750001 0.7211426859375 0.78284655625 0.7303559578125001 0.7782062828125 0.7574610265625 0.7851715546875 0.7756601359374999 0.7975517921875 0.77811863125 0.8079964578125001 0.766179484375
10 0.5520754953125 0.7363780171875 0.57237836875 0.638112915625 0.570055684375 0.6208357437500001 0.56096244375 0.6008127328125 0.562316184375 0.5968775796875 0.549742159375 0.5901766187499999 0.5280790609375 0.6139012578124999 0.5054599875 0.7733648015625 0.5122356406249999 0.8377700562499999 0.5230715874999999 0.879159046875 0.5321648296875 0.8991820578124999 0.5263641406249999 0.9288593453124999 0.53100765625 0.9409920828124999 0.534876015625 0.9361549625000001 0.562151571875 0.9457753875 0.6043238359374999 0.97937394375 0.6294709593750001 0.9815650640625 0.6590664203125 0.9748302531249999 0.681504209375 0.962470075 0.6960110265624999 0.9499362703124999 0.7147723906250001 0.9242340718750001 0.72927966875 0.9173056703125001 0.7509423046875 0.8879756328124999 0.7573257484375 0.88784194375 0.7559664500000001 0.8245122828125 0.7333325562499999 0.8046029906250001 0.7174706109375 0.80425574375 0.708573009375 0.8108968015625001 0.6923267281250001 0.8413024312499999 0.671631184375 0.8694231921875 0.6420366484375 0.8873688046874999 0.6180504046874999 0.8882108703125 0.59154815 0.8731386984375 0.5809078421875 0.8584137765625 0.5636889140625 0.822763875 0.553433403125 0.782891475 0.5524644609375 0.76167915 0.5520754953125 0.7363780171875
7 0.7631055984375 0.6059216046875 0.7673619984375 0.6151748171875 0.7830296921875 0.605674196875 0.7907678046875 0.6128161578125 0.837578953125 0.6024934421875 0.8373805328125 0.542196965625 0.8240322796875 0.5297369484375001 0.8217100578125001 0.5180651765625 0.7675479140625 0.5241254625 0.7603916328125 0.535316296875 0.7631055984375 0.6059216046875
11 0.8228714015625 0.5267037625000001 0.8273211281249999 0.5345940375 0.8321570421875 0.5341530359375 0.83737868125 0.5197753609375 0.8344764828125 0.5121924 0.826352184375 0.5133817125 0.8228714015625 0.5267037625000001
11 0.7652326406250001 0.596534709375 0.7665882328125 0.6150211609375 0.7749058578125 0.6124689109375 0.7779999906249999 0.6018727328125 0.7764519984375 0.59596001875 0.7714222937499999 0.5921585546875 0.7652326406250001 0.596534709375
11 0.7521054984375 0.9190358218749999 0.7546191921875 0.9069230515625 0.7513294187499999 0.8908551593749999 0.743785096875 0.8879556640624999 0.737208790625 0.8950576890624999 0.7343084453125 0.9098963343750001 0.73740443125 0.921721759375 0.7457225171874999 0.9247749109375001 0.7521054984375 0.9190358218749999
11 0.5420332234374999 0.9361749296875 0.5327489734374999 0.945541859375 0.53081571875 0.9591712234375 0.53429881875 0.9738761765625 0.5418431421875 0.9767756734375 0.5491932109375 0.9698273046875 0.5542205984375 0.9456017640625 0.5420332234374999 0.9361749296875
11 0.506608825 0.6306575578125 0.5097048109375 0.6424829828124999 0.5205370546875 0.639028765625 0.5238245125 0.6270696515624999 0.520535203125 0.6166071625 0.509896284375 0.6186984421874999 0.506608825 0.6306575578125
9 0.6749112328125 0.7677776578125 0.6797443671875001 0.7337042515625 0.676259878125 0.70218309375 0.6673599625 0.6807971453125 0.654205034375 0.666974190625 0.63582800625 0.6619235109375 0.6240286734375 0.66658700625 0.6070077 0.6856281796875 0.5984981406250001 0.70635956875 0.5926974515625 0.7360368546875 0.5956015 0.766041421875 0.6070169625 0.7977362046875001 0.6195914499999999 0.810042565625 0.636614275 0.8134229968750001 0.6509282296875 0.8078575296875 0.664274165625 0.79229054375 0.6749112328125 0.7677776578125
11 0.6386805828125001 0.69872970625 0.640071025 0.6988600875000001 0.643953459375 0.6957858265625 0.64688655625 0.6840197921875 0.642891771875 0.6781663046874999 0.6372211671875 0.6808854656250001 0.6347077796875 0.689698171875 0.6360208234375 0.6942105453125 0.6386805828125001 0.69872970625
11 0.6150829234375 0.7202708703125 0.6180607124999999 0.7179712687500001 0.6204068046875 0.709530325 0.617054253125 0.701577665625 0.6144285765624999 0.6998413015625 0.609624225 0.7053655796875 0.6087029625 0.7110527921875 0.6094850593750001 0.7160665046875 0.6150829234375 0.7202708703125
11 0.6059665359374999 0.7619268875 0.608061721875 0.7649746484375 0.6122037687499999 0.7668117453125001 0.6148776812500001 0.764708240625 0.6154077124999999 0.7601582875 0.61512826875 0.7540294421875 0.612140025 0.749184403125 0.6069444890625 0.7493676125000001 0.6044865203125 0.7569763734375 0.6059665359374999 0.7619268875
11 0.6329564578125 0.793516653125 0.636051659375 0.7911801109375001 0.638844215625 0.782827825 0.6352685 0.775640815625 0.6311909265625 0.7768546 0.6268894984375 0.7845036671875001 0.6270572515625 0.7873704625 0.6299340734375 0.792193375 0.6329564578125 0.793516653125
11 0.653397109375 0.766082375 0.6555479796875 0.771166109375 0.660174015625 0.770752096875 0.6623076078125 0.7680550359375 0.66286585625 0.7608775890625 0.6618047234375 0.757023415625 0.6589834546875 0.75261651875 0.6561058125 0.75427178125 0.6537038421875 0.7606781093749999 0.653397109375 0.766082375
11 0.6602947296874999 0.7053060578125 0.6564958265625 0.7126485312499999 0.6561607406250001 0.7190603265625 0.6569987109375 0.7236801484375001 0.6604384328124999 0.726121884375 0.6618590203125 0.725860271875 0.6658812296875001 0.721800609375 0.6670264296874999 0.7153479 0.6659651625 0.709873765625 0.6643167578125 0.7061047609375 0.6602947296874999 0.7053060578125
8 0.5531578125000001 0.78125605 0.5726452890625 0.84619155625 0.5975949796875 0.87261305625 0.63393338125 0.8855550453125 0.664543796875 0.8739812109375 0.6941656968750001 0.8407441453125 0.709963715625 0.8095334187500001 0.7374800875 0.8025931343750001 0.7523582875 0.8179522312499999 0.7620999640624999 0.779813 0.7646669390625 0.76171593125 0.7651778203124999 0.693939890625 0.7660469375 0.67754879375 0.7598581015625 0.6543750140625 0.7464935734375 0.611170846875 0.72358315 0.5665474875000001 0.6982383234375 0.531458784375 0.670392265625 0.523543990625 0.6171366765624999 0.5191692453125001 0.5798774375 0.545165253125 0.5515060187499999 0.5772198859375 0.550848025 0.5875851625 0.5634877515625 0.595819609375 0.5692807984375 0.614144675 0.570731021875 0.6611851453125 0.5652681390625001 0.6939717953125 0.5541444656250001 0.7475805 0.5531578125000001 0.78125605