2 0.17510065625 0.332292975 0.164021971875 0.3355484203125 0.17310595 0.51912660625 0.1887730875 0.67136284375 0.1986169859375 0.6814095375 0.607013640625 0.669622709375 0.6236134796874999 0.663176484375 0.5960381296875 0.3234867546875 0.5876290828124999 0.317331534375 0.5681504453125 0.3152132890625 0.17510065625 0.332292975
5 0.40955417812499995 0.6428670390625 0.4226764140625 0.6332386046875 0.4152617140625 0.6164048609375 0.40322062656249996 0.6155296296875 0.3846198046875 0.619468209375 0.37435203437500003 0.6158655468750001 0.33880026875 0.61052640625 0.3049627578125 0.5973838109375 0.2963330296875 0.57954808125 0.2908885046875 0.5769046375 0.2842224640625 0.5725823890624999 0.27749204843749997 0.5628472953125 0.218652640625 0.5723308015625 0.21810360625 0.576736225 0.2188376828125 0.5882333281250001 0.23870609062499998 0.589694375 0.25038041875 0.6108783703125 0.2674297953125 0.6286153453125001 0.29341775000000003 0.6391416999999999 0.3247990609375 0.647913840625 0.36391574531250004 0.6494893609375 0.3723078421875 0.6470225796875 0.3896989703125 0.6424211796875 0.40955417812499995 0.6428670390625
0 0.316975678125 0.6476664265625 0.37494182343750004 0.6148433421874999 0.392036265625 0.5848641906250001 0.41256709531249997 0.539955715625 0.4344310546875 0.5061989296875 0.44130242812500003 0.47633951718749995 0.4180305234375 0.49251498906249996 0.365093753125 0.5438925921875 0.3149509921875 0.5769630921875 0.24637475156250002 0.622740934375 0.24514848906250003 0.6265054796875 0.29834336562499997 0.648898575 0.316975678125 0.6476664265625
8 0.5672428265625 0.495517009375 0.5922000203125 0.4691685078125 0.5917590578125 0.4312722265625 0.57812498125 0.3969131546875 0.5586469578125 0.3771737546875 0.5380720375 0.3665844140625 0.5166063390625 0.38273965 0.47760637499999997 0.391314628125 0.44501538281249997 0.38188045000000004 0.411872578125 0.37685172499999997 0.373947284375 0.374247 0.3391217203125 0.3797281609375 0.3109728515625 0.390208340625 0.29968431406249996 0.3946558765625 0.2805120546875 0.40883659687499996 0.2587071515625 0.4476686234375 0.26198683906250003 0.47098098281249995 0.2893419734375 0.49570465312499995 0.3177954046875 0.5112790281249999 0.3186686671875 0.5346186078125 0.2977244390625 0.5439996109375 0.30802765 0.5506478875 0.329746721875 0.5561479859375 0.33758840156250003 0.5580874234375 0.41037468125 0.5582550390625001 0.4349940765625 0.5545848734375001 0.47281699843749997 0.5483919421875 0.5099570265625 0.53510034375 0.5386695234375 0.5212299125000001 0.5672428265625 0.495517009375
9 0.32226807343749997 0.44079085781250005 0.3223317296875 0.446261553125 0.32525599843749997 0.4587336625 0.336498375 0.4695457140625 0.356058859375 0.4786977109375 0.37694506875 0.4823628453125 0.40750239375 0.4812256453125 0.4407202625 0.46989625 0.4489747125 0.4627655 0.454359459375 0.4478518046875 0.4514170046875 0.4338166390625 0.4429624875 0.42375377968750005 0.42478229062499995 0.4138040890625 0.39832036406250004 0.408640565625 0.367763040625 0.4097777671875 0.3511450125 0.4146609375 0.330449775 0.427407884375 0.32226807343749997 0.44079085781250005
7 0.48565537187499996 0.6296082625 0.4940280453125 0.632637371875 0.55516088125 0.6319260265625 0.57456676875 0.6277920515625001 0.5710513984375 0.5645206375 0.5015640765625 0.563765928125 0.4781446390625 0.581234378125 0.47712810625 0.61329318125 0.48565537187499996 0.6296082625
11 0.21908289375 0.529534484375 0.21357083124999998 0.533506790625 0.21782991875 0.5412735671875 0.234511603125 0.5418610921875 0.24277515 0.53551186875 0.23157824374999997 0.5286074546874999 0.21908289375 0.529534484375
11 0.2018354015625 0.36090232968749997 0.20050058124999998 0.3656076625 0.1991202921875 0.36640535625 0.204750575 0.3725929109375 0.2145126296875 0.375605853125 0.2297048984375 0.367612740625 0.2296321484375 0.36136051875 0.2198428109375 0.3560029921875 0.2142852828125 0.35606765937499996 0.2018354015625 0.36090232968749997
11 0.4878208796875 0.338033746875 0.50040716875 0.3449219953125 0.5142919 0.3439787984375 0.5170342906250001 0.340820353125 0.5169524453125 0.33378660312499997 0.509941875 0.32839674375 0.49743743125 0.328542246875 0.487784503125 0.3349076375 0.4878208796875 0.338033746875
11 0.564895653125 0.6325943859375001 0.5759288687499999 0.6254313 0.571715253125 0.6215721624999999 0.5578032375 0.6201707765625 0.5481684984374999 0.6280992234375 0.5467791156249999 0.628115390625 0.5509927328125 0.631974528125 0.564895653125 0.6325943859375001
11 0.5017095796875 0.5762703734375 0.5072216421875 0.5722980671875 0.5001837890624999 0.5645636234375 0.490458109375 0.5646767921875 0.4835657609375 0.56944679375 0.48358395 0.57100985 0.49059451875000004 0.576399709375 0.5017095796875 0.5762703734375
11 0.354646184375 0.46130716875 0.353168746875 0.4647424453125 0.3527826859375 0.4661960859375 0.3603737078125 0.46868636406249997 0.36557405 0.46813811406249994 0.3696551609375 0.4645506078125 0.36808970625000004 0.460541065625 0.36242182968750003 0.45828790937499997 0.3561491671875 0.459947615625 0.354646184375 0.46130716875
11 0.3984971421875 0.463360675 0.39591473593750004 0.4652213109375 0.395294334375 0.4677922875 0.3964092609375 0.470342290625 0.39777164531250003 0.47134959531250004 0.40467945 0.47256516406250004 0.4087847359375 0.4711745484375 0.41178642343750005 0.46808812499999997 0.41217021249999997 0.46381203125 0.4030444078125 0.46257537187500003 0.3984971421875 0.463360675
11 0.4297269640625 0.44358932187500005 0.42475189531249996 0.4448681234375 0.42240895937499995 0.44867927500000004 0.421780025 0.450517178125 0.4236011640625 0.45273536875 0.42746355312500006 0.4542349328125 0.4343978078125 0.45354378906250004 0.4393458734375 0.4498250421875 0.43953137187499997 0.447137190625 0.43538067187499996 0.444744446875 0.4297269640625 0.44358932187500005
11 0.4205907203125 0.42294560625 0.41428255468749997 0.42155422812500004 0.40972676874999997 0.4216072390625 0.40692475312500004 0.42310462343750005 0.4054374046875 0.4258076234375 0.40590639375000004 0.4288536640625 0.40960801093750004 0.430030721875 0.41590623750000005 0.430567890625 0.420869946875 0.4283129625 0.4225683671875 0.425119765625 0.4205907203125 0.42294560625
11 0.3804271640625 0.42072804062499997 0.378673365625 0.41916173125 0.3719459078125 0.4189953609375 0.36675412500000004 0.42039861875 0.3639734078125 0.42372634218750005 0.36443529531249996 0.42616201093750006 0.367278465625 0.42808222812499996 0.3720652015625 0.42924744062500003 0.380284265625 0.4270765671875 0.3824175875 0.42400024687500004 0.3804271640625 0.42072804062499997
11 0.35415678906250003 0.4378779265625 0.34568546875 0.43699945781249994 0.3417898265625 0.437777178125 0.3387824625 0.4403759296875 0.33815924375 0.44282422343750005 0.33905884531249997 0.4454986671875 0.340814071875 0.447187675 0.345392575 0.4490869203125 0.351870625 0.446448565625 0.3554998171875 0.4414015359375 0.35415678906250003 0.4378779265625
1 0.34924479062499997 0.5729529 0.3432860859375 0.5763965484375 0.339952328125 0.5812775593749999 0.3400052546875 0.5858260515625 0.3442475640625 0.5917929203125001 0.3562465859375 0.5917994656250001 0.36663059374999996 0.5877173171875001 0.36834868906249996 0.5784529453125 0.3607111640625 0.5720855234375 0.34924479062499997 0.5729529
10 0.5078360578125001 0.3862621296875 0.5354418328125 0.3703082359375 0.5339797 0.36407218124999996 0.51154041875 0.346355715625 0.49903597343749995 0.34650121718750004 0.4753346234375 0.33974230625 0.42801376874999997 0.3332582328125 0.3932519203125 0.33131782187500003 0.35010938125 0.332824228125 0.3086086796875 0.34120241562500003 0.2850619515625 0.348209396875 0.2587819015625 0.3586764296875 0.2392487 0.351869015625 0.2184352421875 0.35445610312500003 0.23102153125 0.3613443515625 0.23107609375 0.3660335171875 0.2242110265625 0.373148103125 0.2243110578125 0.38174490781250003 0.20365219687499997 0.39761796562499996 0.1900039046875 0.4188808828125 0.1849283515625 0.460366521875 0.2020192625 0.49612279375 0.22316919375 0.522452234375 0.24134029687499997 0.531620396875 0.23594645625 0.5457525640625 0.2429024640625 0.5464532578125 0.294309621875 0.54585508125 0.309474609375 0.5355173843750001 0.3190365984375 0.5213367156250001 0.30910175781250004 0.503474746875 0.27971556406250003 0.48583911406249997 0.2641868203125 0.46491570156249995 0.263732125 0.42583931406250003 0.2801864640625 0.40688864531249996 0.31331339375 0.387743971875 0.33269199843749997 0.3812654140625 0.38401731250000004 0.3736334890625 0.437842253125 0.37804480625000003 0.4508259 0.3830173359375 0.47450906249999997 0.3882131921875 0.4911998421875 0.3895822453125 0.5078360578125001 0.3862621296875