10 0.1898648359375 0.17088410781250002 0.2080618640625 0.22998828593749998 0.21867513593750001 0.2476483828125 0.234163275 0.256758825 0.260374409375 0.25151381562499997 0.27002296875 0.24416113906249998 0.28357740625 0.214380496875 0.283489059375 0.190723746875 0.295303596875 0.12482768125000002 0.319972903125 0.0751084546875 0.3660711015625 0.0412161625 0.39647025937499997 0.0399756 0.41653829531250003 0.04750735625 0.43796718593749995 0.063334290625 0.46173019687499994 0.09020025625 0.48042454687499997 0.12284021406250001 0.4976525875 0.16806607812500002 0.506504578125 0.20528304843749998 0.5183561546875 0.29665724843749997 0.5415292234375 0.3374651453125 0.5538026 0.3453149953125 0.5732892421875 0.3445197640625 0.5743679546875 0.326382528125 0.5853901984375 0.2939216515625 0.5948449609375001 0.2837933125 0.5884154374999999 0.281272125 0.58276965625 0.2675846671875 0.58082740625 0.25096250000000003 0.585314678125 0.2368615234375 0.5811266546875 0.2328570765625 0.5498055390625 0.0977402703125 0.5307278703125 0.048414528125 0.5079397375 0.0059104140625 0.48690704374999993 0.0056656765625 0.243901621875 0.0155824984375 0.2306378796875 0.0495266328125 0.21785435468749997 0.1015443859375 0.20459916250000001 0.1132196015625 0.20352472656249998 0.120222378125 0.209655 0.140848990625 0.20487275781249997 0.1619209328125 0.1898648359375 0.17088410781250002
9 0.3422268515625 0.2259049234375 0.3479567046875 0.2743835921875 0.3605122265625 0.3086658515625 0.380474809375 0.33707869687500003 0.397618778125 0.347513353125 0.42265857812499996 0.3478832875 0.44039676562499996 0.33324155312500003 0.45473066875 0.3034291 0.4602966546875 0.271190890625 0.4567114015625 0.2198411328125 0.446784971875 0.1896269359375 0.42809062343750004 0.15698698125 0.40110857343750006 0.13999488124999998 0.374800540625 0.1438520546875 0.35725615 0.1612694546875 0.34535754218750003 0.192374309375 0.3422268515625 0.2259049234375
5 0.1842817484375 0.2476601578125 0.14786631562500002 0.1851240984375 0.1421193609375 0.18118326875 0.12993860625 0.1858557109375 0.121360209375 0.197340071875 0.1196872765625 0.24055369531249998 0.10086609843750001 0.2844671265625 0.09598268125000001 0.315285696875 0.095481084375 0.35288437968749997 0.0877747765625 0.376859221875 0.0887437640625 0.3907375359375 0.097313609375 0.40152209218749996 0.1258289359375 0.48525733125 0.1380980390625 0.5042416390625 0.1532028578125 0.49666629687499997 0.18447838125 0.496781759375 0.1826330296875 0.4815474234375 0.1764015796875 0.47066743750000006 0.1744636046875 0.4429108125 0.161811184375 0.40724072031249997 0.1610488203125 0.3627346921875 0.1783153421875 0.307750421875 0.1854317078125 0.2977175109375 0.1842817484375 0.2476601578125
2 0.2738960359375 0.8146351875000001 0.5731495859375 0.454476528125 0.6450884265625 0.36525006250000003 0.6499632937500001 0.356700409375 0.6503594406250001 0.339982815625 0.53511824375 0.032925721875 0.5207610171875 0.006059603125 0.4869070328125 0.0056656765625 0.209605134375 0.0169821046875 0.0045804015625 0.2624110171875 0.0061008140624999995 0.3495153953125 0.225868415625 0.7985019375 0.2456414765625 0.8130046578125001 0.24729303125 0.8254633312499999 0.2520667234375 0.82666030625 0.2738960359375 0.8146351875000001
0 0.193558375 0.4476987171875 0.2192807421875 0.4466490109375 0.3566818671875 0.38815394687500004 0.36662539843749997 0.373830303125 0.3869926796875 0.3632566359375 0.38670198437500003 0.3590931421875 0.36293041875 0.3544960953125 0.24455709374999998 0.3384500125 0.19097631406249999 0.321151596875 0.1733393015625 0.326046703125 0.1650430484375 0.3639634765625 0.172622528125 0.41654201874999996 0.179144675 0.4315854984375 0.193558375 0.4476987171875
1 0.1842347171875 0.3701392109375 0.18597889375 0.3951201734375 0.203409284375 0.4208527828125 0.218901696875 0.4188287671875 0.2298227671875 0.39611451875000003 0.227492921875 0.3739410265625 0.218244784375 0.35344165 0.197494184375 0.34732953437499997 0.1842347171875 0.3701392109375
7 0.34412490625 0.611352084375 0.32007974687499996 0.5580537031249999 0.3043051875 0.5336453078125001 0.276539396875 0.5278194765625 0.2240914734375 0.60511625 0.2234003546875 0.6288048093749999 0.23936015937500002 0.6782577875 0.26750071875 0.7230383218750001 0.278219440625 0.71981733125 0.3497664109375 0.636174 0.34412490625 0.611352084375
11 0.2597146140625 0.7010874968749999 0.2594196421875 0.7080584625 0.2666243546875 0.7216823015625 0.2743221125 0.7199763781249999 0.278320615625 0.7100707015625 0.277545425 0.698968053125 0.2707283078125 0.6908955390625 0.2644925828125 0.6911500140625 0.2597146140625 0.7010874968749999
11 0.293194596875 0.5424494359375001 0.2929965234375 0.55080823125 0.2986423046875 0.5644956890625 0.306533859375 0.565565428125 0.31209129375 0.5555961359375 0.311316103125 0.544493484375 0.3050846546875 0.5336135 0.2965105328125 0.5339634 0.293194596875 0.5424494359375001
11 0.179845784375 0.1281476203125 0.17993840781249998 0.1406699125 0.1862624796875 0.1640721859375 0.20048665937500001 0.16627528281249998 0.20623789062500003 0.1590816546875 0.20683211093749998 0.1340052625 0.1993367 0.1162179296875 0.188230384375 0.11388759531249999 0.179845784375 0.1281476203125
11 0.5817037703125 0.2523185234375 0.582575859375 0.2648090046875 0.591339503125 0.278369225 0.600693090625 0.2779875140625 0.6052772625 0.26527436875 0.6032381124999999 0.24726436875000002 0.5938888 0.2365116203125 0.5849228078125 0.2424446578125 0.5817037703125 0.2523185234375
11 0.3883834671875 0.293610596875 0.38156635 0.285538084375 0.3769864546875 0.287116771875 0.3742561875 0.29279533281250003 0.37668720625 0.3052221953125 0.3870140578125 0.30758433749999997 0.3883834671875 0.293610596875
11 0.415850009375 0.3175418546875 0.42140316875000006 0.3187070203125 0.42637493437499996 0.31154519999999997 0.4257935421875 0.3032182109375 0.4214117203125 0.2964381015625 0.4145903265625 0.2995000484375 0.41273642343750006 0.3065346328125 0.415850009375 0.3175418546875
11 0.4430600625 0.2482339421875 0.43741000625000004 0.2456809453125 0.43321770624999995 0.25281095625 0.43292273281250004 0.2597819234375 0.4356487265625 0.26523781875 0.4449054140625 0.263468278125 0.4430600625 0.2482339421875
11 0.376152846875 0.174416153125 0.376051671875 0.1841627828125 0.3815036546875 0.195074575 0.386959915625 0.1948519125 0.39037275 0.18775371093749998 0.3896944578125 0.178038890625 0.3852157390625 0.1698709484375 0.378883115625 0.168737590625 0.376152846875 0.174416153125
11 0.36473445625 0.223594625 0.3614227953125 0.2209461984375 0.357133596875 0.22668838125000002 0.3597584140625 0.24189090468750002 0.3683325359375 0.2415410046875 0.3692131765625 0.23176256562500003 0.36473445625 0.223594625
11 0.42807779687499997 0.1903903578125 0.422819609375 0.1822542265625 0.41736335156250004 0.182476890625 0.41531137500000004 0.19787027343750002 0.419596296875 0.20326255 0.4267083875 0.2043640984375 0.42807779687499997 0.1903903578125
8 0.571479725 0.3727229875 0.5703713234375 0.3517091109375 0.559521909375 0.3451317 0.53661660625 0.3352188671875 0.5303263125 0.31696899375 0.516542978125 0.2734981640625 0.50771709375 0.229187590625 0.5042905921874999 0.195505640625 0.49818497656250005 0.1593790953125 0.4827024890625 0.1223603375 0.46382542187500003 0.0880326421875 0.4401662671875 0.062195140625 0.41855717031250006 0.0503143140625 0.3950242859375 0.046807037499999996 0.3714470203125 0.0426641328125 0.3466592625 0.0519721328125 0.3291485328125 0.0680019375 0.3149411734375 0.085173203125 0.3022507390625 0.10866529375 0.29406475468750004 0.14537367343750002 0.2867315765625 0.1737522078125 0.28274771875 0.19880269687500002 0.2800601640625 0.22188657812499998 0.2713916953125 0.23627927187500003 0.2592413609375 0.2469852546875 0.2419559609375 0.255987090625 0.23034425625 0.2590134859375 0.220026503125 0.26517844375 0.21841061874999998 0.2882172015625 0.22906908593750003 0.32798675 0.23098493593749997 0.340032409375 0.26917092187499997 0.434219184375 0.2772556609375 0.44854614843749996 0.2877432828125 0.46534707343750004 0.3055548546875 0.484403040625 0.327875675 0.506466353125 0.351582353125 0.5227292125 0.37729922656250003 0.5369949390625 0.3983736171875 0.546345053125 0.4158773828125 0.5507372015625001 0.443880434375 0.5412979906250001 0.4629984171875 0.5277551296875 0.49546859374999996 0.5155810828125 0.51628495 0.4955861828125 0.53652456875 0.4673197796875 0.5532823234375 0.4353666625 0.5621323296875 0.4133075640625 0.571479725 0.3727229875