2 0.7530370375000001 0.3342515046875 0.670850346875 0.3023294828125 0.42018284687499996 0.22126109375 0.39153389375000003 0.20707864687500002 0.3493906296875 0.19725615000000002 0.332559371875 0.216467565625 0.252412878125 0.6617639359374999 0.26070371406250004 0.683168365625 0.631360415625 0.8220430625 0.637545984375 0.8091708656250001 0.7332974828125 0.4403448265625 0.7529936312500001 0.36245651875 0.756726675 0.34063069218750003 0.7530370375000001 0.3342515046875
5 0.5416045406250001 0.7505217625 0.5554027015624999 0.7490438312500001 0.561821584375 0.73480751875 0.5737043890625 0.725893859375 0.583140096875 0.7545802265625 0.5891411859375 0.76142078125 0.600698434375 0.7637276140625 0.61297733125 0.7478395953125 0.6468623015625 0.6149453421875 0.6484683765625 0.572945396875 0.6380777046875 0.5638179953125 0.6105736234375 0.5569174859375 0.6045291296874999 0.57828194375 0.6010076984375 0.6128461625 0.5953592999999999 0.6272362625000001 0.52548406875 0.658431021875 0.5184791828125 0.6528007921875 0.49987364218749997 0.6730687453125 0.49522904062500006 0.6862485203124999 0.4982892703125 0.700966184375 0.50506084375 0.7079605265625 0.5039431015625 0.7331297359375 0.5068622578124999 0.7393551359375 0.5416045406250001 0.7505217625
7 0.6609968609375 0.49503710312500004 0.6782893203125 0.42654380625000005 0.6797109156250001 0.4042566140625 0.6673343468749999 0.3834473546875 0.6488644531250001 0.365653915625 0.6265204390625 0.361194040625 0.6263576609375 0.3668042875 0.6158530468750001 0.38163576875 0.6168134390625 0.40863045781249996 0.61191381875 0.4372768546875 0.6037694890624999 0.4709183390625 0.5955763234375 0.4862111890625 0.614208996875 0.49839438124999996 0.6180180078124999 0.5273683390625 0.6392659828125 0.542894915625 0.6488373375 0.5335198921875001 0.6609968609375 0.49503710312500004
0 0.5928308062500001 0.56748285 0.58589645625 0.56609875 0.5759018765625 0.5499969890624999 0.5397325703125 0.5145639015625 0.49889152968749995 0.4598594421875 0.47941783437499996 0.44327632968749997 0.475869271875 0.4453894015625 0.48098593437500003 0.47603505156250003 0.5124183984374999 0.5345042906249999 0.5464227609375001 0.624521928125 0.5527765390625 0.6525931390624999 0.5668080140625 0.6497510937500001 0.5976924515625 0.613595121875 0.6031997765625 0.590712759375 0.5928308062500001 0.56748285
1 0.5761406234375 0.595186528125 0.5662165796874999 0.5833308984375 0.5550120203125 0.6022547203124999 0.5551313921875 0.6248494906250001 0.565147675 0.6268487453125 0.5717076343749999 0.6211046953125 0.5776598875000001 0.6095966140625 0.5761406234375 0.595186528125
9 0.47358495468750006 0.47737918125 0.4634221671875 0.42033401093749995 0.4368513453125 0.40797704531249995 0.40505535156250005 0.4354869640625 0.3953212203125 0.450472234375 0.386102553125 0.48107791562499996 0.381273471875 0.51397044375 0.383867071875 0.5314163328125 0.3995371828125 0.5655791421874999 0.420177453125 0.5753416828125 0.436987009375 0.570232775 0.449103128125 0.5599550015625 0.46548945937499997 0.52936930625 0.47223389843749997 0.5039125062500001 0.47358495468750006 0.47737918125
8 0.3350498890625 0.35097964843749996 0.3160753875 0.41067310625 0.2997216203125 0.5202636015625 0.30710089687500003 0.5330219781250001 0.3065908609375 0.5639552218749999 0.3146972171875 0.6050724046875 0.3438887703125 0.6673264078125001 0.3840027328125 0.6936720625 0.44981936562499997 0.6955236203124999 0.492564903125 0.664556496875 0.5301015390625 0.6128001015625 0.5334384890625 0.597948634375 0.53014494375 0.5845950859375 0.505109659375 0.52599204375 0.526748296875 0.4879906078125 0.5582947046875 0.5225009640625 0.56583133125 0.48309544375 0.5677629609375 0.4298750078125 0.5656576921875 0.39559838125 0.5560103703125 0.3541736203125 0.5228958640625 0.2869045421875 0.5008068671875 0.2669780453125 0.475239846875 0.2534107546875 0.4309967453125 0.255865284375 0.3952072578125 0.27411399687500004 0.3707417046875 0.29603365625 0.3350498890625 0.35097964843749996
11 0.6302100765625 0.36757323125 0.6225052453125001 0.3660353421875 0.6152453390625 0.37587173281249997 0.6143826156250001 0.38557432187499996 0.6183761078125001 0.394835528125 0.6290217984375001 0.3884963078125 0.632195971875 0.3792550875 0.6302100765625 0.36757323125
11 0.64386175 0.5113665046875 0.640079871875 0.5148436921874999 0.6369056984375 0.5240849125 0.637583940625 0.534095078125 0.6435144921875 0.5366895015625001 0.6493039671874999 0.5307916625 0.6505627828125 0.5141147171875 0.64386175 0.5113665046875
11 0.593574175 0.7355026140625001 0.5935524734375 0.7496051203125 0.6045725531249999 0.7503940499999999 0.6073506328125 0.7481271890625 0.6086094484375 0.7314502421875 0.6002969109375 0.7241483203125 0.593574175 0.7355026140625001
11 0.44870160625000005 0.5203757078125 0.45054642500000003 0.523565303125 0.45439884062499997 0.5243342453125 0.4576435515625 0.5193391546874999 0.4574319390625 0.5066007625 0.45133861093750005 0.509616584375 0.44870160625000005 0.5203757078125
11 0.44862563906249997 0.4695759234375 0.45154479375 0.47580132343750003 0.4538562421875 0.47626269062500004 0.45763812187499997 0.472785503125 0.45973795781250004 0.460508475 0.45002552968750004 0.4613912390625 0.44862563906249997 0.4695759234375
11 0.42214705625000004 0.447362578125 0.4240624140625 0.45479830468750004 0.42868531406250004 0.45572103906250006 0.43246719218749996 0.45224385156249997 0.433867084375 0.444059165625 0.42894033125000003 0.4402544171875 0.42214705625000004 0.447362578125
11 0.40629789374999997 0.47946617968750005 0.40662345 0.46824568906249997 0.4017672359375 0.46868706875 0.39812643125 0.4806565171875 0.3997379359375 0.48521022656249996 0.40629789374999997 0.47946617968750005
11 0.3972908421875 0.5228102531250001 0.400351071875 0.5375279140625 0.40266252187499996 0.53798928125 0.4063738625 0.5302659625 0.4072365875 0.5205633749999999 0.40207651875000006 0.518122740625 0.3972908421875 0.5228102531250001
11 0.43184864375 0.5536896312499999 0.43156649375 0.5367051078125 0.4239322 0.53941335 0.42321055156250004 0.5576082015625 0.4270629671875 0.5583771453125 0.43184864375 0.5536896312499999