2 0.0748652125 0.7623413484375 0.078287071875 0.7658372250000001 0.08339759062499999 0.78627081875 0.093726103125 0.8025274484375 0.10691536406249999 0.839771584375 0.1233246015625 0.8964686625 0.12006008906250001 0.90739528125 0.12132658437499999 0.92009856875 0.1406541765625 0.9341395390624999 0.139998659375 0.9429776765625 0.16774581875 0.9361460625 0.264436046875 0.87329468125 0.283152659375 0.8657942265624999 0.2842303390625 0.8611905203125 0.2932608875 0.8618593609375 0.3361769265625 0.8324934234375 0.345081596875 0.8216242671874999 0.410886028125 0.788069115625 0.44147553593750005 0.766076453125 0.6660250078125001 0.6370379546875 0.67196145625 0.6297918515625 0.673524240625 0.6351915734375 0.6772738578124999 0.63426838125 0.68542860625 0.623583865625 0.73884356875 0.5916329921875 0.7429209421875 0.5862907328125 0.740576765625 0.57819115 0.7473260749999999 0.5765294078125 0.740450890625 0.5666531531250001 0.74227849375 0.5618648109375 0.7390585187500001 0.5424118703125 0.7322148015625001 0.5354201171875 0.7073990640625001 0.4663315640625 0.5947004296875 0.199069834375 0.5819018640625 0.163175628125 0.5344441515625 0.05193966875 0.5347719093750001 0.0475206015625 0.5178504359375 0.012053103125 0.4341737515625 0.01010550625 0.0027077625 0.11633650468750001 0.013169751562500002 0.565826246875 0.062161054687499995 0.7351006375 0.0685511359375 0.7349734625 0.07131747968749999 0.747307475 0.066068015625 0.7485999421875 0.07398941406250001 0.750987990625 0.0748652125 0.7623413484375
5 0.09577345781249999 0.40433940625 0.088772396875 0.3829251578125 0.11196481250000001 0.26875570312499997 0.130025909375 0.2700933859375 0.130259259375 0.2570208203125 0.1387102984375 0.23903273593750002 0.157521315625 0.24018578124999998 0.1673647265625 0.2464389796875 0.1776748359375 0.22654705156250002 0.1678444953125 0.1870297921875 0.17267179375 0.1815028953125 0.15924917968750002 0.157331325 0.1470930625 0.1458630390625 0.1343128984375 0.1461173890625 0.1206884046875 0.13790287968749998 0.11153197968749999 0.1256960421875 0.10456238749999999 0.10716629531249999 0.0709102484375 0.124128509375 0.0567875828125 0.1391746296875 0.0470071140625 0.13869042812500001 0.031182718749999998 0.1700628890625 0.0043181796875 0.18552659375 0.0083566875 0.359037371875 0.0345629734375 0.445440228125 0.040751173437499996 0.46127011875 0.0682833828125 0.5036596249999999 0.0780953234375 0.507028328125 0.12397958437500001 0.47403933593750003 0.1226816203125 0.4584515484375 0.11450847187499999 0.432987509375 0.09577345781249999 0.40433940625
0 0.114995975 0.27090165 0.1049506828125 0.28060551093749997 0.087380025 0.3586838734375 0.08786512656249999 0.3686873 0.0931460609375 0.3702793328125 0.095099540625 0.377028984375 0.0980232265625 0.40378549062499997 0.11219576406250001 0.427772425 0.15375623125 0.4464623171875 0.18708061250000002 0.43391916875 0.323023934375 0.453955209375 0.3440847234375 0.45455433906250003 0.37854972343750004 0.4431764828125 0.3750963953125 0.43679610625 0.3596128265625 0.43048544218749996 0.3450810640625 0.4080330765625 0.2983026015625 0.393520153125 0.17802632812500002 0.32768915625 0.114995975 0.27090165
1 0.13001817499999999 0.3727700578125 0.1489236015625 0.38257659843749997 0.1534676765625 0.351089209375 0.1336235140625 0.32416031562500003 0.126514978125 0.3273566265625 0.11995448281250001 0.34632536406250003 0.124283609375 0.3640590984375 0.13001817499999999 0.3727700578125
7 0.13070809218749999 0.608318325 0.1804025078125 0.7522644296875 0.20162064218750003 0.767286053125 0.24263306875 0.7702035171875 0.2770351296875 0.7530566640624999 0.2773314203125 0.745753096875 0.26478460625 0.7329348828125 0.2566743953125 0.713239840625 0.2573299109375 0.70440170625 0.26920280625 0.6899094984375 0.2454202125 0.6465967984375001 0.214025578125 0.5603284265624999 0.1590923671875 0.55650001875 0.1215463359375 0.5266988718750001 0.1141729796875 0.54008325 0.13070809218749999 0.608318325
9 0.31730483593750003 0.239890903125 0.31624555625 0.2806431640625 0.32418535625 0.3191797703125 0.34590699375 0.38035337812500003 0.3806736171875 0.43108457343750006 0.40006414531249995 0.45089454218749997 0.4223599625 0.46131245937500004 0.4542474328125 0.454907584375 0.4689626765625 0.42525432968750004 0.47463430312500005 0.42819629218750005 0.48289652812500006 0.392901215625 0.4814097484375 0.3600064328125 0.458327209375 0.2774760390625 0.43871639531250006 0.2374745765625 0.40446634374999996 0.1996313109375 0.3716401359375 0.1889138265625 0.332738534375 0.20716851093750002 0.31730483593750003 0.239890903125
11 0.12814363281250002 0.5800272484375 0.13828333125 0.5789768828125 0.1434069171875 0.5661464203125 0.13910925937500002 0.551297184375 0.1247348421875 0.5432673140625 0.118111409375 0.556467053125 0.1231904578125 0.5740161500000001 0.12814363281250002 0.5800272484375
11 0.2716283234375 0.7399266359375 0.28773593750000004 0.734514665625 0.2833124046875 0.7081274359374999 0.2749059046875 0.695735959375 0.26290713125 0.6986901703124999 0.2593148609375 0.71403585625 0.2624719 0.7277197984375 0.2716283234375 0.7399266359375
11 0.3388560625 0.3199060734375 0.340481784375 0.33107479375 0.3488568171875 0.3405817703125 0.3552468984375 0.3404545953125 0.3577929578125 0.332597115625 0.35655793125 0.322778325 0.3458387234375 0.30517176562500004 0.339448640625 0.3052989421875 0.3388560625 0.3199060734375
11 0.39285586875 0.376024740625 0.3856529265625 0.37056755625000004 0.37896655468749996 0.3779982984375 0.3851862234375 0.396712684375 0.3954517984375 0.40720031562500003 0.3986533734375 0.3905046984375 0.39285586875 0.376024740625
11 0.4389158765625 0.3936068015625 0.44305618906250005 0.394033540625 0.44782054843749997 0.382737646875 0.43781979375 0.3620619515625 0.42953916875000003 0.3612084703125 0.42702457968749996 0.3719504515625 0.43132223593749996 0.38679968593749997 0.4389158765625 0.3936068015625
11 0.439610596875 0.2849764921875 0.435470284375 0.28454975312499997 0.431815075 0.29412644062500004 0.4334407984375 0.3052951609375 0.4388161359375 0.3155406890625 0.44562838281249995 0.31964794375 0.4497372265625 0.317190184375 0.451111196875 0.3052829125 0.44723570468749996 0.2946681078125 0.439610596875 0.2849764921875
11 0.39789278281249996 0.2518641078125 0.4028144875 0.2549907078125 0.40836023906249996 0.2463946734375 0.40493838125000003 0.242898796875 0.402562734375 0.23191471562500002 0.3923915671875 0.23008058281250002 0.3901732671875 0.233518996875 0.39789278281249996 0.2518641078125
11 0.36141136406249996 0.2507233125 0.35297339375000003 0.2354473375 0.3443964796875 0.24189742500000003 0.349116303125 0.26098109062499997 0.3521474640625 0.26312703593750003 0.3570377 0.2633691375 0.36141136406249996 0.2507233125
8 0.521610396875 0.68861724375 0.5766539046875 0.6529306453125 0.603083575 0.6071828499999999 0.6151811656249999 0.56597025 0.628989825 0.490126871875 0.6297361687499999 0.41548655312499994 0.6237185578125 0.36766690468749996 0.5970574296875 0.2736156359375 0.5791823390624999 0.21764678124999998 0.5371390484375 0.1515301171875 0.4981518203125 0.1017657703125 0.461273140625 0.053493837499999995 0.4325272 0.0313929265625 0.40600078906250003 0.02081923125 0.398676525 0.0206109734375 0.21719336406249998 0.0673054015625 0.20337629062499998 0.09485466406250001 0.1804874078125 0.12967000312500002 0.17854857500000001 0.16737491875 0.1719758515625 0.235399178125 0.1695541890625 0.30038984687500003 0.175637865625 0.354230796875 0.1883855671875 0.41951118593750003 0.228468515625 0.5213265046875 0.250044946875 0.557266303125 0.2874229203125 0.6034023015625001 0.3207458515625 0.6374565015625 0.3700312671875 0.6726116531249999 0.4021124953125 0.6888603203125 0.45605406718749997 0.69570220625 0.4929243328125 0.6956800234375 0.521610396875 0.68861724375