2 0.5562750015625 0.508429653125 0.4883015046875 0.40292969218749997 0.25215873125 0.477126284375 0.241283496875 0.48654015156249997 0.3471889140625 0.675051175 0.3547661015625 0.6774724765625 0.40302675 0.6635358109375 0.591810159375 0.6006996531250001 0.5989067765625 0.5936586187499999 0.5999416453124999 0.5846805421875 0.5562750015625 0.508429653125
1 0.4282426765625 0.584234378125 0.423542828125 0.582016475 0.41673333437500004 0.5834207874999999 0.4050904046875 0.5890090406249999 0.40374846093750005 0.5964568703124999 0.40754702812500004 0.6012510046874999 0.40906246562500004 0.6017352671875 0.422834990625 0.5996917640625 0.43008514687500005 0.5934158515625 0.43098642812500004 0.590839621875 0.43006519374999996 0.586248884375 0.4282426765625 0.584234378125
9 0.41734140937499997 0.529910659375 0.432916496875 0.52271469375 0.43985957343750004 0.5149085375 0.444673059375 0.503557628125 0.44131515468750004 0.49389189375000003 0.42857749843750004 0.486957321875 0.4055588125 0.4853301375 0.38800767187499996 0.48974647187500003 0.378935 0.49400787968750004 0.36926812343750004 0.5023757609375 0.3605224828125 0.5153343796875001 0.36372685 0.5242349921875 0.37055629375 0.529997646875 0.3796489171875 0.532903209375 0.395551034375 0.5344044578125 0.41734140937499997 0.529910659375
11 0.48642350468749995 0.59852979375 0.4835461671875 0.598326396875 0.4796140125 0.59993410625 0.47493411406249997 0.6048831703124999 0.47660308906250004 0.6061325546874999 0.481149403125 0.6075853343750001 0.485235096875 0.606742746875 0.48780535468749997 0.6054158984375 0.488860175 0.603604790625 0.48809248125 0.5997791765625 0.48642350468749995 0.59852979375
11 0.529904490625 0.5537073546875 0.5252245921875 0.5586564187499999 0.5270471078125001 0.5606709249999999 0.5300779828125 0.5616394453125 0.5382493734375 0.559954271875 0.540512553125 0.5570971765625 0.539898396875 0.5540366859375 0.5382294203125 0.552787303125 0.5367139843750001 0.5523030437500001 0.529904490625 0.5537073546875
8 0.386542375 0.5834679453125 0.39940960937500003 0.5811466125 0.40026351875 0.5809705125 0.44720837968750005 0.5697919734375 0.45909084218749996 0.565510453125 0.4717579640625 0.5592376906250001 0.48565573281249996 0.5517119609375001 0.49942143593750005 0.5420509906250001 0.5111036343750001 0.5338172734375 0.5217958375 0.5221272828125 0.5293574546875 0.4992681515625 0.5303065375 0.48775645624999997 0.525147540625 0.4753419390625 0.5170165421874999 0.4628742234375 0.503482821875 0.4530186625 0.49404066718750006 0.447311171875 0.478811021875 0.442298440625 0.46469306250000003 0.43838708125 0.4533358859375 0.43790066406249994 0.4276788984375 0.43703509687500003 0.40964944374999995 0.4372585796875 0.3871338421875 0.44023745468750003 0.36766252499999996 0.4450856390625 0.3519285765625 0.45232392812500005 0.3321549296875 0.4630581796875 0.31718801874999997 0.4726346140625 0.3069047921875 0.48340841718750005 0.2949817890625 0.49635060624999994 0.28695145 0.50948839375 0.2835327359375 0.5205102265625 0.285457675 0.5419125453125 0.289685478125 0.54969375625 0.29882802656249996 0.5612867484375 0.30937929531249997 0.5680969390625 0.3205613609375 0.5736121359374999 0.33442798281249997 0.577741059375 0.3435441703125 0.580354121875 0.358862203125 0.5828530890625 0.377400615625 0.5836887515625 0.386542375 0.5834679453125
0 0.42946490937500004 0.533784740625 0.41788183749999996 0.5608738984375 0.39254619375 0.597173525 0.40862180156249994 0.606606865625 0.42709417812500006 0.6067812671875 0.43814290468749995 0.6052994890625001 0.44521956874999996 0.5910914875 0.4423960078125 0.5558183734375 0.44837794999999997 0.52908754375 0.443965221875 0.5212329171875 0.42946490937500004 0.533784740625
5 0.45092046406249997 0.6265679984375 0.46724329375 0.61603068125 0.46540082343750006 0.6068492078125 0.46250353593750004 0.5994788421874999 0.45674886406250004 0.599072046875 0.41786796718749997 0.61027755 0.3940815828125 0.6048247531250001 0.3816111015625 0.5850864890625 0.349059125 0.58542534375 0.3292847109375 0.607032709375 0.3428100125 0.6249598640625 0.353110996875 0.6268194406250001 0.3634319328125 0.6358459859375001 0.360287425 0.6484462765625 0.36801815000000004 0.6516327015625001 0.45092046406249997 0.6265679984375
11 0.383053128125 0.5172151953124999 0.37838753125 0.51870883125 0.37657363125 0.5202780890625001 0.3748405796875 0.5234234515625 0.377253775 0.5242540265625 0.37907341875 0.52507394375 0.38324998906249996 0.5246771421875 0.38667750624999997 0.5229081734375 0.3881978265625 0.5204696078125 0.3874607609375 0.5185635125 0.383053128125 0.5172151953124999
11 0.41056514375 0.5211690046874999 0.407420625 0.5208215109375 0.403233271875 0.521751196875 0.40057697656249996 0.524423234375 0.4003261671875 0.5249402828124999 0.4012160171875 0.52701406875 0.4019010890625 0.5277564234375001 0.4049675875 0.5280331578124999 0.4094697734375 0.5269054796875 0.41189923593750005 0.524877015625 0.41213457968749995 0.523102640625 0.41056514375 0.5211690046874999
11 0.42372341406249997 0.5101560593750001 0.42356408125 0.5117155624999999 0.42411337812500005 0.5144528359375 0.4274770515625 0.5164861046875 0.4308554015625 0.5150587390625 0.43379102031250005 0.5131920156249999 0.43605419999999995 0.510334921875 0.435303634375 0.5077678875 0.431085809375 0.50677881875 0.42589053125 0.508580090625 0.42372341406249997 0.5101560593750001
11 0.43192814999999996 0.49624767031249994 0.4324002 0.4938930234375 0.43081862031249996 0.49249255156249994 0.42647712968749996 0.4920604453125 0.422062340625 0.493037034375 0.4208163515625 0.4944891734375 0.420342940625 0.49684410156250003 0.4216500359375 0.49923023281249995 0.42415062812500004 0.4999097203125 0.427695415625 0.499311746875 0.43054423750000004 0.49819277968750003 0.43192814999999996 0.49624767031249994
11 0.40631622500000003 0.490574559375 0.40469852968750003 0.489580728125 0.4005594375 0.48957061093750004 0.398287790625 0.49003908906250004 0.39559250625 0.49192317812499997 0.394673490625 0.4926441625 0.39466402500000003 0.49522611093749996 0.39626066249999997 0.4964330421875 0.399379540625 0.49665276093750005 0.40357751718749996 0.4951894265625 0.4060958921875 0.49301035937500004 0.40631622500000003 0.490574559375
11 0.3836049640625 0.502296290625 0.3801084359375 0.5019544625 0.377131715625 0.5024360796875 0.374862184375 0.5035017140625 0.3731007734375 0.505325478125 0.37278865781250003 0.5067172921875 0.37357700625 0.5088789390625 0.37613084531249996 0.5104103640625001 0.3793479 0.5099461125 0.384149303125 0.5073623515625 0.385075471875 0.5043164625000001 0.3836049640625 0.502296290625
7 0.48514215624999996 0.6072407828124999 0.522571015625 0.59591641875 0.5418649546875 0.5876682703125 0.550255415625 0.58233245625 0.54832815625 0.563469978125 0.5417252609375 0.5558184296875 0.53812395625 0.551342965625 0.5223579546875 0.5569656046875 0.5140407328125 0.5626663828125 0.47200039687500006 0.5762700093750001 0.462717753125 0.5824463703125 0.47248726718749995 0.603114546875 0.47812860781250005 0.6084975421875 0.48514215624999996 0.6072407828124999
11 0.37584164375 0.6385949421875 0.36948213750000003 0.64048890625 0.3672000515625 0.6459091781249999 0.369805184375 0.647265090625 0.3788787109375 0.6459763203125 0.381939615625 0.6418503671875 0.37584164375 0.6385949421875