2 0.22587143437499999 0 0.23566461875 0.4279625078125 0.2485767515625 0.45135543125 0.6856294359375 0.5076350015625 0.7020356859375 0.5073486296875 0.7094845390625 0.486378928125 0.7382982640625 0 0.22587143437499999 0
5 0.2680537765625 0 0.270883396875 0.1175311734375 0.281645725 0.1520761171875 0.300565428125 0.16147105781249999 0.324784178125 0.16104831875 0.327618259375 0.144327103125 0.321131296875 0.086089228125 0.32235439375 0.066617509375 0.3316566640625 0.062287203125 0.356637890625 0.0160038546875 0.39291479375 0.034821009375 0.40851555156249997 0.033159384375 0.4194473296875 0 0.2680537765625 0
0 0.357419140625 0.01599021875 0.33771271875000003 0.051066996875000006 0.3223786375 0.0680063984375 0.325570896875 0.1165766 0.34419421250000004 0.153762953125 0.352127928125 0.16057103125 0.377127928125 0.16013465468750002 0.3952663796875 0.16954323124999998 0.434129465625 0.20220836250000002 0.4445523890625 0.2173088625 0.477825509375 0.24312500625000003 0.5022382046875 0.253813378125 0.5021169890625 0.246868934375 0.48588591093750005 0.21241944531249998 0.46679650625 0.19330228437500002 0.3920553453125 0.075126059375 0.3855629140625 0.06134626562499999 0.3808808828125 0.0169700046875 0.357419140625 0.01599021875
1 0.3614896234375 0.07010233906249999 0.352284325 0.0799882015625 0.3511582015625 0.105015475 0.357602146875 0.11601749218749999 0.3693936265625 0.11997960781250001 0.3739356671875 0.11156445468750001 0.3782595203125 0.0906492984375 0.3646146234375 0.070047790625 0.3614896234375 0.07010233906249999
11 0.3081300265625 0.19190388125 0.302612790625 0.1892215609375 0.301050290625 0.189248834375 0.2972410125 0.194872575 0.2966779515625 0.20738621093749998 0.299215646875 0.2184564125 0.30634386875 0.22388923749999998 0.3124484109375 0.215446809375 0.313035715625 0.2043220609375 0.3081300265625 0.19190388125
11 0.3640429890625 0.350698803125 0.357205684375 0.36193264687500004 0.359791865625 0.37578062343749996 0.3669200875 0.38121345 0.3723403515625 0.37834021406249996 0.3760769 0.3685498078125 0.37432045468749997 0.3574659703125 0.3702929890625 0.350589709375 0.3640429890625 0.350698803125
9 0.509382834375 0.1258719578125 0.499735690625 0.155215903125 0.49994841093750003 0.21217398437499999 0.50348554375 0.2357305484375 0.520497871875 0.27016640000000003 0.53001833125 0.278336090625 0.545007540625 0.28641032499999997 0.5675910609375 0.28184819375000003 0.580654121875 0.26911636875 0.60036054375 0.2340395890625 0.60321886875 0.21870726562499998 0.6032000953125001 0.17286029375 0.599517503125 0.140970396875 0.585702903125 0.110646665625 0.5705439921875 0.092850209375 0.5602907703125 0.08747193125 0.5306759999999999 0.092156796875 0.509382834375 0.1258719578125
11 0.51631164375 0.164651753125 0.5124781234375 0.1688866046875 0.510304075 0.1786497359375 0.5143800265625 0.188303775 0.5182620328125 0.1868467015625 0.51965483125 0.17709720625 0.5202663796875 0.1673613484375 0.51709289375 0.16463811718750002 0.51631164375 0.164651753125
11 0.5669607390625 0.2457370828125 0.562176265625 0.240263346875 0.559051265625 0.24031789374999998 0.5567317593750001 0.24174769375 0.553873434375 0.25708001875000003 0.5547759 0.264010825 0.5587306359374999 0.26672041874999997 0.5649563921875 0.2652224359375 0.567911690625 0.2554456671875 0.5669607390625 0.2457370828125
11 0.582028146875 0.2135199015625 0.5876423546875 0.2217577765625 0.5936984109375001 0.210537571875 0.5927474578124999 0.2008289875 0.5886957500000001 0.1925638375 0.583227 0.19265929531249998 0.5802717015625001 0.20243606406249998 0.582028146875 0.2135199015625
11 0.5353580296875 0.13653305625 0.5393127671875 0.13924265 0.5470040515625 0.1321618390625 0.54676161875 0.11827295 0.543563890625 0.1141608296875 0.5404388906250001 0.1142153765625 0.5343585921875 0.1240466921875 0.5353580296875 0.13653305625
11 0.5767400375 0.13442141875 0.5705627671875 0.1386971796875 0.569926975 0.1470441484375 0.5747356906250001 0.1539067734375 0.5786419406250001 0.153838590625 0.58010746875 0.14825576093749998 0.5806947734375 0.13713101249999998 0.5783025375 0.1343941453125 0.5767400375 0.13442141875
11 0.534075509375 0.242143159375 0.5290970921875 0.22555831249999997 0.5236283421875 0.22565377031249997 0.5213573203124999 0.2298613484375 0.5216482390625 0.24652801562499999 0.5302662312499999 0.24776689843750002 0.534075509375 0.242143159375
7 0.3792261421875 0.36988414999999997 0.364242403125 0.31735183437500003 0.364029684375 0.260393753125 0.3582215296875 0.24104476562500002 0.3242883765625 0.222186703125 0.3186499234375 0.21255993750000002 0.31171564687500003 0.2182382234375 0.2983616671875 0.21430338125 0.29696886875 0.22405287812500002 0.302372725 0.35455388593750004 0.3356700875 0.38175892031249997 0.37553808125 0.38245233437500004 0.3792261421875 0.36988414999999997
8 0.433480509375 0 0.42065324375 0.022258153125 0.4172998859375 0.0597322484375 0.4063267875 0.09110411562500001 0.3987557 0.1834657515625 0.3961087109375 0.2231281859375 0.403035253125 0.27556773749999997 0.41340429843750004 0.32438361250000003 0.4291731109375 0.36686861249999997 0.4514357578125 0.408349715625 0.480069434375 0.4417018890625 0.5387165625 0.47274908125000004 0.5901695390625 0.46472379531249997 0.6346468 0.4300954640625 0.6639303921875 0.38593213125000003 0.683606684375 0.3365932015625 0.7095746953125001 0.2746712046875 0.714906746875 0.1783654953125 0.70890406875 0.121457075 0.703949546875 0.067200615625 0.68869705625 0.025597150000000003 0.6793727296875 0 0.433480509375 0