2 0 0.64387744375 0.03635295625 0.86207874375 0.4623792421875 0.7601003734375 0.48365955937500005 0.742477603125 0.47599997656250004 0.30319284375 0.4733381203125 0.2872155796875 0.45150433593750006 0.2844158421875 0 0.3548937875 0 0.64387744375
5 0.037122165624999995 0.7298924015625 0.0504865796875 0.6904066640625001 0.0465803953125 0.6755107875 0.00453741875 0.6711123921875 0.029381425 0.820233528125 0.0336214265625 0.8200326531250001 0.1500366546875 0.7920237546875 0.1826658921875 0.7741189265624999 0.18922134531249998 0.7536152359375 0.18529193593749999 0.73002975 0.168331928125 0.73083325 0.1116337640625 0.749622759375 0.092185103125 0.7525890328125 0.0865507953125 0.744420865625 0.037122165624999995 0.7298924015625
0 0.036995409374999996 0.729131578125 0.0745680953125 0.7408988125 0.09355618437499999 0.7522684671875 0.1411637953125 0.73876620625 0.1752676453125 0.712612025 0.18085550625 0.7034009765625 0.17679934218749999 0.67905466875 0.1834815484375 0.6593118015625 0.21017651874999999 0.6143379421875 0.22361060781250003 0.6009210328125 0.244337453125 0.56287575625 0.2513767015625 0.536725746875 0.24452129218750002 0.538328575 0.2127793375 0.5615591578125 0.1966263125 0.5843068062500001 0.09050147187499999 0.6826319062499999 0.0778046921875 0.6919241390625 0.0345638375 0.7059863484375 0.036995409374999996 0.729131578125
1 0.08996059375 0.71358623125 0.10107922968750001 0.7204721375 0.12601221875 0.7162236 0.1359668359375 0.7075724984375 0.13817875468750002 0.69519846875 0.12919173281250002 0.6925569312500001 0.10786496718750001 0.6928004828125001 0.0894535734375 0.7105429421875 0.08996059375 0.71358623125
11 0.2182443546875 0.73971539375 0.2163894765625 0.7456822796875 0.2166429859375 0.7472039234375 0.2227610921875 0.749725771875 0.2352275859375 0.7476015031250001 0.245815978125 0.7427545125 0.2501595109375 0.7346248515625 0.2409189765625 0.7304616671875 0.22982356249999997 0.732265371875 0.2182443546875 0.73971539375
11 0.3672994546875 0.6511144437499999 0.379408909375 0.65539731875 0.392739465625 0.649909196875 0.3970829984375 0.6417795359375 0.393453546875 0.6370949109375 0.383222196875 0.635534759375 0.3725070515625 0.6396209296875 0.3662854140625 0.64502786875 0.3672994546875 0.6511144437499999
9 0.12371608125 0.5570879171875001 0.1541566234375 0.5602467265625 0.2104977453125 0.547864359375 0.23329912187500002 0.5393714562499999 0.26491431875 0.51538005 0.27161975 0.504326790625 0.27743789531249996 0.48794777656250005 0.2696487515625 0.4668456328125 0.25515417500000004 0.456796746875 0.21758148593749999 0.4450295140625 0.2019925625 0.4455124453125 0.156620096875 0.4553302875 0.12559222812499998 0.4657465875 0.09758325625 0.48573300625 0.08216753593750001 0.5043559796875 0.07833102343750001 0.515528928125 0.08726096562499999 0.543478471875 0.12371608125 0.5570879171875001
11 0.161092340625 0.542025503125 0.1658393625 0.5448679171874999 0.175817203125 0.544906425 0.184781003125 0.5388583546875 0.1827761453125 0.535374809375 0.1729250578125 0.5360971250000001 0.163200728125 0.5375802609375 0.160965584375 0.5412646796875 0.161092340625 0.542025503125
11 0.234000615625 0.47518033906249996 0.2292768171875 0.4810275328125 0.2297838375 0.48407082187499995 0.23153518593750003 0.48603272343750004 0.24712411093750003 0.4855497890625 0.2538527640625 0.48318613906249996 0.25596115468749997 0.47874089687500004 0.2535760296875 0.47297488750000005 0.2434714359375 0.47217555625 0.234000615625 0.47518033906249996
11 0.199930621875 0.4673369046875 0.20726982968750002 0.4600877578125 0.19528713125 0.45656570468749996 0.1858163109375 0.4595704859375 0.1782235953125 0.465297990625 0.1791108796875 0.47062374531250006 0.189215475 0.47142307499999997 0.199930621875 0.4673369046875
11 0.1305018171875 0.5294162625000001 0.1326102078125 0.5249710203125 0.1244872453125 0.5189656265625 0.110776425 0.5221712828125 0.107170196875 0.52617626875 0.10767721875 0.5292195578125 0.1182888328125 0.533062175 0.1305018171875 0.5294162625000001
11 0.12241271406250001 0.48941325625000004 0.1275400015625 0.4945381359375 0.13589325000000002 0.4933755640625 0.14198812968750002 0.4872078046875 0.14135435624999998 0.48340369375 0.135616515625 0.4831643109375 0.124521103125 0.4849680140625 0.12215920312499999 0.4878916125 0.12241271406250001 0.48941325625000004
11 0.23521108281249997 0.508096565625 0.21951862812499998 0.516508284375 0.2204059140625 0.5218340390625 0.2248994265625 0.523154809375 0.2413524125 0.5193080218749999 0.24132918750000001 0.5106184125000001 0.23521108281249997 0.508096565625
7 0.38408625937499996 0.63217090625 0.33426672812499997 0.6580471984375 0.27792560625 0.670429565625 0.259617740625 0.6802432390625001 0.2458730609375 0.7174465078125001 0.2371627734375 0.725016221875 0.24378789687500002 0.730581359375 0.2418294859375 0.74447703125 0.25168057187500004 0.7437547171875 0.380055275 0.7105782609375 0.40215320312499997 0.67221241875 0.3970597734375 0.6330899265625 0.38408625937499996 0.63217090625
8 0 0.6282166218749999 0.0050577140625000004 0.656536428125 0.034031726562499996 0.66597525 0.0716063390625 0.66124359375 0.1042461625 0.6652651796875 0.19675495 0.6529248515625 0.23639298281249999 0.6470349171875001 0.28728876406250003 0.629055034375 0.3340990921875 0.60848435625 0.3738608859375 0.583988140625 0.4116876921875 0.553358234375 0.440545603125 0.5182376234375 0.46277116874999996 0.4542690421875 0.44736926875 0.4056848265625 0.40664935937499996 0.3696061828125 0.35869520781249997 0.35041865781250003 0.3070115 0.34172931875 0.24196209062500001 0.3295788484375 0.145874409375 0.3449510390625 0.0904218109375 0.36298296093750004 0.0374419328125 0.37942338124999997 0 0.40229649375000004 0 0.6282166218749999