2 0.721295375 0.7958207109375001 0.7379641203125 0.7983370390625 0.7473426171875001 0.794288090625 0.812249146875 0.47164840625000004 0.8146325609374999 0.4086433078125 0.8339177687499999 0.3251597671875 0.8273733218749999 0.3148036953125 0.7464379140624999 0.297250996875 0.33014498125 0.224908840625 0.31347623593749996 0.2223925140625 0.2948684046875 0.2297322515625 0.2191602 0.6363554828125 0.22387120781249997 0.6414904921875 0.2425225546875 0.6484697234375 0.48782413281250003 0.7247946984375 0.721295375 0.7958207109375001
5 0.43448969843749996 0.668731690625 0.44190735156249994 0.6673793234375001 0.44861956875000003 0.6332621671875 0.44435604375000004 0.6258526796874999 0.41387435625 0.6135744890625 0.371176978125 0.5688757140625 0.367339175 0.5520322640625 0.34849514843749996 0.5314922234375 0.28879033593750003 0.522349021875 0.27866603749999996 0.530188765625 0.2782403140625 0.539622728125 0.2893248515625 0.548712484375 0.3248407734375 0.6226434078125 0.340785475 0.636110015625 0.40871901875 0.6615885078125 0.43448969843749996 0.668731690625
9 0.5208257984375 0.4698114203125 0.5565716171874999 0.46987301718749996 0.5789737328125 0.4650577578125 0.595300640625 0.4547714328125 0.60064865625 0.4203182234375 0.5696542140624999 0.388836053125 0.54492765625 0.3763857609375 0.5079450375000001 0.36807046718750003 0.47326510156249996 0.36986124062500003 0.44664297656249996 0.3815859828125 0.4366895984375 0.3958270546875 0.4350705921875 0.4113262875 0.444983603125 0.43364080156249996 0.4659376328125 0.45072609999999996 0.49354175624999996 0.46309034374999997 0.5208257984375 0.4698114203125
7 0.6281565828125 0.60038325625 0.5629110765625 0.6121324515625 0.551298325 0.678428340625 0.5572243718750001 0.6846575625 0.594377909375 0.6993741828125 0.6880821328125 0.7319958578125 0.70398331875 0.7311434953125 0.7142567765625001 0.7225455937499999 0.7262952515625 0.6468157437500001 0.6537563453125 0.6011251109375 0.6281565828125 0.60038325625
1 0.4168358078125 0.5912518234374999 0.4344212734375 0.5963786828125001 0.45273078437500003 0.5905552609375 0.454968190625 0.5791828765625 0.432053315625 0.5647941578125 0.41553373125000004 0.561519671875 0.40268102812500006 0.5686873078125 0.40376866875 0.577699165625 0.4168358078125 0.5912518234374999
0 0.3973298625 0.5522659640625001 0.37620806406249996 0.5796538906250001 0.40792655 0.6001857796875 0.45021681718749995 0.6106034499999999 0.46217455625000003 0.607984765625 0.5594088140625 0.5063425500000001 0.557255290625 0.49547832031250005 0.538753103125 0.48774093125 0.531186290625 0.48985145625 0.3973298625 0.5522659640625001
10 0.3468476109375 0.2975328109375 0.3201207015625 0.311011528125 0.293740240625 0.3415515328125 0.2855596609375 0.359598903125 0.27939566562499996 0.3956332765625 0.28367671875 0.41623610937500005 0.2998818515625 0.4562379265625 0.3055143 0.46997183906249995 0.290818634375 0.47406786875 0.296354571875 0.48829230937499996 0.324037559375 0.49819826875000006 0.35722604687500004 0.513061346875 0.380561909375 0.512122321875 0.4089880265625 0.50883630625 0.41305613281250003 0.49286248906249996 0.3959669953125 0.4526429078125 0.3723383375 0.42212942968749995 0.3669384828125 0.388391059375 0.37467474375 0.3537725953125 0.4076378703125 0.3274256578125 0.4566387703125 0.31840525 0.5148867625 0.31886456406249997 0.5579550390625 0.3258729765625 0.6015364359375 0.33969530625 0.64427683125 0.3671998015625 0.6698883625 0.373508875 0.706471990625 0.37583327031249997 0.7358481796875 0.36300716875 0.734965540625 0.36278974218750004 0.7245997953125001 0.340173721875 0.7166075875 0.32431560625 0.7156945140625 0.3148308609375 0.7038669390625001 0.29494134375000003 0.675275515625 0.30847506406249997 0.6443640609375 0.3008604203125 0.59725074375 0.2861680484375 0.5348486421875001 0.2738826921875 0.4759784609375 0.2624673796875 0.4326483703125 0.266197203125 0.396784803125 0.27433861406250004 0.3746912625 0.2642666375 0.345545084375 0.2570868484375 0.3244201859375 0.27503215625 0.3400581484375 0.2896870984375 0.3468476109375 0.2975328109375
8 0.6730356171875 0.3763413703125 0.6428963640625 0.3648017375 0.6125641 0.3542431625 0.5827130046875 0.3412316078125 0.5453294625 0.3335655546875 0.507752759375 0.3268813171875 0.47871838125000005 0.32384427968749996 0.43363679375 0.331772953125 0.4181689234375 0.339793971875 0.3931398578125 0.36346505625000003 0.3785162640625 0.390728 0.3697716375 0.416353340625 0.379529121875 0.4326463078125 0.399596784375 0.4530227578125 0.41039170937499997 0.487575834375 0.40642010781250004 0.503059121875 0.387047921875 0.516806675 0.3944318671875 0.5263417390625 0.4185003546875 0.5405011265625 0.4227231140625 0.5425707484375 0.501156 0.5670927406249999 0.53440513125 0.5726544953125 0.5700082484375 0.5752516546875001 0.6079571984375 0.5753400734375 0.644236015625 0.5745027734375 0.6787191171875 0.5639633 0.7253451109375 0.5481846499999999 0.75763239375 0.5252729296875 0.77754076875 0.49468151562499996 0.789529009375 0.4713989015625 0.7903409390625 0.4484497515625 0.7762731796875 0.402287725 0.7507951546875 0.376463290625 0.746958421875 0.37243155156249996 0.7289224859375001 0.3746761453125 0.699019396875 0.3760546265625 0.6730356171875 0.3763413703125
11 0.7024481984375 0.724406115625 0.7007639171875 0.7184268953124999 0.6918111421875001 0.7130418828125 0.6765066 0.710861609375 0.67000566875 0.71482450625 0.672159190625 0.7256887359374999 0.695648946875 0.7298853328125 0.7024481984375 0.724406115625
11 0.6302044625 0.6263246125 0.63154690625 0.61950118125 0.618799846875 0.6115916890624999 0.6074387484375 0.6111777359375 0.6023020203125 0.6154766875 0.6077805859375001 0.6239803875 0.6226376499999999 0.6284351390625 0.6302044625 0.6263246125
11 0.28548389687500003 0.48099448125000005 0.2927741484375 0.487559759375 0.304135246875 0.4879737125 0.31336458125 0.484682921875 0.3124261015625 0.47491290781249995 0.30347332968749996 0.46952789375000004 0.2924105515625 0.467597621875 0.2843962578125 0.471982625 0.28548389687500003 0.48099448125000005
11 0.327270565625 0.2758694453125 0.3350082984375 0.2801602453125 0.35408536874999996 0.2777055125 0.3572394953125 0.268943659375 0.35009840468750003 0.2616202234375 0.3391847890625 0.2589317921875 0.3302537734375 0.2607062640625 0.32511704531249996 0.265005215625 0.327270565625 0.2758694453125
11 0.68409173125 0.316073628125 0.69743543125 0.320950484375 0.714551659375 0.3211923359375 0.71924090625 0.319167859375 0.7172365468749999 0.30754547187500003 0.7084329312500001 0.3014023 0.6931283890625 0.29922202656249997 0.6805740078125 0.3048733453125 0.68409173125 0.316073628125
11 0.5629637546875 0.4301126953125 0.5566119828125 0.433317434375 0.558445425 0.43853849531250005 0.5634547515625 0.4421571875 0.576030890625 0.443665353125 0.5775224953125 0.43608376406250005 0.5629637546875 0.4301126953125
11 0.4741414546875 0.40902735625000003 0.47548389843749994 0.4022039234375 0.467895328125 0.397154965625 0.45941179375 0.39665496093749997 0.45913523125 0.4053307640625 0.4741414546875 0.40902735625000003
11 0.5222738859375 0.44791086093750004 0.517286315625 0.451451653125 0.521997321875 0.4565866640625 0.535788503125 0.45918904375 0.53956103125 0.4545540359375 0.534700865625 0.4501771875 0.5222738859375 0.44791086093750004
11 0.5652786328125 0.40760134375 0.5640340515625 0.40107384843749994 0.5548759609375 0.396208996875 0.546919971875 0.39625547656250004 0.5438301296875 0.399107165625 0.5419244953125 0.40427121250000003 0.5487891359375 0.4069510890625 0.5652786328125 0.40760134375
11 0.4951452265625 0.38431858750000003 0.49609887500000005 0.3901583671875 0.50100275625 0.3927717625 0.510144975 0.39221385 0.5169003703125 0.38725562187499996 0.5117957468750001 0.38198390312499997 0.4997047125 0.3810125609375 0.49454688750000003 0.38335403437500004 0.4951452265625 0.38431858750000003
11 0.4906024484375 0.4309493421875 0.47816153437500003 0.428084996875 0.4714689640625 0.4290452375 0.4677655234375 0.4313443484375 0.4678519859375 0.4345762609375 0.46850942343749996 0.43674534062500003 0.4765203859375 0.441930146875 0.48586198124999996 0.44403021875000004 0.4936187421875 0.44132499843749995 0.49590034843749997 0.43707072656249996 0.4906024484375 0.4309493421875