2 0.07109375 0 0.028125 0.025 0.01328125 0.015277778124999999 0 0.015277778124999999 0 0.6083333328125 0.00625 0.609722221875 0.00546875 0.622222221875 0 0.622222221875 0.00703125 0.6263888890625 0.0046875 0.6375 0.00703125 0.6416666671875 0.00625 0.6625 0.01171875 0.6805555562500001 0.0140625 0.7194444437499999 0.0140625 0.777777778125 0.0078125 0.7875 0.00546875 0.8 0.0203125 0.81805555625 0.0171875 0.8263888890625 0.04609375 0.8263888890625 0.1578125 0.7888888890625 0.178125 0.7861111109375 0.18046875 0.7819444437499999 0.1890625 0.784722221875 0.2390625 0.7666666671875 0.25078125 0.7583333328124999 0.32421875 0.7416666671875001 0.36015625 0.727777778125 0.61484375 0.6569444437499999 0.62265625 0.6513888890625 0.62265625 0.6569444437499999 0.6265625 0.6569444437499999 0.6375 0.6486111109375 0.6984375 0.63055555625 0.70390625 0.6263888890625 0.70390625 0.6180555562500001 0.7109375 0.6180555562500001 0.70703125 0.60694444375 0.71015625 0.602777778125 0.7125 0.5833333328125 0.7078125 0.575 0.703125 0.502777778125 0.66875 0.21944444375 0.66640625 0.18194444375000002 0.6515625 0.0638888890625 0.653125 0.059722221875 0.64296875 0 0.07109375 0
5 0.05625 0.34027777812500004 0.07109375 0.3875 0.0796875 0.39305555625 0.13359375 0.372222221875 0.13671875 0.35694444375 0.1359375 0.33055555625 0.12578125 0.2986111109375 0.125 0.27638888906250003 0.1796875 0.172222221875 0.196875 0.177777778125 0.20078125 0.165277778125 0.2140625 0.15 0.23203125 0.15555555625 0.23984375 0.16388888906250001 0.25546875 0.147222221875 0.25703125 0.10694444375 0.26328125 0.102777778125 0.25703125 0.07638888906249999 0.2484375 0.0625 0.2359375 0.059722221875 0.225 0.0486111109375 0.21953125 0.034722221875 0.21796875 0.015277778124999999 0.18046875 0.0236111109375 0.1625 0.034722221875 0.153125 0.03194444375 0.12890625 0.058333332812500006 0.0890625 0.06944444375 0.0671875 0.06805555625000001 0.0515625 0.0888888890625 0.04765625 0.115277778125 0.053125 0.20416666718749998 0.0546875 0.3236111109375 0.05625 0.34027777812500004
0 0.128125 0.2986111109375 0.13515625 0.325 0.1703125 0.352777778125 0.20625 0.34861111093749997 0.3328125 0.4 0.353125 0.40555555625000006 0.38984375 0.40277777812500004 0.38828125 0.3958333328125 0.375 0.3861111109375 0.3671875 0.3611111109375 0.32578125 0.3361111109375 0.22734375 0.24444444375000002 0.18203125 0.175 0.16953125 0.18194444375000002 0.13046875 0.252777778125 0.128125 0.2625 0.1328125 0.26527777812500003 0.1328125 0.272222221875 0.128125 0.2986111109375
1 0.196875 0.2611111109375 0.18515625 0.23055555625 0.17734375 0.23194444375 0.165625 0.2486111109375 0.16484375 0.2666666671875 0.16796875 0.27638888906250003 0.18359375 0.290277778125 0.196875 0.2611111109375
7 0.165625 0.684722221875 0.20390625 0.6763888890625 0.20625 0.66944444375 0.19765625 0.6541666671875 0.1953125 0.6333333328124999 0.1984375 0.625 0.2140625 0.6138888890625 0.203125 0.5666666671875 0.196875 0.4763888890625 0.14453125 0.459722221875 0.11640625 0.42222222187499997 0.10546875 0.43333333281249997 0.10234375 0.502777778125 0.11015625 0.652777778125 0.1265625 0.672222221875 0.165625 0.684722221875
9 0.40859375 0.415277778125 0.42734375 0.43055555625 0.46015625 0.43194444374999996 0.4828125 0.40694444374999994 0.4875 0.41111111093749997 0.50546875 0.3791666671875 0.51328125 0.34722222187499996 0.5140625 0.2625 0.50625 0.21944444375 0.48359375 0.175 0.4546875 0.15694444375 0.41171875 0.165277778125 0.3875 0.19305555624999998 0.375 0.23194444375 0.371875 0.2708333328125 0.37578125 0.334722221875 0.3953125 0.3916666671875 0.40859375 0.415277778125
11 0.1265625 0.46527777812500004 0.1265625 0.45 0.11484375 0.4388888890625 0.1046875 0.45 0.1046875 0.46805555625000006 0.1078125 0.475 0.11796875 0.4763888890625 0.1265625 0.46527777812500004
11 0.22265625 0.6347222218749999 0.21796875 0.6208333328125 0.20546875 0.6208333328125 0.19765625 0.6347222218749999 0.196875 0.6486111109375 0.20234375 0.6625 0.21953125 0.6611111109375 0.22265625 0.6347222218749999
11 0.08359375 0.1111111109375 0.08359375 0.1 0.07578125 0.0888888890625 0.059375 0.09444444375 0.0578125 0.11388888906250001 0.0671875 0.13055555624999998 0.0734375 0.13055555624999998 0.08359375 0.1111111109375
11 0.40078125 0.2916666671875 0.40234375 0.28194444375 0.396875 0.2625 0.390625 0.2611111109375 0.3859375 0.275 0.384375 0.28611111093749997 0.38984375 0.29722222187499997 0.39609375 0.2986111109375 0.40078125 0.2916666671875
11 0.42265625 0.3416666671875 0.4171875 0.334722221875 0.40859375 0.34027777812500004 0.409375 0.35972222187499997 0.41640625 0.372222221875 0.42421875 0.35694444375 0.42265625 0.3416666671875
11 0.47421875 0.3611111109375 0.4703125 0.33888888906250003 0.4625 0.3361111109375 0.45703125 0.3458333328125 0.45703125 0.3611111109375 0.4625 0.36944444375 0.46640625 0.3708333328125 0.47421875 0.3611111109375
11 0.49453125 0.2986111109375 0.49921875 0.2875 0.4984375 0.27638888906250003 0.49375 0.26527777812500003 0.48984375 0.2638888890625 0.48359375 0.272222221875 0.48203125 0.2833333328125 0.484375 0.29444444375 0.48984375 0.3 0.49453125 0.2986111109375
11 0.47421875 0.2208333328125 0.471875 0.2166666671875 0.47265625 0.20555555625 0.46328125 0.20138888906250002 0.46015625 0.20416666718749998 0.4625 0.2236111109375 0.46640625 0.22777777812500002 0.47421875 0.2208333328125
11 0.42734375 0.2138888890625 0.4234375 0.197222221875 0.41328125 0.20138888906250002 0.4125 0.2208333328125 0.41484375 0.2236111109375 0.41953125 0.225 0.42734375 0.2138888890625
8 0.24743515624999998 0.1543763890625 0.22678828125 0.216222221875 0.21755078125 0.2693708328125 0.21157421875 0.33508194375 0.22189765625 0.4423458328125 0.23276484375 0.481965278125 0.25612890625 0.5351138890625 0.27895 0.5757 0.316984375 0.62111805625 0.343609375 0.644309721875 0.394140625 0.6636361109375 0.43000234375 0.6723333328125001 0.45988671875 0.6723333328125001 0.5234593750000001 0.651075 0.5620375 0.6133875 0.5854015625 0.5766666671875 0.6201765625 0.507090278125 0.64191015625 0.43558055625 0.6495171875 0.38823055625 0.6500609374999999 0.291597221875 0.64843046875 0.23361666718750002 0.626153125 0.160175 0.6022453125 0.1031611109375 0.57996796875 0.0480791671875 0.55823359375 0.020055556250000002 0.53541328125 0.0036277781250000003 0.5283492187500001 0.0016958328125000002 0.33871875 0.0036277781250000003 0.317528125 0.026819443749999998 0.2854703125 0.054844443750000006 0.27297265625 0.0905986109375 0.24743515624999998 0.1543763890625