2 1 0.43442915312499997 0.539214190625 0.0695140078125 0.5012320781249999 0.044762721875 0.469714278125 0.03222160625 0.43803737500000006 0.023575642187500002 0.4114046421875 0.027813932812499997 0.082659303125 0.2686517640625 0.0766286953125 0.279917434375 0.319526609375 0.47019403593750003 0.3278565578125 0.4708237046875 0.5102209171875 0.6088569749999999 0.558514115625 0.653923565625 0.5734993015625001 0.6620892234375 0.597132640625 0.6630942531249999 0.6971992593749999 0.63393091875 0.975683265625 0.5666795796875 1 0.558548465625 1 0.43442915312499997
10 0.7388996390625 0.397182478125 0.7777291296875 0.435282215625 0.79219340625 0.49029461249999995 0.7727450796875 0.5232076453125 0.7313699453125 0.5474302953125 0.6695517859375 0.5607304203125001 0.5930984703125 0.5572955546875 0.5689559984375 0.5687550031249999 0.5616325296875 0.5775786375 0.562225340625 0.5971593296875 0.6115049765625 0.61807599375 0.625579146875 0.6144512609375 0.6506008109375 0.615561234375 0.6628729890625 0.6219589437499999 0.7148137718750001 0.6118193578125 0.7510056734375 0.612210828125 0.7619531687500001 0.6169455359375 0.963168303125 0.5321318515625 0.985075071875 0.5072190046875 0.9759613890625 0.491682825 0.9274018484375001 0.4872307328125 0.90856989375 0.47095994062499996 0.9150459874999999 0.44878785312499997 0.9073524515625 0.4325775890625 0.8864120812499999 0.3997372796875 0.8488118124999999 0.3656376359375 0.8258467046875 0.34827298125 0.7713001562499999 0.3199252703125 0.708137271875 0.297959159375 0.6742883125 0.2743017390625 0.6718616890625 0.2655225203125 0.6629907921875 0.2781363609375 0.6461717921875 0.28077217499999996 0.6324476484375 0.27582757812500003 0.6163605234375 0.26054570625 0.6024454546875 0.2602752890625 0.5713295421875 0.2719890453125 0.5499637234375 0.2836583828125 0.554116915625 0.318355475 0.5796359296875 0.341383228125 0.6125420546875 0.3540292890625 0.6597132718750001 0.358376434375 0.6636873234375 0.3633654484375 0.68441673125 0.3672767078125 0.6952369453125 0.375127534375 0.70905655 0.3777350390625 0.7388996390625 0.397182478125
5 0.55474506875 0.23478939062499998 0.5563561390625 0.2294411265625 0.5962793046875 0.20667159062499998 0.580478565625 0.1843784484375 0.5060181625 0.1662469609375 0.45796775 0.1493303921875 0.42474341875 0.14447463124999999 0.4083380890625 0.1369830578125 0.37627933750000003 0.13768545000000001 0.35753106562500003 0.15345982656249998 0.315053990625 0.1705662640625 0.3005979734375 0.1835393546875 0.335198846875 0.22288231875000003 0.34346515625 0.22507004687499998 0.3728427171875 0.22182067499999997 0.391336425 0.21227853749999998 0.40944828749999995 0.21208475781249997 0.45235907031249994 0.2184541609375 0.465892290625 0.2280729359375 0.5001549187500001 0.24160296875 0.5390598296875 0.24376238749999998 0.55474506875 0.23478939062499998
0 0.3716971765625 0.24986575000000003 0.3709334828125 0.2685624671875 0.4090311 0.32457989062500003 0.4463449828125 0.3656908046875 0.46564246562499995 0.40465840625 0.48996407656249996 0.4229070359375 0.4969057015625 0.423431759375 0.5015161609375001 0.41284017500000003 0.47810908750000003 0.30401419375 0.4747195875 0.250620384375 0.45330190625 0.22946552343749999 0.42989131093750005 0.223007284375 0.38656686093750003 0.2267652703125 0.3716971765625 0.24986575000000003
9 0.530511878125 0.41893916249999996 0.513024646875 0.437934603125 0.5148466796875 0.4615153875 0.532067565625 0.48313444375000003 0.568820459375 0.5038856359375 0.6060824796875 0.5121723499999999 0.640886059375 0.5124588765625 0.6719065093750001 0.503082209375 0.6991438328124999 0.484042353125 0.6961880421875 0.4541243828125 0.687106178125 0.43780917343750003 0.66139624375 0.4194555984375 0.6021437703125 0.4040365625 0.5757337812500001 0.40282164375 0.530511878125 0.41893916249999996
11 0.9616326546874999 0.501539796875 0.93945128125 0.499081653125 0.9295420859375 0.5030212203125 0.9263835890625 0.5121596890625 0.931682325 0.51881170625 0.953736415625 0.52438596875 0.96923073125 0.5200871515625 0.9737775515625 0.5110536265625 0.9616326546874999 0.501539796875
11 0.6556154609375 0.254135796875 0.6333704453125 0.2532357140625 0.6219774625000001 0.25940742499999997 0.6216592578125 0.2671977234375 0.6365171609375 0.27847950312499997 0.653208878125 0.2789598078125 0.666053825 0.27133498125 0.66507916875 0.2611026484375 0.6556154609375 0.254135796875
11 0.6211277875000001 0.6211476953124999 0.6222297265625001 0.628263909375 0.634470084375 0.6354406484374999 0.6569060234374999 0.6316665546875 0.6558359031250001 0.6237713109375 0.6463403750000001 0.6175834890624999 0.6324889484375 0.6157550140625 0.6211277875000001 0.6211476953124999
11 0.18630634375 0.288208059375 0.1886693265625 0.2985453359375 0.1996168203125 0.30328004218750004 0.21514295625000002 0.2982021953125 0.21536570156249998 0.2927489859375 0.2059019921875 0.2857821359375 0.19340706875 0.2848376328125 0.18630634375 0.288208059375
11 0.35163248125 0.331962609375 0.34078044687500003 0.32489081406250003 0.332418678125 0.325040175 0.3224776625 0.329758771875 0.324967928125 0.3369799296875 0.3331069515625 0.34228377656250003 0.3442135484375 0.34312333281249996 0.351377915625 0.33819484843750003 0.35163248125 0.331962609375
1 0.4343945296875 0.24913504843749998 0.4219950703125 0.2458534578125 0.41912295781250003 0.24798065781249998 0.41079301093750004 0.247350990625 0.3993045671875 0.255859790625 0.40150844531249996 0.2700922171875 0.42046768281249997 0.28324689062499997 0.435771075 0.283622253125 0.4414834765625 0.28014688125 0.4402542546875 0.2761467875 0.447291340625 0.2743344203125 0.448934228125 0.2682071265625 0.4491569734375 0.26275391875 0.44792775 0.25875382343750003 0.4343945296875 0.24913504843749998
11 0.6686442921875 0.44657228125000004 0.656308471875 0.44173262968750004 0.647914884375 0.44266102343749997 0.64359080625 0.44624133906249996 0.6447563875 0.451799490625 0.655735703125 0.45575516875 0.664129290625 0.4548267765625 0.66845336875 0.4512464609375 0.6686442921875 0.44657228125000004
11 0.6151678609375 0.4261198140625 0.605704153125 0.4191529640625 0.5945020953125 0.4206504953125 0.59017801875 0.42423081093750004 0.5941202484375 0.429998853125 0.6037748796875 0.432291525 0.6122002890625 0.43058410468749997 0.613747715625 0.42679389843750004 0.6151678609375 0.4261198140625
11 0.5916700640625 0.489984153125 0.5941921484375 0.49642628125000005 0.599649984375 0.49918315 0.606591609375 0.499707871875 0.612399471875 0.49389541093749995 0.6152397640625 0.4925472421875 0.607132559375 0.48646436406250004 0.5916700640625 0.489984153125
11 0.6585323937500001 0.4895682859375 0.6656649390625 0.48541883124999996 0.6658240421875 0.48152367968750004 0.6549083687499999 0.47600994375 0.64215888125 0.48129768281249996 0.6488141187500001 0.48883367343749995 0.6585323937500001 0.4895682859375
11 0.5646154046875 0.43636434375000005 0.5564763796875 0.4310604984375 0.5509230796875 0.43064072031249995 0.543917815625 0.43167405625 0.5395619171875 0.4360334015625 0.5435041484375 0.44180144375 0.5517068140625 0.44554723125000006 0.5644244796875 0.441038525 0.5646154046875 0.43636434375000005
11 0.5673166328125 0.472514553125 0.5620815375 0.46430447656249996 0.5552035562500001 0.46222169218750003 0.5424540703125 0.4675094296875 0.5422631453125 0.4721836078125 0.549013846875 0.4773825109375 0.5615087671875 0.4783270125 0.5672848125 0.4732935828125 0.5673166328125 0.472514553125
8 0.777013053125 0.5084884187500001 0.7886960843749999 0.48461255625 0.791942734375 0.46803132812500003 0.7831593 0.4418871234375 0.771995921875 0.4215722546875 0.7516416109375 0.40609128749999995 0.7208166140625 0.38477154375 0.7044083578125 0.37752199218750004 0.6743362453125 0.36923879843749996 0.6374223531250001 0.36067989218749996 0.6048167624999999 0.35148392500000003 0.5806738046875 0.34485155 0.5577370453125 0.3296567375 0.5532053765625 0.3252272796875 0.542033584375 0.3051524546875 0.5388562921875 0.288567 0.5378685421875 0.2812804703125 0.5081118421874999 0.28624300156250004 0.49006981562499996 0.28752278593749997 0.46066241249999995 0.29443483125 0.413237875 0.31248400625 0.384386175 0.33722586875 0.3716272796875 0.355972334375 0.35637235 0.3834244171875 0.3506117921875 0.3986137703125 0.346967528125 0.4081952453125 0.35320848437499996 0.4399143296875 0.3606908953125 0.46644155156249995 0.3789362765625 0.49161778125 0.4106707140625 0.5221412484375 0.45612778593750003 0.5522594921875 0.497676521875 0.5731887859375 0.5422521328125 0.5933841578125 0.5566929218750001 0.5963988609374999 0.5576281390625 0.5839697171875 0.56202893125 0.5706014734375 0.5844033046875 0.5576291390625 0.6101800703125 0.555731403125 0.6503179218749999 0.55876545625 0.6800060796875 0.55548095625 0.7141311140625 0.5484457171875 0.7388809546874999 0.5402204359375 0.7617514421875 0.525603171875 0.777013053125 0.5084884187500001
7 0.2020864375 0.274798990625 0.1931609046875 0.289023146875 0.2186571765625 0.314789675 0.254444734375 0.3485710015625 0.293742840625 0.37069768125 0.3223804640625 0.3566859328125 0.3434572734375 0.34210265624999997 0.3567104828125 0.33331309375 0.3712070453125 0.3126990703125 0.37450819687500003 0.30613683593749996 0.34338276562500003 0.30676443125 0.3188043171875 0.314271246875 0.2966377171875 0.299825440625 0.2677250640625 0.2648610453125 0.250600665625 0.2523694140625 0.2020864375 0.274798990625