2 0.3185191484375 0.8459016515625001 0.322307421875 0.8618565437499999 0.5496974921875 0.74498776875 0.5536361249999999 0.73003035 0.5348192671875001 0.22003983749999997 0.5276250828125 0.210675209375 0.5175801078125 0.2093784984375 0.306979628125 0.2848290421875 0.30284583125000003 0.31100916875 0.3185191484375 0.8459016515625001
5 0.49469709531249995 0.43419447031249997 0.5059499 0.4328351265625 0.5161452343749999 0.403219525 0.523752153125 0.39998354375 0.5256126859375 0.3931937859375 0.5178569140625 0.2825255765625 0.511630584375 0.2620379921875 0.48989766875 0.264856428125 0.43763949531249996 0.2862301359375 0.4247661328125 0.3028461421875 0.42148020468749997 0.31366985937499997 0.42420303906249995 0.3463590609375 0.43458556875000004 0.350511321875 0.442072503125 0.343041890625 0.46061707343749997 0.34543581875 0.47932643593749996 0.37175280625 0.4766852453125 0.4234333859375 0.49469709531249995 0.43419447031249997
0 0.4298662765625 0.41035956249999994 0.404508371875 0.5659626671875 0.41747931875 0.5437353093749999 0.4495883015625 0.4452431984375 0.47736832187499995 0.38415391875 0.47877131406249995 0.3702751578125 0.46015953437499996 0.33834681875 0.44361788437499994 0.343241384375 0.430669340625 0.375313546875 0.4298662765625 0.41035956249999994
1 0.460009175 0.36925912968749997 0.450519321875 0.3694400671875 0.443489928125 0.3839985 0.44252207187500003 0.395121459375 0.44739818593749997 0.4041868421875 0.46007638437500004 0.398793540625 0.46389503125 0.37960266875 0.460009175 0.36925912968749997
9 0.42334569218749996 0.5515225390625 0.40156000000000003 0.5796419328125 0.39493536875 0.6265903265625 0.4026094984375 0.65288875625 0.4197510765625 0.669161446875 0.44918849375000003 0.6574956765625 0.46324728125 0.6283788140625 0.46873129375 0.6136208859375001 0.47129730781249995 0.5773964625 0.46441827187499995 0.5610425828125 0.45126013125000003 0.54950208125 0.42334569218749996 0.5515225390625
7 0.337578559375 0.39563411406250004 0.34061654375 0.4213340625 0.3570606125 0.4220508484375 0.394322515625 0.40577120000000005 0.39772842812500003 0.3991809328125 0.40886921562499995 0.3485975703125 0.402785275 0.34218824375 0.3994321390625 0.3234775484375 0.351907690625 0.33983838906249997 0.3469563953125 0.346229159375 0.337578559375 0.39563411406250004
11 0.40807412187500003 0.338653021875 0.4110224953125 0.324973753125 0.403513159375 0.32259838125 0.40000966406250005 0.3348 0.40807412187500003 0.338653021875
11 0.3552976625 0.42322925624999996 0.34634052656250003 0.4150430359375 0.34194435625 0.42291145781250006 0.342184328125 0.431378359375 0.3502487859375 0.43523137968750003 0.3552976625 0.42322925624999996
11 0.512425678125 0.271982540625 0.5068968593750001 0.2670508625 0.500400184375 0.2732421390625 0.4987796234375 0.28849880156249996 0.5092597375000001 0.287039709375 0.512425678125 0.271982540625
11 0.43111789843750004 0.5635530156249999 0.43034792343749995 0.568429409375 0.43234999218750003 0.5739856171875 0.43565154531249994 0.5747323828125 0.438751865625 0.5741919984375 0.4407560828125 0.5708963875 0.44252725625 0.563099653125 0.4413073984375 0.5582869578125 0.4389099515625 0.5563732390625 0.434166984375 0.55848858125 0.43111789843750004 0.5635530156249999
11 0.41684455312499996 0.5973592734375 0.4193716546875 0.5934984671875 0.4191725703125 0.5833595 0.41701891562500004 0.5776248453124999 0.410285446875 0.584941278125 0.40922563749999996 0.5899405375 0.41062166875 0.594775975 0.4137403796875 0.598388440625 0.41684455312499996 0.5973592734375
11 0.4132985171875 0.63965055625 0.41701101874999996 0.6363716015625 0.41773728437499996 0.6289208281249999 0.41542113125 0.6236460453125 0.40910786093749996 0.6220296484375 0.40573145000000005 0.6268901421875 0.40722257656250005 0.6351080062500001 0.411487740625 0.6388698749999999 0.4132985171875 0.63965055625
11 0.433697071875 0.6574966015625 0.43597698749999997 0.653588421875 0.43698786093750003 0.6437659296875 0.433141990625 0.6413432625000001 0.42847555000000004 0.6441124265625 0.42526163281249996 0.648513046875 0.426373271875 0.6557188234375 0.42820217187500004 0.6572385828125 0.433697071875 0.6574966015625
11 0.4536119765625 0.615414675 0.45202487031249994 0.61520979375 0.45173503437500007 0.6153326609375 0.4479670203125 0.6198220359375 0.4473265046875 0.6261604968750001 0.448709075 0.63051194375 0.4512848140625 0.63357346875 0.454748090625 0.6338602625 0.4585666984375 0.6290554484374999 0.4587409875 0.6228184921875 0.45667329843750004 0.6159701453124999 0.4536119765625 0.615414675
11 0.4506346203125 0.58469193125 0.4510058734375 0.5874688796875 0.453089209375 0.5914468125 0.45605113125 0.5908491953125 0.45870272031250003 0.588302184375 0.4603000546875 0.58160639375 0.45874131093750004 0.5772322062499999 0.4561069625 0.5762495984375 0.45303896874999994 0.578582571875 0.4506346203125 0.58469193125
8 0.43622272500000003 0.7840760859375 0.4548324390625 0.770967571875 0.472131034375 0.7554219453125001 0.49389844531250005 0.7343990234375 0.5034520484375 0.706126253125 0.5140391125 0.6753380124999999 0.52685563125 0.6331116375 0.5320069953125001 0.6004870671875 0.534015075 0.5689695734375 0.5318989125 0.5380557125000001 0.5309180734375001 0.5106923078125 0.5261670406250001 0.4964606015625 0.5162101453125 0.47626051093750005 0.5055176734375 0.45937076875000005 0.48972645937500003 0.445226721875 0.472623571875 0.42864408593750003 0.45994681249999997 0.4270076359375 0.42550515781250003 0.42878162968750005 0.4109493875 0.4418665421875 0.3915405359375 0.456006525 0.3786126796875 0.474765253125 0.3469720125 0.527423578125 0.337207975 0.567774734375 0.328269325 0.6055849671875 0.324051459375 0.6443814125 0.326433784375 0.674952825 0.331234184375 0.6982693656250001 0.3363009625 0.7212420828125 0.3463027421875 0.7478789515625001 0.35928083125 0.765063746875 0.3807156 0.78107095625 0.39732036718749997 0.787376196875 0.4138285234375 0.7902636656250001 0.43622272500000003 0.7840760859375