2 0.5966380515624999 0.310394709375 0.3475134640625 0.4214790296875 0.3414596703125 0.42952808593749997 0.352867775 0.4519464 0.4210314984375 0.67185198125 0.438066809375 0.7190053468750001 0.4433813921875 0.74236623125 0.4498272703125 0.749904321875 0.48939545000000007 0.73667114375 0.552945646875 0.7040805515625 0.6895386796875 0.6459661718749999 0.69424526875 0.6423930875 0.6954162968750001 0.6336767875 0.6761131671875 0.56269125625 0.5966380515624999 0.310394709375
5 0.6366469265625 0.621429528125 0.655592478125 0.62845665625 0.6648294796875 0.61707015625 0.634664025 0.5122016687500001 0.6191348421875 0.488998290625 0.6072604140625 0.49225759375000006 0.602280934375 0.5015629984375 0.6018715968749999 0.510161478125 0.613808234375 0.5453007828125 0.6088287546875 0.5546061875 0.6060773609375001 0.5806372671875 0.602445084375 0.5854667015625 0.582015884375 0.5857817062499999 0.5784060859375 0.6219032578125 0.58059444375 0.6315224453125 0.5934464687500001 0.6394921390625 0.6046784 0.6576701234375 0.63098521875 0.6450657343749999 0.6366469265625 0.621429528125
0 0.6022239515625001 0.5186421375 0.5860125390625 0.5097695578125 0.5634744453125 0.5146783546875 0.5112476671875 0.4999965390625 0.5038069359375 0.5054150749999999 0.511815928125 0.519824015625 0.5325974828125 0.5279896703125 0.572091428125 0.5560212609375 0.5877173234375 0.569251990625 0.59756231875 0.5847994578125 0.6045539796875 0.580872909375 0.60654368125 0.5549596484375 0.612284853125 0.5455364234375 0.6022239515625001 0.5186421375
1 0.590252809375 0.531874090625 0.5833975921875 0.5329344781249999 0.5811919828125001 0.5475009203125001 0.5878140390625 0.5592793406250001 0.5960561906249999 0.560849471875 0.6001375343750001 0.554528046875 0.5991599359374999 0.5432990484375 0.590252809375 0.531874090625
7 0.5581149046875 0.42873323750000003 0.56759029375 0.45998567343749996 0.586086775 0.46850479062500006 0.5963808390625001 0.4825602671875 0.606282815625 0.4810285953125 0.6111258515625 0.47458935 0.583461378125 0.3807142203125 0.5587349234375 0.37600383125 0.5467240515625 0.3821292953125 0.5444217265625 0.4066683859375 0.5581149046875 0.42873323750000003
9 0.4667172578125 0.498349490625 0.454297046875 0.5130734343750001 0.45140920937500006 0.5419706765625001 0.4630729546875 0.5828422984375 0.4690697640625 0.59187238125 0.487742425 0.6046318281249999 0.5064720671875 0.6003121359375 0.51266230625 0.58939691875 0.5148281859375 0.5677239890625 0.5051368890625 0.5251247343750001 0.49314326875000003 0.5070645687499999 0.4784552390625 0.497956346875 0.4667172578125 0.498349490625
11 0.6058510015625 0.458334959375 0.599757475 0.4592775265625 0.6013603187500001 0.4732548625 0.6076300203125 0.4765526234375 0.6100515390625 0.47333300312500004 0.6058510015625 0.458334959375
11 0.5451834171875001 0.4065505640625 0.5493044921875 0.4073356296875 0.5518624562500001 0.40124984843749995 0.5507484109375 0.392887009375 0.5461385375 0.38648744375 0.54067025625 0.3901783515625 0.5451834171875001 0.4065505640625
8 0.3931054421875 0.531052584375 0.396023546875 0.5580758890624999 0.40278192187500006 0.5857555703124999 0.41937546562500005 0.6252344562500001 0.42547405312500003 0.6388606265625 0.4428236359375 0.6624026421875 0.45708756875 0.676432971875 0.46944082812500004 0.684095734375 0.49105704687499996 0.6969873640625 0.5030209812499999 0.698883678125 0.520189840625 0.6983091 0.53897414375 0.6916579640625 0.5479947078125 0.68568351875 0.5582533078125 0.6699425390625 0.564238140625 0.6556948203124999 0.5732554578125 0.633485575 0.57684728125 0.5904675484374999 0.575312603125 0.5715563 0.5710884203125 0.5580555687500001 0.5674494796875 0.5298947843749999 0.5638134765625 0.5179674265624999 0.5615524953125 0.51218465 0.55736554375 0.49773502187499996 0.5484258859375 0.47871880000000006 0.537326325 0.45629116875 0.5239475125 0.43296711875 0.5099748 0.4151462296875 0.489039121875 0.4042304859375 0.4710632390625 0.39618705 0.451380175 0.39382039999999996 0.4373429796875 0.39599172031249996 0.4244429296875 0.402149459375 0.410464484375 0.41472032187499996 0.3998751359375 0.4350901546875 0.3945426453125 0.4542328828125 0.3904671 0.4748455390625 0.3932376546875 0.5073029609375 0.3931054421875 0.531052584375
11 0.46317748593749997 0.5129885890625 0.46050281875000004 0.5191991125000001 0.46253835624999995 0.5264378671875 0.4657815328125 0.5308538765625 0.46833747812500004 0.53010715 0.470402625 0.5259241234375 0.46976449374999996 0.5196982765625 0.46317748593749997 0.5129885890625
11 0.4670408453125 0.5603457984375 0.4688289140625 0.5570833296875 0.4674899296875 0.5499118015625 0.4637497453125 0.5441672125 0.45916426250000003 0.5454028453124999 0.45927643281249997 0.551885021875 0.461059096875 0.5575824640625 0.4634849859375 0.560544465625 0.4670408453125 0.5603457984375
11 0.477492034375 0.58788813125 0.4792229625 0.5877953578125 0.483060646875 0.5875530953125 0.4836386859375 0.5832487359375 0.4816631328125 0.5767034296875 0.4792149484375 0.5732171187499999 0.47582600625 0.57286363125 0.4732951984375 0.5779978109374999 0.47489447812499996 0.58460131875 0.477492034375 0.58788813125
11 0.49420740468749996 0.5719521265624999 0.49291159218749997 0.5756662078125 0.49456180312500003 0.5812077453125 0.49740006406250004 0.5872682390625 0.501137090625 0.589148309375 0.5033449546875 0.5868749984375 0.5025759328125 0.5873453171875 0.5041978484375 0.5846348859375 0.5042738140624999 0.5781236078124999 0.5017004593750001 0.5723749234375 0.4974496421875 0.5695188124999999 0.49420740468749996 0.5719521265624999
11 0.49794986718749995 0.548187459375 0.4999328375 0.5526234328124999 0.5016948015625 0.5548090140624999 0.5031489687499999 0.5556381703125 0.505680171875 0.558238209375 0.5074303312499999 0.5539218234375001 0.5062453328125 0.547430625 0.503168 0.542461203125 0.5011501828125 0.541719234375 0.49822378437500003 0.543402384375 0.49794986718749995 0.548187459375
11 0.48124252343749996 0.5158160546875 0.48185253437500003 0.5206393703125001 0.48387427031249997 0.525245740625 0.485841603125 0.5270481890625 0.48715780468750003 0.5268445953125 0.489768225 0.5259144703125 0.49124076875 0.5234035359375 0.48948039843749996 0.5182304015625 0.4870929609375 0.515437421875 0.4837154265625 0.513851684375 0.48124252343749996 0.5158160546875
11 0.6495152281250001 0.60852965625 0.65084780625 0.61507341875 0.6532718296875 0.6175107984375 0.656884528125 0.616951975 0.6594973921875 0.6154225890625 0.65963534375 0.6078078 0.655550096875 0.5994408140624999 0.653009828125 0.597864975 0.6493864328125001 0.6018011109375 0.6495152281250001 0.60852965625