2 0.0215267765625 0.7398273359374999 0.4354470484375 0.75684935 0.45955769843749994 0.745458315625 0.54117650625 0.31284820468749996 0.5418447375000001 0.2964552828125 0.521338075 0.2876795890625 0.024488728125 0.2262251171875 0.014040468750000002 0.4825396140625 0.0215267765625 0.7398273359374999
5 0.07587448125 0.637654109375 0.031109846875000003 0.609760815625 0.0520101390625 0.5747574140625 0.051258225000000004 0.5590804687500001 0.0158542203125 0.5448742109375 0.020296998437499998 0.6975625796875 0.1275053171875 0.7018435249999999 0.1626271015625 0.6933114265625 0.17310906875 0.6750291093749999 0.17409550625 0.650830034375 0.15756289375000002 0.646931940625 0.0990305125 0.6496815359375 0.07965760937500001 0.6472154015625 0.07587448125 0.637654109375
0 0.0311416671875 0.6089802 0.0650224484375 0.6308920984374999 0.0810459328125 0.6472800375000001 0.1297327578125 0.6472004499999999 0.167949396875 0.63099146875 0.1752092265625 0.623508496875 0.176227484375 0.5985288046874999 0.18667763125 0.5810271046875 0.22155662812500002 0.544328215625 0.2372418671875 0.5348912125 0.2649565015625 0.5033334515625 0.2770495359375 0.4796514625 0.2701079125 0.4793282828125 0.23476338437500002 0.493324690625 0.2145631453125 0.5111545546875 0.0922079109375 0.5781930859375 0.07807010156250001 0.58379165 0.033484609375 0.585626375 0.0311416671875 0.6089802
1 0.0854136125 0.608378540625 0.0947500375 0.618198378125 0.1196762390625 0.6209230578125 0.13103740156250002 0.6151952203125 0.1356796828125 0.6036798984375 0.1275406609375 0.5986083921875001 0.10690671249999999 0.592955159375 0.08554089375 0.6052560796875001 0.0854136125 0.608378540625
11 0.203938596875 0.6694255625000001 0.200939203125 0.6747605984375 0.2008755609375 0.6763218296875 0.20626975781249998 0.68048345 0.21873285937500003 0.6818457890625 0.22993491718749998 0.6800210296875 0.23577460156250002 0.6732540359375 0.2276992171875 0.666621296875 0.21662444218750002 0.6653235937499999 0.203938596875 0.6694255625000001
11 0.36575973125 0.6237768578125 0.37657994375000003 0.631319484375 0.3905586515625 0.6296239984375 0.39639833593749996 0.622857003125 0.3938444296875 0.617263425 0.384285259375 0.6129078953125 0.373115021875 0.6139520375 0.36601429531249996 0.6175319359375 0.36575973125 0.6237768578125
9 0.1497055125 0.46433756718749997 0.1784466640625 0.4758429234375 0.2353361546875 0.4792736125 0.2590649546875 0.4772499640625 0.29444130468749996 0.4624729421875 0.3031531 0.45349337343749996 0.3120876375 0.43904949687499994 0.3088454609375 0.41621774375 0.29689148906249996 0.402365559375 0.2630107046875 0.3804536609375 0.24786641718750002 0.376620203125 0.20208352343749997 0.3737066 0.170024775 0.375342434375 0.13894068125 0.387190903125 0.12028787031249999 0.40118232656249997 0.11432090312500001 0.41107178125 0.1172766984375 0.440929075 0.1497055125 0.46433756718749997
11 0.18883316875 0.4599024515625 0.19283904062499999 0.46399943749999994 0.20246185 0.46679373437500005 0.21233922500000002 0.46334310937499995 0.211110003125 0.45937539687499995 0.201455371875 0.45736171406250004 0.19176892031249998 0.45612864843749995 0.1888649890625 0.45912183593749994 0.18883316875 0.4599024515625
11 0.2727490203125 0.4145372078125 0.267004796875 0.41896235624999995 0.266877515625 0.42208481718749996 0.268170378125 0.4244913 0.2833146671875 0.42832475781249996 0.290288109375 0.427867321875 0.2932238625 0.4240935171875 0.292090103125 0.417783959375 0.2824991125 0.41420904375 0.2727490203125 0.4145372078125
11 0.2414539625 0.3974382734375 0.2500066546875 0.3923617828125 0.23915462187499997 0.3855997703125 0.22940452812499998 0.385927934375 0.2209154796875 0.3894431953125 0.22069273437499998 0.394907503125 0.230283725 0.39848241562500003 0.2414539625 0.3974382734375
11 0.1618621890625 0.43909434999999997 0.164797940625 0.43532054374999996 0.158174525 0.4271912109375 0.144291278125 0.42654485 0.1399990203125 0.429473403125 0.1398717390625 0.4325958640625 0.149335446875 0.43929324062499997 0.1618621890625 0.43909434999999997
11 0.162160353125 0.39765709843749997 0.16607076406250001 0.4040959296875 0.174368890625 0.4052643609375 0.1815014390625 0.4009038484375 0.181660540625 0.397000771875 0.17617088281249998 0.395180996875 0.16509610624999999 0.39388329375 0.1622239953125 0.3960958671875 0.162160353125 0.39765709843749997
11 0.26724758125000003 0.4471291453125 0.2503967625 0.4510372046875 0.2501740171875 0.45650151250000004 0.25424352968749997 0.45903726718750004 0.2709034265625 0.4598129 0.2726417765625 0.45129076562500003 0.26724758125000003 0.4471291453125
7 0.3858008671875 0.6098500703124999 0.332471759375 0.6214449796875 0.27558227031250004 0.6180142875 0.2559229796875 0.622573690625 0.23511815 0.6552352484374999 0.22517713437500003 0.660247103125 0.23044404687500003 0.6675311859375 0.2257381234375 0.6806077375 0.23539275625 0.682621421875 0.3660225546875 0.6855747421875 0.39512551406249996 0.6540816171875 0.3981366859375 0.6143348703125 0.3858008671875 0.6098500703124999
8 0.3856945625 0.559806565625 0.4284115078125 0.5402399609375 0.46338162499999996 0.5137946953125 0.4977956375 0.4572464375 0.49277429375 0.40537941093749996 0.46078200625 0.3587731328125 0.4183846015625 0.3267213640625 0.3702601875 0.303927340625 0.3099365234375 0.274048928125 0.21407782343749998 0.2625675125 0.156901175 0.264918790625 0.10243367968749999 0.26639355 0.0600022578125 0.2789556921875 0.0320190171875 0.28717725625 0.02194021875 0.29372655625 0.015209932812499998 0.5227315 0.015399967187499999 0.5292625609375 0.041078425 0.546268953125 0.07830422031249999 0.5520126609375 0.10899329218750001 0.5649711187500001 0.20078330000000003 0.5784349890625 0.24023540781250002 0.583613653125 0.2930032703125 0.58005446875 0.3423528265625 0.572827653125 0.3856945625 0.559806565625