2 0.6182099515624999 0.27011373125000004 0.5683526015625 0.3003775515625 0.3182510609375 0.48822424062499997 0.43221054375 0.8622384265624999 0.44024850468750004 0.8693703218750001 0.45032236406250004 0.8677812921875001 0.739721325 0.6597362703125 0.7427751687499999 0.6466548859375 0.7400500437499999 0.6316851375 0.65495145 0.35251593593749997 0.6304770578125 0.2793784546875 0.6182099515624999 0.27011373125000004
5 0.6732303109375 0.6408251796875 0.69109909375 0.650606271875 0.7028542625 0.637552321875 0.70305149375 0.6207216437499999 0.664445465625 0.4994145546875 0.6511146078125 0.481917840625 0.6332916296875 0.48472920156250004 0.6234408671875 0.5002826796875001 0.6252137890625 0.5140026640625 0.6410267359375 0.5507073515625 0.6301181484375 0.607026646875 0.6003627078125 0.62151995625 0.6028248578125 0.6589306125000001 0.59917339375 0.673506225 0.60774323125 0.6847541140625 0.6351998 0.70142263125 0.6611464234375 0.6819302609375 0.665349703125 0.6532679640625 0.6732303109375 0.6408251796875
9 0.52076393125 0.5990766046875 0.5092458734374999 0.5588945187500001 0.5031780640625 0.5486519296875 0.4866818140625 0.5372543750000001 0.470408659375 0.5398212703125 0.45907381718750007 0.5500089890625001 0.45376098125000003 0.5578468437499999 0.447764840625 0.590991834375 0.448342521875 0.6077002796875 0.45831075625000006 0.6481268328125 0.4661056828125 0.659496953125 0.48587887343749997 0.6717775765625 0.501377115625 0.6693329140625 0.513907196875 0.6561567328125 0.5222938171875 0.6170348156250001 0.52076393125 0.5990766046875
7 0.564464028125 0.3681892 0.5666373375 0.39724563125 0.5640695640625 0.40185055781249995 0.5869483296875 0.462640053125 0.597067990625 0.4736434734375 0.619408953125 0.48131916874999997 0.6398654484375 0.46829265624999994 0.628235840625 0.42112834687499995 0.6069069 0.360094384375 0.5992235234375001 0.3557064875 0.576751071875 0.35925124531249997 0.564464028125 0.3681892
11 0.6331542156250001 0.4469518484375 0.624984765625 0.451040409375 0.625628190625 0.46213862656250004 0.631341415625 0.4696372203125 0.6368315453125 0.4631713609375 0.6331542156250001 0.4469518484375
11 0.5630257515625 0.37541589062499997 0.5552108859375 0.3822484484375 0.5553224343750001 0.389230671875 0.561212953125 0.3981012640625 0.5650875125 0.3974900984375 0.5680756125 0.3900189390625 0.5668345687499999 0.3804149515625 0.5630257515625 0.37541589062499997
11 0.6928660890625 0.61532845 0.6863122078125 0.6135623156250001 0.6846966390625 0.6194170078125001 0.6872444734375 0.633014759375 0.6932007328124999 0.636275121875 0.6973183296875 0.6314257296875 0.6970294906250001 0.62307150625 0.6928660890625 0.61532845
0 0.63086126875 0.5271114796874999 0.6116199546875001 0.5189468546875 0.589790928125 0.53358983125 0.5211982749999999 0.5290098921874999 0.5071841125 0.5368203125 0.5071183687499999 0.5424305406250001 0.5155109140625 0.5523064296875 0.57425280625 0.5724398484375001 0.6221917343750001 0.6068769796875 0.62839103125 0.605899115625 0.63137913125 0.5984279578125 0.6349389875 0.5586674421875 0.637506759375 0.5540625140625 0.63086126875 0.5271114796874999
1 0.6226977453125 0.5801978453125 0.6255085546875 0.571354690625 0.6239129250000001 0.55900670625 0.6189746125 0.5513858828125 0.6105163234375001 0.54712021875 0.601860803125 0.5596852343750001 0.604585928125 0.5746549828124999 0.6095242390625 0.5822758078125 0.6226977453125 0.5801978453125
8 0.374003078125 0.5641306546875 0.3770625296875 0.607846325 0.380358425 0.646104040625 0.3819316640625 0.6692072812500001 0.397493484375 0.7021940812499999 0.4086174921875 0.720871878125 0.42475864531249996 0.7437603515625 0.43854574843750005 0.7611836984375 0.45577306875 0.7797317500000001 0.46684163593749994 0.783405078125 0.4905413921875 0.7900922578125 0.5069355546875001 0.7912581796875 0.530078840625 0.7863574390625 0.5472682359375 0.773637675 0.560389475 0.7494695265625 0.5742821328125001 0.7331006921875 0.579777865625 0.7209752968750001 0.5875727375 0.6993146734375 0.589651996875 0.6789728109375 0.5923569468750001 0.6543617578125 0.596730421875 0.62990470625 0.5961188671875 0.6033150578125 0.5947514375 0.5872687703125 0.588551078125 0.5611435 0.58162941875 0.5291793593749999 0.575595540625 0.5118993984375 0.5686387109375 0.49631898281250003 0.5543299265625 0.46938817187500004 0.5440170515625 0.455170109375 0.5290382921875 0.441270846875 0.5122382078125 0.4205708578125 0.49601341093749995 0.4097870671875 0.48013927343749996 0.40353424687499995 0.4585968359375 0.40443057031249996 0.438407578125 0.41762212656250003 0.42530463125000006 0.42552680625 0.40468184375 0.446291953125 0.3894123671875 0.4720519296875 0.3794162484375 0.4948941484375 0.372441834375 0.5301856015624999 0.374003078125 0.5641306546875
11 0.4908616015625 0.5728555328125 0.4958971390625 0.568054540625 0.49341723281250005 0.55664681875 0.486799740625 0.5521243921875 0.4833201984375 0.5553457796875 0.4833640734375 0.56736035 0.48472667812500003 0.5691487640624999 0.490889790625 0.5730736796875 0.4908616015625 0.5728555328125
11 0.46517008281249994 0.5802483734375 0.47099886875 0.57866116875 0.46921641562499994 0.5707049421875 0.4655656671875 0.5648241703125 0.460961709375 0.564214825 0.4588260828125 0.5681132 0.45898905624999997 0.5752119109375 0.4615628625 0.5785900265625 0.46517008281249994 0.5802483734375
11 0.45711410468749997 0.6200321171875001 0.45858140937499997 0.6206910437500001 0.4610424671875 0.6225357859375 0.46438122968749995 0.618885815625 0.46262045937499996 0.6091454140625 0.458258809375 0.6036007718749999 0.4544577796875 0.6053133093749999 0.45397710625 0.612289553125 0.45436148281250005 0.6162370187499999 0.45711410468749997 0.6200321171875001
11 0.4735482984375 0.6499427859375 0.4757339625 0.6522691546875 0.48052497031249997 0.655298934375 0.4833789546875 0.6530679984375001 0.48412044062500004 0.6500559124999999 0.48269734375000006 0.6429347765625 0.478118059375 0.6376456593750001 0.473929659375 0.638306328125 0.4726921609375 0.644290378125 0.4735482984375 0.6499427859375
11 0.49825035937499995 0.64560114375 0.501252575 0.6464631468750001 0.5052895765625001 0.6456037640625001 0.5063911921875001 0.64342665 0.50740018125 0.6385930125 0.505192490625 0.6302586734375 0.49994728125 0.6266327578124999 0.4962591859375 0.6292192578125 0.496648271875 0.6380616546875 0.49825035937499995 0.64560114375
11 0.502628175 0.599718359375 0.5046704953125001 0.60384809375 0.5087319171875 0.606102578125 0.5123918234375 0.6032979296875001 0.5125036374999999 0.5963798703125 0.5095840968750001 0.588380409375 0.5059094484375 0.5871792859375 0.50172910625 0.5898420343749999 0.5011455296875 0.595055153125 0.502628175 0.599718359375