2 0.27734375 0.6 0.45078125 0.5736111109375 0.6390625 0.5416666671875 0.6484375 0.534722221875 0.66015625 0.47361111093749997 0.615625 0.115277778125 0.609375 0.1111111109375 0.26796875 0.1583333328125 0.25859375 0.172222221875 0.2390625 0.5416666671875 0.253125 0.577777778125 0.265625 0.5958333328125 0.27734375 0.6
5 0.31796875 0.334722221875 0.32890625 0.325 0.32578125 0.30694444375 0.32734375 0.2888888890625 0.3390625 0.25694444375000003 0.36328125 0.24305555625 0.375 0.22916666718749998 0.3703125 0.18055555625 0.35703125 0.1763888890625 0.29296875 0.23611111093749998 0.2890625 0.24305555625 0.290625 0.25833333281250004 0.28515625 0.2791666671875 0.284375 0.325 0.3 0.33888888906250003 0.31796875 0.34305555625 0.31796875 0.334722221875
0 0.4125 0.34027777812500004 0.43515625 0.352777778125 0.453125 0.352777778125 0.45390625 0.34444444375 0.4484375 0.3333333328125 0.40390625 0.29722222187499997 0.36484375 0.25 0.34609375 0.2486111109375 0.3328125 0.27638888906250003 0.3296875 0.302777778125 0.3453125 0.32083333281250004 0.3765625 0.334722221875 0.4125 0.34027777812500004
1 0.35078125 0.30555555624999997 0.35859375 0.30555555624999997 0.36484375 0.3013888890625 0.3671875 0.29722222187499997 0.371875 0.2833333328125 0.3703125 0.27638888906250003 0.36875 0.2736111109375 0.36328125 0.26805555625 0.36015625 0.2666666671875 0.35625 0.2666666671875 0.35546875 0.26805555625 0.35 0.26944444375 0.34765625 0.272222221875 0.34296875 0.28194444375 0.3421875 0.2875 0.3421875 0.29722222187499997 0.34375 0.3 0.35078125 0.30555555624999997
10 0.44296875 0.24722222187499998 0.48046875 0.20277777812500003 0.50390625 0.19583333281249998 0.52890625 0.20138888906250002 0.5390625 0.215277778125 0.5546875 0.21944444375 0.5671875 0.23472222187499997 0.58359375 0.2791666671875 0.571875 0.375 0.571875 0.3888888890625 0.57734375 0.39444444375 0.58046875 0.41944444374999995 0.59375 0.434722221875 0.6015625 0.434722221875 0.6234375 0.41111111093749997 0.61875 0.40138888906250003 0.62421875 0.38333333281250004 0.62421875 0.25694444375000003 0.5953125 0.15694444375 0.590625 0.16388888906250001 0.571875 0.16388888906250001 0.540625 0.140277778125 0.4796875 0.134722221875 0.4 0.1861111109375 0.3984375 0.19583333281249998 0.39609375 0.2236111109375 0.40234375 0.24722222187499998 0.40859375 0.25 0.44296875 0.24722222187499998
9 0.515625 0.365277778125 0.5328125 0.3513888890625 0.5421875 0.3291666671875 0.54609375 0.30555555624999997 0.53984375 0.272222221875 0.50546875 0.2513888890625 0.47578125 0.26805555625 0.46640625 0.28055555625 0.46328125 0.3013888890625 0.4640625 0.31944444375000003 0.4703125 0.34027777812500004 0.49375 0.36666666718749996 0.515625 0.365277778125
11 0.30390625 0.50555555625 0.2984375 0.4986111109375 0.290625 0.5041666671875 0.28984375 0.5208333328125 0.29453125 0.527777778125 0.3015625 0.525 0.30390625 0.50555555625
11 0.37109375 0.4458333328125 0.37265625 0.4361111109375 0.36953125 0.4291666671875 0.36015625 0.43055555625 0.3578125 0.4388888890625 0.3609375 0.4486111109375 0.365625 0.4513888890625 0.37109375 0.4458333328125
11 0.4171875 0.17361111093749998 0.41328125 0.1625 0.40625 0.1625 0.4015625 0.16944444375 0.4 0.177777778125 0.40546875 0.184722221875 0.4140625 0.18194444375000002 0.4171875 0.17361111093749998
11 0.59375 0.15 0.5875 0.13888888906250002 0.57734375 0.14444444375 0.57734375 0.15555555625 0.5828125 0.1611111109375 0.59140625 0.1583333328125 0.59375 0.15
11 0.64140625 0.40416666718750005 0.63671875 0.3861111109375 0.62578125 0.3861111109375 0.6234375 0.4 0.628125 0.40972222187499996 0.634375 0.41111111093749997 0.64140625 0.40416666718750005
7 0.35205078125 0.519902778125 0.37201015625 0.508452778125 0.37233203125 0.47009305625 0.37361953125 0.447765278125 0.36975625 0.42772777812499996 0.3536609375 0.42486527812499997 0.35205078125 0.44719305625 0.33563359375 0.45234583281249996 0.2947734375 0.45617361093750003 0.29217499999999996 0.49413888906250003 0.29281875 0.5347888890625 0.319215625 0.520475 0.35205078125 0.519902778125
11 0.50078125 0.352777778125 0.503125 0.352777778125 0.50546875 0.35 0.50625 0.34305555625 0.5046875 0.3375 0.50234375 0.334722221875 0.49765625 0.334722221875 0.496875 0.33888888906250003 0.496875 0.34444444375 0.49765625 0.34861111093749997 0.50078125 0.352777778125
11 0.5242296875 0.3324541671875 0.5272484375000001 0.3341958328125 0.5302671875 0.3314388890625 0.53100078125 0.32534583281249996 0.52985859375 0.32200833281249996 0.52708515625 0.31852638906249997 0.5267593749999999 0.31852638906249997 0.524475 0.3167861109375 0.522271875 0.32171805625 0.52243515625 0.328102778125 0.5242296875 0.3324541671875
11 0.530675 0.2974888890625 0.533775 0.295022221875 0.5327140625 0.2871888890625 0.52896171875 0.2824 0.5256171875 0.28399583281249996 0.52398515625 0.2889291671875 0.52586171875 0.2953125 0.530675 0.2974888890625
11 0.5048140625 0.2750013890625 0.5072617187499999 0.2750013890625 0.5093828125 0.2726791671875 0.5110140624999999 0.26731111093750004 0.51076953125 0.26324861093749996 0.50704140625 0.26128194374999997 0.5039984375000001 0.2620888890625 0.50261171875 0.26731111093750004 0.5031015625 0.272534721875 0.5048140625 0.2750013890625
11 0.48246171875000005 0.2916861109375 0.484990625 0.2927013890625 0.4877640625 0.28965416718750003 0.48841718749999996 0.28385138906249996 0.487275 0.280659721875 0.48413203125 0.27694583281249996 0.4822984375 0.2784833328125 0.47903515625 0.28269027812499997 0.48017734375 0.28791388906250004 0.48246171875000005 0.2916861109375
11 0.47976953125 0.329552778125 0.484175 0.32621666718750003 0.48450156250000004 0.3192513890625 0.48335937500000004 0.3164958328125 0.48011796875 0.3131486109375 0.47773046875 0.3154791671875 0.47609843749999997 0.3222986109375 0.47846484375 0.32723194375000003 0.47976953125 0.329552778125
8 0.41798124999999997 0.45992777812499996 0.43909062499999996 0.4817263890625 0.46258359374999997 0.489597221875 0.488459375 0.49807499999999993 0.5197828125 0.5023138890625 0.5446375 0.490202778125 0.55961796875 0.47990972187500003 0.58447265625 0.4677986109375 0.60251796875 0.442972221875 0.586175 0.4290458328125 0.572215625 0.399375 0.572215625 0.3721263890625 0.57800390625 0.3436666671875 0.5824296875 0.31641944375 0.5837921875000001 0.277059721875 0.57800390625 0.256472221875 0.5647249999999999 0.22559027812500002 0.54974453125 0.21105833281250003 0.53238046875 0.20560833281250002 0.50956875 0.1983416671875 0.5031 0.199552778125 0.48437343750000006 0.204397221875 0.46939296875 0.2201416671875 0.44555937500000004 0.24315138906249997 0.43806953125000003 0.2473888890625 0.41866250000000005 0.2498111109375 0.40674609375 0.2473888890625 0.40129843750000005 0.241334721875 0.396871875 0.2370958328125 0.3869984375 0.2637388890625 0.38041171875 0.34009444375000003 0.38563671875 0.3594111109375 0.39074375 0.39453055625 0.40504375000000004 0.43510138906250007 0.41798124999999997 0.45992777812499996