2 0.2177907828125 0 0.2447728234375 0.423479678125 0.258636034375 0.446117109375 0.6979150203125 0.476936565625 0.7143071046875 0.475694825 0.7209005046875 0.45429453906250006 0.7292735328125 0 0.2177907828125 0
5 0.2601307703125 0 0.26733905625 0.111044678125 0.2795071296875 0.144957621875 0.29880670625 0.1532493515625 0.3230045453125 0.15141631093750002 0.32515696250000004 0.1345326015625 0.3162983390625 0.0766813609375 0.3167279578125 0.05714138125 0.32585239062500004 0.0522700203125 0.3489441984375 0.004538953125 0.3859822 0.0212406734375 0.4015128859375 0.0186708 0.4068057515625 0 0.2601307703125 0
0 0.3497247734375 0.004479823437500001 0.33145040468750003 0.0406988515625 0.31680878125 0.058528646875 0.3219793375 0.10690555156249999 0.3421148140625 0.143001721875 0.3503246859375 0.149346746875 0.3753031015625 0.1474545734375 0.39382210156249997 0.1558054328125 0.43401006718749996 0.1862024171875 0.445046609375 0.20069364374999998 0.47936642812499997 0.2245682125 0.5042108562500001 0.23383329531250002 0.5038067374999999 0.22689696874999998 0.4861746359375 0.193397934375 0.4663092921875 0.1753953484375 0.3867649375 0.061589634375 0.37971209687499996 0.0481900234375 0.3732228609375 0.0040931765625 0.3497247734375 0.004479823437500001
1 0.35599919999999996 0.058346659375 0.3471980625 0.0687670828125 0.3470917359375 0.09385612343750001 0.3539829296875 0.1044812046875 0.365934034375 0.1077560453125 0.37013254375 0.0990776703125 0.373603640625 0.07791390312499999 0.3591215015625 0.058110137500000006 0.35599919999999996 0.058346659375
11 0.30761000781250003 0.1832370203125 0.30198433125 0.1808764015625 0.30042318125 0.18099466250000001 0.2968435984375 0.1868393765625 0.2967904375 0.19938389843749998 0.299778753125 0.21030463125 0.30712722812500004 0.2153215203125 0.31288688750000004 0.206524884375 0.3130208734375 0.195367628125 0.30761000781250003 0.1832370203125
11 0.36998386562499996 0.33875169375 0.363605275 0.35038199375 0.3667552390625 0.36407725625 0.3741037140625 0.3690941453125 0.37940609375 0.3659057015625 0.38274320624999997 0.35589919062500003 0.3805354640625 0.344919328125 0.37622846875 0.3382786515625 0.36998386562499996 0.33875169375
9 0.5061419796875 0.10549529843750001 0.497691796875 0.13539657031250002 0.5002249937500001 0.1923335890625 0.5047212984375 0.2156805828125 0.5231339765625 0.24912048437499998 0.5329858234375 0.2567345125 0.5483016984375 0.263934628125 0.570695915625 0.25805805 0.5832382843749999 0.24456744375 0.601512653125 0.2083484125 0.6037458953125 0.192851971875 0.6018592859375 0.1470130765625 0.5968780390624999 0.11534249062499999 0.581830134375 0.08582786406250001 0.56594849375 0.0689168890625 0.55547771875 0.06413652343750001 0.5260583234375 0.0705452734375 0.5061419796875 0.10549529843750001
11 0.5146496484374999 0.14386569062500001 0.5109892406250001 0.14832314062500002 0.5092132796875 0.158211390625 0.5136819234375001 0.16762659687499998 0.5175039765625 0.16594367968749998 0.5184993625 0.15611455937500002 0.518714171875 0.146344571875 0.515430221875 0.1438065609375 0.5146496484374999 0.14386569062500001
11 0.5685945 0.22198914531249997 0.563587753125 0.216794865625 0.5604654499999999 0.2170313875 0.558204546875 0.21859604375 0.55597130625 0.23409248593749998 0.557156 0.2409696828125 0.561220525 0.24344856250000002 0.5673843062499999 0.24158825312499999 0.569940840625 0.2316408734375 0.5685945 0.22198914531249997
11 0.5823470625 0.1888994296875 0.5882960328125 0.196809109375 0.593894046875 0.185237940625 0.59254770625 0.1755862125 0.5881598859375 0.16755827343750002 0.5826958578125 0.167972184375 0.5801393218750001 0.177919565625 0.5823470625 0.1888994296875
11 0.532547559375 0.11464212031250001 0.536612084375 0.11712099843749998 0.5440137203125001 0.10959336875 0.54320548125 0.0957207125 0.5398407093750001 0.0917954375 0.5367184078125 0.092031959375 0.5310395703124999 0.10221586093749999 0.532547559375 0.11464212031250001
11 0.5738372328125 0.11012094375 0.5678351 0.11475578281250001 0.5675394671875 0.12313850625 0.5726270390625 0.12972005312499998 0.5765299171875 0.12942440156249999 0.577767771875 0.123757078125 0.5779017578125 0.1125998234375 0.575398384375 0.1100026828125 0.5738372328125 0.11012094375
11 0.5355678593750001 0.22031082500000002 0.529914521875 0.20401841874999999 0.5244504937500001 0.2044323328125 0.5223512390625 0.20877152031250001 0.523321125 0.22541870937500003 0.5319882765624999 0.2261555375 0.5355678593750001 0.22031082500000002
7 0.38594633125 0.357049934375 0.368824671875 0.3053981890625 0.3662914734375 0.24846117343750002 0.3596959140625 0.2294533671875 0.32499963906249996 0.21257425625 0.31896984375000004 0.20327731093749998 0.3122679609375 0.20935854531250003 0.2987557078125 0.20620196562499998 0.297760321875 0.21603108437500002 0.308480053125 0.3461975265625 0.3428806953125 0.3714593609375 0.3827708671875 0.369830978125 0.38594633125 0.357049934375
8 0.41686506718749994 0 0.41320460625 0.007064396874999999 0.41137847812499995 0.044728065625 0.4016851609375 0.07673416875 0.39787810156250003 0.16952263437499998 0.3968473921875 0.20933317499999998 0.4059093015625 0.26136137656249997 0.418265559375 0.3095659796875 0.4357628359375 0.35112622187500003 0.45971206093749994 0.3913045515625 0.4897001671875 0.422984178125 0.5496032468750001 0.4506113546875 0.60072143125 0.4395909515625 0.6437811359375 0.40237778593750007 0.671261025 0.3565158640625 0.68892421875 0.306038609375 0.71236553125 0.24261380937500002 0.7137732109375 0.146012259375 0.705452959375 0.08946206718750001 0.6982887484375 0.035502396874999995 0.6835108437499999 0 0.41686506718749994 0