2 0.20332260156249998 0.3560727703125 0.19850916406250002 0.388346646875 0.1929510546875 0.664507440625 0.19669797656250002 0.704742284375 0.20097815468750002 0.7087227671874999 0.4874447375 0.7622329015625 0.4905752328125 0.720283515625 0.48809637656250005 0.42498979062500003 0.4792776109375 0.414254009375 0.20332260156249998 0.3560727703125
5 0.229633253125 0.4286967 0.2240478796875 0.444285328125 0.22598923124999998 0.4567356546875 0.22052648437500003 0.49043328906249994 0.2212984203125 0.5071185375 0.2420532953125 0.520083909375 0.2501099890625 0.4890520453125 0.26075734375000004 0.46904675312500005 0.283854334375 0.46518147968749995 0.2868424703125 0.45528787968750006 0.2909934453125 0.4578809515625 0.2943691953125 0.4521495765625 0.29075476718750004 0.40494134531250003 0.2784310484375 0.3985495296875 0.2710302390625 0.4114360375 0.24443158281250002 0.4112844796875 0.23417184062500002 0.435451996875 0.229633253125 0.4286967
10 0.45087763125 0.7054156921875 0.4615216984375 0.693771196875 0.46930682968750004 0.6934077125 0.469571815625 0.6794609312500001 0.4738552828125 0.675080615625 0.47542875156250003 0.6332039265625 0.4803615265625 0.627399853125 0.482441946875 0.616155190625 0.48284600156249996 0.5785134234375 0.47378855781249996 0.5148380312499999 0.4644562625 0.49019181874999995 0.464330346875 0.48044361249999995 0.47095264375 0.46759345156250004 0.4678418765625 0.4593780484375 0.4562933828125 0.4613106828125 0.4177750609375 0.41712554218750003 0.3819700265625 0.4020759765625 0.36328570781249997 0.4029483421875 0.338108296875 0.4180582734375 0.3263013953125 0.41721609375 0.31967909843750003 0.43006625468750004 0.3141035890625 0.42057248593749996 0.309296728125 0.4361247671875 0.30604360625 0.459965146875 0.31057890625 0.47508124531249996 0.3230285421875 0.49122126718750003 0.3374293921875 0.49472921718749996 0.3646872234375 0.46837462343749997 0.382205415625 0.46337638437499995 0.4124316546875 0.4772929796875 0.431364515625 0.504277828125 0.44329075781249994 0.5315898140625 0.44910823437499997 0.5856623921875 0.44390389687500004 0.6221348437499999 0.4380601125 0.6349486546875001 0.4381860296875 0.6446968609375 0.43390256093749996 0.649077178125 0.437907890625 0.6920868359375 0.45087763125 0.7054156921875
9 0.35842294375 0.5606341968749999 0.3590656765625 0.5759320390625 0.365933228125 0.5992998890625 0.37760435000000003 0.6154762593750001 0.39161429999999997 0.623182784375 0.40082725625000004 0.62135919375 0.41082201406249996 0.61113845625 0.418613721875 0.5940533734375 0.42030981875 0.5702856890625 0.4164271171875 0.5453850359375 0.41150091718750004 0.5344675109375 0.4024237421875 0.5209569125 0.387635278125 0.5132867375 0.37686529687500003 0.5151830234375 0.366870540625 0.5254037625 0.36050665312499997 0.5410287390625 0.35842294375 0.5606341968749999
0 0.24764195625 0.49613448125000004 0.2450414328125 0.51019030625 0.24724447968750002 0.5170546515625001 0.26384508906250004 0.535787746875 0.286935503125 0.5486440734375 0.2917324984375 0.5581741874999999 0.3205309140625 0.573550890625 0.34128250000000004 0.594877059375 0.36152055625 0.6022927984375 0.351926565625 0.5832325640625 0.3106883796875 0.5266334453125 0.29694670156249997 0.496619340625 0.280478584375 0.4709128546875 0.2761984046875 0.46693237343750005 0.26075734375000004 0.46904675312500005 0.2524488171875 0.4805822015625 0.24764195625 0.49613448125000004
1 0.2634706296875 0.49818232656249994 0.2632056453125 0.5121291078125 0.2730613328125 0.5256033578125 0.281624978125 0.525203525 0.288118071875 0.51096595625 0.2870844375 0.49986668749999996 0.2780072640625 0.486356090625 0.2694436171875 0.4867559234375 0.2634706296875 0.49818232656249994
11 0.228759378125 0.671196209375 0.2344673796875 0.6737165859375 0.238750846875 0.6693362703125 0.2368094953125 0.65688594375 0.227596540625 0.658709534375 0.228759378125 0.671196209375
11 0.281323821875 0.631119090625 0.2882012375 0.6294045453125 0.288983040625 0.621007396875 0.2860014796875 0.6141794015625 0.2784747546875 0.6173177046875 0.281323821875 0.631119090625
11 0.3173435578125 0.4301753 0.3242209734375 0.4284607546875 0.3272091109375 0.418567153125 0.32137519375 0.40629856875000003 0.3159256015625 0.4065530078125 0.31190054218749996 0.4137081421875 0.312934175 0.4248074078125 0.3173435578125 0.4301753
11 0.4673250609375 0.45382841406249996 0.4648636046875 0.44418925312499996 0.4543553203125 0.44049955625 0.45434874374999995 0.45722115468749996 0.45797961249999997 0.46262539374999995 0.46407851562499997 0.4609472 0.4673250609375 0.45382841406249996
11 0.4726792921875 0.6960371359375 0.47760877968750004 0.6985938625 0.4817630421875 0.6928261359375 0.47852636249999997 0.6748625234375 0.4704795328125 0.6808119921875 0.4726792921875 0.6960371359375
7 0.28988410781249996 0.6861059 0.29470429062500003 0.6386654984375 0.29052184375 0.6158021171875 0.2817368328125 0.6030359078124999 0.2759744734375 0.618310915625 0.26044217812500003 0.6102518609375001 0.226682478125 0.604873428125 0.22445187500000002 0.649265303125 0.22448585625 0.6496301921875001 0.22250231718750002 0.670218925 0.240011503125 0.675258059375 0.28988410781249996 0.6861059
8 0.4323616390625 0.6728654859375001 0.4322302484375 0.6582307375 0.43656541562499995 0.6342381140625 0.44679610312499995 0.60740769375 0.4518456421875 0.584478353125 0.4486894421875 0.5505867421875 0.441308009375 0.519820025 0.432217559375 0.503773984375 0.4218318671875 0.48925153125 0.40507522500000004 0.4746614546875 0.3939036109375 0.4671317515625 0.3793565859375 0.46744447187500004 0.3661371875 0.47098929843750004 0.351927334375 0.479338975 0.34224893437500004 0.4878435484375 0.3290623921875 0.49394938125000004 0.32494043906250003 0.493775359375 0.317413753125 0.48790506406249995 0.30886375781250003 0.484278609375 0.3013982546875 0.496705515625 0.2986013359375 0.5063519109375 0.29614124531249997 0.5262313375 0.294905975 0.5504470953125 0.29394755781250004 0.5612213374999999 0.29493101875 0.5771637593750001 0.2968994453125 0.598300928125 0.3012858609375 0.6211547859375 0.3041746625 0.64115095 0.3135679578125 0.6670651328125 0.325007228125 0.6884930578125 0.3350519046875 0.703761596875 0.34496138906249996 0.7153786656250001 0.362025284375 0.726660303125 0.3810678390625 0.73272448125 0.40004225625 0.7358656171875 0.423959309375 0.7325528765625 0.44491566875000005 0.7194960874999999 0.45302849062500006 0.7074040375 0.44403726250000003 0.699039584375 0.4323616390625 0.6728654859375001
11 0.384063234375 0.5925424296874999 0.381539571875 0.59591255 0.3813178953125 0.6033304312500001 0.38417484218750003 0.6089798203125001 0.38938774375 0.609458234375 0.39066794531250004 0.6036170765625 0.3897454046875 0.5980599109375 0.3872242078125 0.5938412359374999 0.384063234375 0.5925424296874999
11 0.4082964640625 0.5915921359375 0.407119934375 0.589839775 0.40421157812499997 0.586904421875 0.40359000624999997 0.5867536875 0.40263131406249997 0.587340496875 0.4006622578125 0.591225378125 0.40203845937500005 0.5973048046875 0.4041227015625 0.6000974890624999 0.40565370625 0.6002071546875001 0.40753753593750003 0.597590103125 0.4082964640625 0.5915921359375
11 0.41202290937499997 0.5641359703125 0.4114701375 0.55928334375 0.409940634375 0.55700680625 0.40844518750000003 0.5529213890625 0.40632607343749994 0.5530203296875 0.40464378749999996 0.554543875 0.403868153125 0.56144556875 0.4069929765625 0.568888353125 0.4081700625 0.5695551953125 0.41076087499999997 0.5679892343749999 0.41202290937499997 0.5641359703125
11 0.396966846875 0.5308724203125 0.39537037812500003 0.5289599109374999 0.39197352812499997 0.5273112156249999 0.390072253125 0.5297493265625 0.3893634546875 0.5362856093749999 0.3923556625 0.540121390625 0.395280815625 0.5432371078125 0.3971820890625 0.5407989953125 0.39757056562500004 0.53518061875 0.396966846875 0.5308724203125
11 0.3780278125 0.53970625625 0.3765491265625 0.53688390625 0.3746999828125 0.534441146875 0.3700398171875 0.539898065625 0.37057601562500003 0.545655809375 0.373231790625 0.5491450046875 0.3759216203125 0.5508253171875 0.3773854765625 0.549130825 0.37888351875000004 0.5456288375 0.3780278125 0.53970625625
11 0.368713415625 0.580070190625 0.371168240625 0.5824846703125 0.373170165625 0.58112735 0.3749869375 0.577790234375 0.37535939375 0.5719914578124999 0.3743683875 0.568965190625 0.3720483625 0.5669067109375 0.36927339843749996 0.5675783234375 0.36895375937499997 0.5674120984375 0.36814575625 0.5685339218750001 0.36678319843749996 0.57130778125 0.3668146984375 0.5760035984375 0.368713415625 0.580070190625