2 1 0.237927640625 0.9885760546875 0.1402295328125 0.5593595625 0.19527203125 0.5373354124999999 0.21057730624999998 0.524473846875 0.651655971875 0.5263805609375 0.66796228125 0.5480034171875 0.673184759375 1 0.6525823328125 1 0.237927640625
5 1 0.2379276421875 0.9935698296875 0.182936528125 0.9893360546875 0.1826685234375 0.8720424296875 0.1978521109375 0.8386979484375001 0.21218387500000002 0.8312100953125 0.23200612031249998 0.8340247703125 0.25607733593750004 0.850959871875 0.25714935625 0.9083260125000001 0.24459511875 0.9278415109375 0.2437751671875 0.933074040625 0.252584571875 0.98164308125 0.2726154265625 0.9664857874999999 0.3107069390625 0.9696827000000001 0.326067259375 1 0.3326579203125 1 0.2379276421875
0 0.9817338765624999 0.2733919171875 0.944848353125 0.2574405359375 0.9264605171875001 0.24394466406249998 0.8783981437499999 0.2522064703125 0.8431996343750001 0.27464213125 0.8372026265624999 0.28325451562500004 0.840108096875 0.3081022234375 0.83252945 0.3271479796875 0.8038346140625 0.369263915625 0.789824034375 0.3812227453125 0.7673985921875001 0.41705577031249996 0.7591653203125001 0.44248294843749997 0.766070284375 0.441635471875 0.7987791984375 0.4218682734375 0.815934 0.400859559375 0.9262553953125 0.31406931875 0.9393389578125 0.306162440625 0.9830767609375 0.29685613593750004 0.9817338765624999 0.2733919171875
1 0.9282383265625 0.2831081953125 0.9174818234375 0.27497677187499997 0.892442353125 0.2764747046875 0.8821207765624999 0.28404259375 0.879339734375 0.2961984421875 0.8881704687499999 0.29984041562499997 0.9094301437500001 0.30195693125 0.9286015109375001 0.286214159375 0.9282383265625 0.2831081953125
11 0.8016454109375 0.242723434375 0.8037718265624999 0.2369490078125 0.8035902328125 0.235396025 0.7976122812499999 0.23219155156250001 0.7850925453125 0.23294051875 0.7743169875 0.23662595312499998 0.7696101796875 0.244292353125 0.77862250625 0.2494873078125 0.789761246875 0.24890783593750002 0.8016454109375 0.242723434375
11 0.6490053171875 0.3150167671875 0.63714020625 0.30938431093749996 0.6236026640625 0.3134087359375 0.618895853125 0.321075134375 0.6222934109375 0.3261715796875 0.6324143421875 0.3288675671875 0.643280696875 0.3259586234375 0.6497316843750001 0.32122869375 0.6490053171875 0.3150167671875
9 0.88730624375 0.43620727343750004 0.857125040625 0.4296722921875 0.800413525 0.4358451078125 0.7772998249999999 0.44183249062499996 0.7446817078125 0.46237618124999996 0.7374853 0.47271104062499997 0.7309244640625 0.4884813390625 0.7377005249999999 0.5104910874999999 0.7516729921875 0.522165975 0.7885585171875 0.5381173546875 0.8041126249999999 0.5393588703125001 0.849776196875 0.5345420171875 0.88117585625 0.5275376625 0.9100141765625 0.5106084234375 0.9262419640624999 0.49365165781250003 0.930585590625 0.48287929687500003 0.922992365625 0.4538811296875 0.88730624375 0.43620727343750004
11 0.8493648015625 0.44716506718750004 0.84476784375 0.4437910984375 0.834828503125 0.4426480921875 0.8256155296875001 0.4477170140625 0.8274505031249999 0.4514299734375 0.8372990484375 0.45179648749999995 0.8470567953125 0.45138651249999995 0.8494555984375 0.4479415578125 0.8493648015625 0.44716506718750004
11 0.7736063453125 0.5060842109375 0.7785855453125 0.5007472843749999 0.7782223609375001 0.49764132187500004 0.7765689796874999 0.49548134531250004 0.7610148703124999 0.494239828125 0.7542007015625 0.495863796875 0.75189269375 0.500085240625 0.7540000546875001 0.5061276718750001 0.7640301890625001 0.50804716875 0.7736063453125 0.5060842109375
11 0.8071851078125001 0.5177156359375 0.799534721875 0.52416804375 0.8113090328125001 0.5290240078124999 0.8208851906250001 0.52706105 0.8287171687500001 0.5221616250000001 0.8280815968749999 0.5167261890625 0.8180514609375 0.5148066921875001 0.8071851078125001 0.5177156359375
11 0.8792545640625 0.46318743281249997 0.8769465562500001 0.4674088765625 0.88475948125 0.47432630937500003 0.8985694125 0.47263135624999997 0.9023492093750001 0.4690169078125 0.901986025 0.4659109453125 0.8915927078125 0.460885484375 0.8792545640625 0.46318743281249997
11 0.8854477421875 0.5041719515625 0.8805783937499999 0.49846851093750005 0.8722016390625 0.49870899218750003 0.8658414484374999 0.5042154140624999 0.8662954265625 0.5080978671875 0.8720009921875 0.50897286875 0.8831397328125 0.5083933968750001 0.8856293328125 0.5057249328125 0.8854477421875 0.5041719515625
11 0.7739358968750001 0.472963109375 0.789963040625 0.466270221875 0.7893274703125 0.4608347859375 0.7849121015625 0.45901379999999997 0.7683401828124999 0.4610477421875 0.767957946875 0.4697586375 0.7739358968750001 0.472963109375
7 0.631396534375 0.3321430265625 0.6822399484375 0.311725371875 0.7389514640625 0.30555255625 0.7576497984375 0.29774418593749996 0.773079478125 0.2619821453125 0.7821108578125 0.25536024375 0.7757697234375 0.2490498078125 0.778369171875 0.235340978125 0.768520628125 0.2349744625 0.639070453125 0.25401297968750003 0.6152640171875 0.2900155 0.618513615625 0.329786028125 0.631396534375 0.3321430265625
8 1 0.34514820625 0.9817403656250001 0.33701230625 0.9440832390624999 0.33759513750000003 0.9117510937500001 0.3299520921875 0.8190069187500001 0.33207949062500003 0.779239928125 0.33359470468749997 0.7276925953125 0.345979815625 0.680094821875 0.36141351093749996 0.6393365281250001 0.381561378125 0.6002199640625 0.40807032187500003 0.569829803125 0.44007238125 0.5447018140625 0.50171865625 0.5577805640625 0.55211229375 0.5966675875 0.5927757984375 0.643550221875 0.6173125421875 0.6946384453125 0.6317413015625 0.7588817359375 0.651118053125 0.8553330765625 0.6463483953125 0.9114228921875001 0.6344155125000001 0.9649748390624999 0.6238038609375 1 0.606663315625 1 0.34514820625