2 0.383046321875 0.34778362343749997 0.373632190625 0.3563295453125 0.31810070625 0.5400680265625 0.30096887968749997 0.600562021875 0.3046032890625 0.621923346875 0.5208033609375 0.7694118046875 0.5241606140624999 0.7670555890624999 0.5932415265625 0.50982681875 0.58690749375 0.4922989828125 0.383046321875 0.34778362343749997
5 0.36875304999999997 0.44764683749999995 0.36406344062499996 0.46515612031250003 0.3621774765625 0.4955619765625 0.383740271875 0.5011092890625 0.39533462343750003 0.46776743906249996 0.4175721484375 0.4566844109375 0.4404502 0.46518626718749995 0.45220058593749995 0.456939509375 0.4537060765625 0.4487739234375 0.4493620296875 0.41757029218749997 0.44439526249999994 0.4113620359375 0.42487446406249996 0.40050395937500005 0.410787825 0.40845155 0.400923403125 0.3862924515625 0.3924782609375 0.3838179609375 0.3855215078125 0.3912854984375 0.36875304999999997 0.44764683749999995
0 0.4191296515625 0.456883853125 0.39533462343750003 0.46776743906249996 0.390471878125 0.47828924375000004 0.38889727343749997 0.49619741250000005 0.39170092031250003 0.5090939859375 0.4120524828125 0.5284168140625 0.44093610625 0.5850518078125 0.45751503437499996 0.6024984734375 0.42639846875 0.499606503125 0.4191296515625 0.456883853125
1 0.40989690312500004 0.4995245078125 0.4130484703125 0.4977521140625 0.41521508437500004 0.494087190625 0.41578349687499994 0.48586708125 0.4145378046875 0.4808137390625 0.41082440781249996 0.47761897031249995 0.40693652187499996 0.47902403437499996 0.40516168593749996 0.4826040015625 0.403388734375 0.49053334531250004 0.405007928125 0.49658736875000004 0.40989690312500004 0.4995245078125
7 0.3422598109375 0.5877396578125 0.3447692 0.5950263046875001 0.3573332453125 0.6133519140625 0.3639786390625 0.6183820625 0.3759712703125 0.6073802046875 0.3792936140625 0.57855134375 0.386025221875 0.5557312953125 0.3828582046875 0.546967378125 0.3784279421875 0.5436139437499999 0.3757974296875 0.5377048515625 0.37228414375 0.514965975 0.362160375 0.5136695921875 0.3484029015625 0.55369975625 0.34743391562500003 0.56472016875 0.3439555390625 0.5684539359375 0.3422598109375 0.5877396578125
9 0.46331185625 0.5544836125 0.46078536562499994 0.56530458125 0.45831088593749997 0.5844905828125 0.46026666875 0.6070300171875 0.46708519531250003 0.6190476453125 0.47606684374999997 0.6243769609375 0.4869693640625 0.625773065625 0.49572586718749995 0.6157498703125001 0.5002252421875 0.6093607203125 0.5086354765625 0.585362565625 0.5097255859375001 0.5729646015625 0.50847944375 0.560267471875 0.50543355 0.550126003125 0.49939377343749997 0.5382080953124999 0.4897544984375 0.53140150625 0.4801672328125 0.5329599468749999 0.46817460000000005 0.5439618078125 0.46331185625 0.5544836125
11 0.362160375 0.5136695921875 0.35946075 0.5175030796875 0.3586128859375 0.5271459421875 0.36304314843749996 0.5304993765625 0.366521525 0.5267656078125 0.3670060171875 0.5212554015624999 0.36790589375 0.5199775718749999 0.366832884375 0.5142679218749999 0.362160375 0.5136695921875
11 0.374102409375 0.6196784453124999 0.3761444046875 0.614367684375 0.3766288984375 0.608857478125 0.3760923953125 0.6060026515625 0.3738772640625 0.6043259359375 0.371541009375 0.6040267703125 0.36986238125000004 0.605204878125 0.36716275781249996 0.6090383687500001 0.3665571390625 0.6159261265625 0.368530025 0.620357946875 0.37242378125000003 0.6208565546875 0.374102409375 0.6196784453124999
11 0.49018495937499995 0.5469446890625 0.4878708109375 0.5427129546875 0.48598289218749996 0.54099595 0.483684671875 0.5418495375 0.48129224531250003 0.544822446875 0.4811435265625 0.5528371890625 0.4839790078125 0.5574630515625 0.487214490625 0.5575486046875 0.48980640781250007 0.5523068671875 0.49018495937499995 0.5469446890625
11 0.47345932656249995 0.5611978609375 0.47192621875 0.5575592859375 0.47079513906250003 0.55700628125 0.46830429375 0.5566023421875 0.46474170625 0.560245921875 0.46508179062500005 0.5658631125 0.46676931875000005 0.5698502234375 0.46928945625 0.572796071875 0.4729097484375 0.5685051421875 0.47345932656249995 0.5611978609375
11 0.48589777187500005 0.61361650625 0.486185209375 0.6082426625 0.48541349218749996 0.6043728234375 0.48346930312499997 0.603304740625 0.479922665625 0.6046532046875 0.47761981875000004 0.6097689703125 0.47819192499999996 0.6159090140625 0.48099565312500003 0.61774329375 0.48435071562500004 0.617516790625 0.48589777187500005 0.61361650625
11 0.4714003671875 0.5909379703125001 0.4696843765625 0.5872745828125 0.46950137031250005 0.5872511484375 0.46597681562500004 0.58729156875 0.463344334375 0.5908898703125 0.46416287343749996 0.5973888406250001 0.4659621875 0.6022093890625 0.4694026421875 0.6010117078125 0.47102741875 0.5972843671875 0.4714003671875 0.5909379703125001
11 0.502227171875 0.5943936953125 0.5013492703125 0.5906746390625 0.499559746875 0.589952340625 0.4981368921875 0.5892783890625 0.49491976875 0.5921456921875 0.49446130468750005 0.599464640625 0.4961123359375 0.604923725 0.4986720625 0.6042666125 0.501904890625 0.5991069453125 0.502227171875 0.5943936953125
11 0.5026899375 0.568055825 0.5038012921874999 0.5627874875 0.5034169203125 0.559787759375 0.50196075625 0.5563220249999999 0.5010029953124999 0.5561534109374999 0.49859152343749996 0.5567097046875 0.4955636640625 0.560586140625 0.4961501828125 0.5665622546875 0.497614259375 0.5688811203124999 0.5002768390625 0.5702069671875 0.5026899375 0.568055825
8 0.4782039546875 0.7221760984375 0.4867641390625 0.71797723125 0.50003434375 0.7121498109375 0.51100711875 0.7037993 0.5192490640625 0.694263259375 0.52523705 0.685274428125 0.533143390625 0.6759726328125 0.5430219375 0.6585622250000001 0.5498970984375 0.637701096875 0.5559131953125 0.612270771875 0.5611227750000001 0.590639134375 0.560811959375 0.5655130749999999 0.5589158765625 0.5440859859375 0.5549664953125 0.5262979296875 0.5520075828125 0.5133759015625 0.546774809375 0.4976537953125 0.540232859375 0.484272946875 0.5331231015625 0.475558584375 0.5239548593750001 0.46518617500000004 0.517610028125 0.458520053125 0.51024485625 0.45451078906250003 0.49288588281249995 0.449500396875 0.4847522390625 0.44706579375000005 0.47394229687499995 0.44819044999999996 0.4709103671875 0.44863803750000003 0.4616405640625 0.4555335546875 0.452775496875 0.4649911953125 0.443589428125 0.4727346625 0.43269972812499996 0.48193165000000004 0.42722744218750003 0.49042929375 0.425700903125 0.49525162500000003 0.41337159375 0.5295093296875 0.4121799046875 0.536166015625 0.4081403328125 0.54986493125 0.40719520625000005 0.5606139671875 0.4048860328125 0.5815025625 0.40416566875 0.5950692859375 0.40427262500000005 0.6081833359375 0.40558387656250006 0.6273052453125 0.4075009859375 0.6395366421875 0.41117625625 0.65505930625 0.4148075203125 0.6675088125 0.42207887031249997 0.6815416796875 0.43104014843750005 0.69606816875 0.4413098234375 0.7082532953125 0.45463919375 0.7160924234375 0.46833205468749994 0.71979751875 0.4782039546875 0.7221760984375
11 0.3951342390625 0.3890881140625 0.389625125 0.3914125625 0.3891163890625 0.40476678125000004 0.393109940625 0.4092804375 0.39822855625 0.4009896484375 0.3986525234375 0.391626840625 0.395548084375 0.389110459375 0.3949610171875 0.3897415671875 0.3951342390625 0.3890881140625