2 0.3461694515625 0 0.2515377109375 0.12121084062500001 0.24985082187500002 0.1406962296875 0.34217782343750003 0.3838618453125 0.4576288578125 0.66599504375 0.46550604531250006 0.66419671875 0.6822853156249999 0.37712155625 0.682280328125 0.36049583281249997 0.6685312953125 0.3210369265625 0.545322284375 0 0.3461694515625 0
7 0.3049961296875 0.1447336796875 0.3003832921875 0.1768419 0.332310103125 0.26106960625000003 0.343964165625 0.261844340625 0.3703873125 0.22997859062499998 0.37420892499999997 0.16465986875 0.34964678125000004 0.106370671875 0.34027178125 0.1068619953125 0.3049961296875 0.1447336796875
0 0.44194370781250003 0.0322586609375 0.43022495781250003 0.0328728140625 0.41616744531250005 0.050235520312500004 0.41755084218749994 0.1041974703125 0.4403863453125 0.26648955937499996 0.4524484875 0.325433853125 0.4599375453125 0.3319688609375 0.47209400312499994 0.054232028125 0.4589371421875 0.0355245671875 0.44194370781250003 0.0322586609375
9 0.4618881765625 0.3235536421875 0.45968377812499994 0.354150140625 0.46333626250000004 0.3761267015625 0.47473655625 0.399082715625 0.4867837375 0.408149840625 0.5078127984374999 0.408433253125 0.52154686875 0.3980149890625 0.5341712578125 0.37795639062499997 0.5425609671875 0.3484212328125 0.5438547375 0.3206434546875 0.538181946875 0.2918452796875 0.5310810218750001 0.2769769390625 0.51532165625 0.263947865625 0.4997613453125 0.2633778484375 0.4845294640625 0.2724891078125 0.46767538125 0.29969686875 0.4618881765625 0.3235536421875
1 0.43330023281249996 0.083975096875 0.4323945921875 0.1034195421875 0.44333707968749997 0.11947205624999999 0.4520602078125 0.1162438984375 0.4597383421875 0.1019865171875 0.4592755484375 0.07845729375 0.45119930625000004 0.0677965609375 0.44267024531250004 0.06685805156249999 0.43330023281249996 0.083975096875
5 0.3988757046875 0 0.397666225 0.0124111640625 0.40314495 0.04537600625 0.40822556875 0.053422734375 0.4274664171875 0.0360114453125 0.453577984375 0.0313164140625 0.46815064531250006 0.046632790625 0.5010699296875 0.0679539484375 0.5100518109375 0.0591702375 0.5248855859375 0.0251408625 0.5196059140625 0.004635078125 0.514166290625 0 0.3988757046875 0
11 0.3012939203125 0.174023178125 0.309235796875 0.17083596406249998 0.312748928125 0.16233885625 0.31307237187500003 0.1553944109375 0.3081858171875 0.1431810171875 0.3058420671875 0.143303846875 0.299074559375 0.15474250625 0.3012939203125 0.174023178125
11 0.3735023375 0.19656337031249999 0.368556084375 0.20236458750000003 0.3681032640625 0.212086809375 0.37240263281249997 0.22017448125 0.378782009375 0.21706915468750002 0.38138451406249996 0.2113907671875 0.38248920625 0.20440538125000002 0.3781898375 0.19631770937499998 0.3735023375 0.19656337031249999
11 0.542217425 0.0713394953125 0.5333002328124999 0.07873431875 0.531872096875 0.09266415156249999 0.5345442765625 0.10222260000000001 0.5422920890625 0.1032020515625 0.5489302203124999 0.0945411703125 0.5489899203124999 0.076526559375 0.543779925 0.0712576078125 0.542217425 0.0713394953125
11 0.64815909375 0.340116071875 0.641257221875 0.3377067859375 0.640540659375 0.336358840625 0.6329919015625001 0.34783844375 0.631499078125 0.363157165625 0.635017196875 0.37128578125 0.645173446875 0.37075351562500003 0.6495972046875 0.359437684375 0.6501147125 0.3483265734375 0.64815909375 0.340116071875
11 0.49952767812500004 0.56958530625 0.49048110781250004 0.5797579078124999 0.4900282890625 0.58948013125 0.4956960921875 0.6016525828125 0.50363796875 0.59846536875 0.50793235 0.58992731875 0.5077979859374999 0.5760793734375 0.5018714281250001 0.5694624765625 0.49952767812500004 0.56958530625
10 0.5294927281249999 0.47104385156250006 0.5144326234375 0.47959606718750003 0.496426365625 0.484421903125 0.48331973125000005 0.49120775781250003 0.47563480625 0.5021472250000001 0.47045228906250003 0.5129541609375 0.46285130468749996 0.5421875125 0.461656721875 0.5544494328125 0.469008675 0.564045265625 0.4832403140625 0.57328055 0.48795946093750003 0.5791321953125 0.48934148593750004 0.582941934375 0.49278397656250006 0.589414684375 0.4973987109375 0.5974913703125 0.506937925 0.6003180234375 0.5148790875 0.5771671984375 0.5157896921875 0.5710191250000001 0.5233451109375 0.5628602109374999 0.53892485 0.549844396875 0.55888349375 0.5365990921875 0.58003485625 0.5044387984375 0.5945672796875 0.47373378906249997 0.6072231421875001 0.443127125 0.61490361875 0.41888017499999997 0.619485209375 0.40089598281249994 0.6230008781249999 0.3923945859375 0.6385832640625 0.386031796875 0.64843053125 0.37553458906250003 0.649022321875 0.3494423453125 0.6396099671875 0.337182109375 0.62978419375 0.33381489062499997 0.6283182296875001 0.31171126875 0.62903688125 0.27618544218749996 0.629263640625 0.2512207265625 0.619923509375 0.21733045781250002 0.60889245625 0.19295573906250002 0.6007816140625 0.1728643453125 0.58740618125 0.151939071875 0.567256428125 0.13580519375 0.5590438859375 0.12459047812499999 0.54829945625 0.1007549375 0.5472772359375 0.082510228125 0.5442775328125 0.073240503125 0.532445690625 0.072752184375 0.5278881734375 0.08352636718749999 0.5278104828125 0.08519442187500001 0.51001580625 0.0988805171875 0.4987634609375 0.11943249375000001 0.4943960328125 0.15293136093749998 0.498104675 0.1804622125 0.5119461234375 0.1913819296875 0.5443963187499999 0.2046529875 0.5592019234375 0.21496797499999998 0.57218903125 0.24423074687500002 0.581244403125 0.28423490625 0.5840647156250001 0.30404936562499996 0.5852440546875 0.32561380624999997 0.5808266765625001 0.3668782421875 0.5735640656250001 0.395539659375 0.566328178125 0.423644090625 0.5563532703125 0.44357491875 0.5294927281249999 0.47104385156250006
8 0.46870516875 0.510273340625 0.47862910625 0.49145358281249996 0.501479440625 0.4763941328125 0.52602514375 0.4651266140625 0.54426254375 0.448644934375 0.5577808609375 0.42631021875 0.5674673421875001 0.3991857578125 0.5771253015625 0.365963825 0.583447765625 0.33069851250000004 0.5842995234374999 0.3057010421875 0.579754365625 0.2693412953125 0.5714856234375 0.24593021093749998 0.5643407390624999 0.23188854375 0.557066478125 0.2206246546875 0.53342513125 0.20578216093749999 0.5141093109375 0.19182276250000002 0.5003454890625 0.17923637812499998 0.4946067671875 0.16179305 0.49681545624999995 0.14116083125 0.49694129531250003 0.1250727546875 0.49592094062500003 0.1134811125 0.4779128828125 0.111652490625 0.4650928078125 0.11897891406250001 0.4489667796875 0.137013925 0.42106955625 0.18006447187500002 0.40434806874999996 0.21088420624999998 0.39484464531249996 0.24077145781249998 0.3863321 0.26949699531250004 0.37722511718749996 0.3176617515625 0.37538326093749996 0.34382089531250004 0.374062903125 0.37216950625 0.37839732656249997 0.3996675640625 0.3815907203125 0.4449708859375 0.39113798437499997 0.47441393437499996 0.396980271875 0.48963365156250005 0.4109807046875 0.5105261703124999 0.4329061 0.5354383390625 0.44851976406249994 0.5484833609375 0.46048363124999997 0.5528469281249999 0.46368241718750003 0.5310530375 0.46870516875 0.510273340625