2 0.283360228125 0.750688434375 0.36984994531250004 0.7624549640625 0.630258309375 0.7824255640625 0.66104159375 0.78951163125 0.704031990625 0.7891499718749999 0.716397703125 0.7664050703124999 0.7018099375 0.31244824375 0.6893090484375 0.29349670625 0.3003032375 0.2454044921875 0.2969656296875 0.2594411390625 0.28051079843750004 0.6423794765624999 0.27754559687499997 0.7231240671875 0.27845034687500003 0.7453282390625 0.283360228125 0.750688434375
5 0.40237080000000003 0.29406802656250003 0.389269978125 0.2987720375 0.3859889171875 0.3141964453125 0.376293290625 0.3257120296875 0.3611678203125 0.2999171125 0.35391609375 0.2946523390625 0.3422068625 0.295129453125 0.3335745859375 0.31355203593750003 0.328244115625 0.4513856625 0.33540483125 0.492795834375 0.34739679687499997 0.499257521875 0.3755555015625 0.499500209375 0.376992596875 0.4772006140625 0.3732370765625 0.442602015625 0.375737521875 0.427209415625 0.4371578734375 0.38022465156249996 0.44513367031250006 0.38406985625 0.459004065625 0.35987357656249996 0.46078044374999994 0.345900546875 0.45475066562500005 0.3322455921875 0.44671832343749995 0.3270126265625 0.442578015625 0.30216016093750003 0.43844875156249996 0.29676815625 0.40237080000000003 0.29406802656250003
7 0.339408621875 0.5718663937499999 0.33682820625 0.6428648484374999 0.340074803125 0.6649735984375 0.35642222343749996 0.6823783375 0.3780643078125 0.6953971390625 0.40070215625000005 0.6944747171875 0.3996953546875 0.6889554812500001 0.4068229453125 0.6719842734375 0.4002842453125 0.6458394703125 0.3990967609375 0.616696496875 0.40002493437500003 0.581907053125 0.40481067812499993 0.56503126875 0.3841753953125 0.557531703125 0.37445768749999997 0.5301263703125 0.350586846875 0.5199785140625 0.34323306875 0.5313986749999999 0.339408621875 0.5718663937499999
0 0.3906023421875 0.4849864484375 0.3976278796875 0.48470017812500005 0.410683196875 0.4980688640625 0.45318675468749997 0.5241382765625 0.504231578125 0.5679305015625 0.52659773125 0.579529734375 0.5296071 0.5766269828125 0.5182716140625 0.5478975046875 0.47558737500000003 0.4982043515625 0.423852946875 0.41829853906250003 0.4118499390625 0.392376390625 0.3988056640625 0.3984681625 0.37630299218749996 0.44108702343750006 0.37570305937500004 0.46474257343750003 0.3906023421875 0.4849864484375
1 0.401067540625 0.45397859531250007 0.41317259999999995 0.46321580781250005 0.4201305515625 0.44208131875 0.4153227234375 0.4200361828125 0.4051747234375 0.42044968281250006 0.39999315 0.427611140625 0.39659899374999996 0.44026002656249996 0.401067540625 0.45397859531250007
9 0.525184059375 0.5448357140625 0.546904775 0.5981631968750001 0.575289665625 0.6039569234375 0.6004734671875 0.56956920625 0.6068204421875001 0.55262980625 0.6094229390625 0.5205522703125001 0.6072851984375001 0.48727781718749996 0.6011423265625 0.4708473421875 0.578821678125 0.441175409375 0.55673825625 0.43651498125000004 0.5414652296875 0.4454776984375 0.53182615 0.4583810453125 0.5222546609375 0.49213261093750005 0.5209872046874999 0.518595490625 0.525184059375 0.5448357140625
8 0.6860460500000001 0.6355856359375001 0.692088209375 0.572786515625 0.685222609375 0.46186107187500003 0.67540285 0.45114067812499997 0.6694751234375 0.4208007859375 0.653060115625 0.3825478296875 0.6117674671875 0.328627778125 0.567317890625 0.312368115625 0.5029791828125 0.3261102359375 0.4678735703125 0.3664624984375 0.442146384375 0.4258935265625 0.441987784375 0.4411907046875 0.4479610140625 0.4534578984375 0.48445687812499993 0.504793271875 0.4713215921875 0.5470304421875001 0.43350172656249997 0.520770184375 0.434360971875 0.56104705625 0.4435352953125 0.6134956984375 0.452698575 0.64648388125 0.4706748140625 0.6846732249999999 0.516820796875 0.7425657109375 0.5424225078125 0.7568132359375 0.5700833296875001 0.7640265328125 0.61256480625 0.751175025 0.6435521953125 0.7248912171875 0.6627738062499999 0.6976967625 0.6860460500000001 0.6355856359375001
11 0.3957922765625 0.6891145187500001 0.40359843125 0.6887964421875 0.40861036406249995 0.6774717015625 0.4074339203125 0.6677891859375 0.4016303296875 0.6596852734375 0.3926022265625 0.6683935296875 0.391436825 0.6781714703125 0.3957922765625 0.6891145187500001
11 0.35266804218750003 0.5518652046875 0.3556208640625 0.5475746890625001 0.356786265625 0.5377967484374999 0.3540485921875 0.528177846875 0.3477471203125 0.527044546875 0.3433461625 0.534174196875 0.34558595625 0.5507637109375 0.35266804218750003 0.5518652046875
11 0.35499048593750004 0.32101979531249997 0.35208317031249997 0.307237609375 0.3412111 0.309070678125 0.338982346875 0.3119416203125 0.341222140625 0.3285311359375 0.35081571562499997 0.3337004890625 0.35499048593750004 0.32101979531249997
11 0.5404350046874999 0.4969520796875 0.5379800640625 0.49427198125 0.5340769875 0.49443101875 0.531961328125 0.5000774859375 0.534812096875 0.512471909375 0.5401067625 0.508085971875 0.5404350046874999 0.4969520796875
11 0.5510574625 0.546561584375 0.5469281984375 0.5411695796875 0.5445863515625 0.5412650015625 0.5416335296875 0.5455555140625 0.542142453125 0.5580453624999999 0.5513967453124999 0.5548881484375 0.5510574625 0.546561584375
11 0.5813994140625 0.562006025 0.5779942171875 0.55519445 0.573310525 0.5553852953125 0.570357703125 0.559675809375 0.5706969843749999 0.5680023734375 0.5762743875 0.5705552421875 0.5813994140625 0.562006025
11 0.590133740625 0.526898503125 0.592147346875 0.537936975 0.59677449375 0.5363583703125 0.597826803125 0.52380490625 0.595315315625 0.519737046875 0.590133740625 0.526898503125
11 0.5898854703125 0.48242654218750003 0.5838556921875 0.46877158750000003 0.581513846875 0.4688670109375 0.5795112828125 0.47728899843750006 0.580687725 0.48697151875 0.58620858125 0.48813662343750003 0.5898854703125 0.48242654218750003
11 0.5498934 0.4604249921875 0.553694425 0.47695088906249994 0.560550325 0.47250133906249997 0.5574733671875001 0.4545558703125 0.5535702890625 0.454714909375 0.5498934 0.4604249921875