2 0.33828125 0.6888888890625 0.34921875 0.7 0.40234375 0.6777777781250001 0.6734375 0.5305555562500001 0.60859375 0.1416666671875 0.6015625 0.13333333281249998 0.59140625 0.13333333281249998 0.27890625 0.29444444375 0.27421875 0.30694444375 0.275 0.322222221875 0.3234375 0.6125 0.33828125 0.6888888890625
5 0.36171875 0.48472222187499997 0.3734375 0.47083333281249995 0.3734375 0.45694444375 0.3625 0.41805555625 0.38046875 0.3638888890625 0.41171875 0.3541666671875 0.4140625 0.3166666671875 0.41953125 0.302777778125 0.4125 0.290277778125 0.3875 0.26944444375 0.359375 0.28472222187499996 0.3515625 0.3125 0.3421875 0.3236111109375 0.32578125 0.3111111109375 0.3125 0.322222221875 0.31015625 0.33888888906250003 0.3328125 0.46527777812500004 0.34375 0.48472222187499997 0.36171875 0.48472222187499997
9 0.51328125 0.45555555625000005 0.5296875 0.45555555625000005 0.5421875 0.447222221875 0.5484375 0.440277778125 0.55859375 0.40833333281249995 0.56015625 0.3916666671875 0.55546875 0.35 0.54921875 0.3375 0.53125 0.322222221875 0.515625 0.322222221875 0.5015625 0.3333333328125 0.48828125 0.3708333328125 0.4875 0.3888888890625 0.49375 0.43055555625 0.4984375 0.44166666718750003 0.51328125 0.45555555625000005
7 0.4015625 0.6180555562500001 0.41484375 0.6111111109375 0.41640625 0.58194444375 0.41953125 0.577777778125 0.4046875 0.5138888890625 0.39609375 0.5013888890625 0.375 0.490277778125 0.353125 0.5 0.35859375 0.5486111109375 0.371875 0.6125 0.37890625 0.6180555562500001 0.4015625 0.6180555562500001
11 0.36171875 0.5 0.35546875 0.50555555625 0.35703125 0.522222221875 0.365625 0.51944444375 0.36640625 0.5083333328124999 0.36171875 0.5
11 0.4265625 0.5916666671875 0.421875 0.58194444375 0.41796875 0.58194444375 0.4140625 0.5888888890625 0.4140625 0.5986111109375 0.4171875 0.6041666671875 0.42578125 0.5986111109375 0.4265625 0.5916666671875
11 0.328125 0.34305555625 0.32734375 0.3291666671875 0.321875 0.325 0.3171875 0.3291666671875 0.31640625 0.3375 0.31953125 0.3458333328125 0.32578125 0.34861111093749997 0.328125 0.34305555625
0 0.3875 0.45416666718750004 0.4109375 0.44305555625000004 0.478125 0.4583333328125 0.49296875 0.45277777812500003 0.49375 0.447222221875 0.48671875 0.4361111109375 0.43125 0.40694444374999994 0.38828125 0.365277778125 0.38203125 0.365277778125 0.378125 0.372222221875 0.36953125 0.41111111093749997 0.36640625 0.415277778125 0.36953125 0.44305555625000004 0.3875 0.45416666718750004
1 0.3921875 0.4263888890625 0.40234375 0.415277778125 0.4015625 0.4 0.39765625 0.3916666671875 0.384375 0.3916666671875 0.38046875 0.4 0.38046875 0.4125 0.384375 0.42083333281249996 0.3921875 0.4263888890625
8 0.4461515625 0.52801805625 0.4591765625 0.5441513890625 0.4731328125 0.5673166671875001 0.48778671874999996 0.5805541671875 0.50267265625 0.5892416671875 0.524071875 0.5917236109374999 0.54570390625 0.5817958328125 0.5596593750000001 0.5760041671875 0.58268671875 0.55863055625 0.6010625 0.5354638890625 0.61385546875 0.5143666671875 0.6252523437499999 0.48044583281250003 0.62804375 0.446525 0.63060234375 0.40267638906250003 0.63223046875 0.36420555625 0.63362578125 0.3410388890625 0.62246171875 0.305877778125 0.61385546875 0.28560694375 0.6008296875 0.2603736109375 0.58943203125 0.24093055625 0.5747789062499999 0.2198333328125 0.56431171875 0.21445694375 0.5417492187499999 0.2041138890625 0.5257 0.20039166718749998 0.5022078125 0.20163194375 0.48360000000000003 0.21156111093750002 0.46755 0.23348472187499997 0.45173359375000005 0.24755 0.44475546875000005 0.25871944375 0.43428828125 0.27898888906249997 0.42963671875 0.29884444375 0.42382187499999996 0.3228375 0.41637812500000004 0.3464166671875 0.41358750000000005 0.3728916671875 0.41288984375000004 0.389025 0.41568046875000003 0.4159138890625 0.41843828125 0.4487083328125 0.42219375000000003 0.4667958328125 0.427078125 0.4833416671875 0.43777734375 0.5122986109375 0.4461515625 0.52801805625
11 0.5189125 0.4381333328125 0.520403125 0.42620694375 0.5192851562499999 0.42421944375000004 0.513696875 0.41936111093750006 0.513696875 0.41958194375 0.5081085937500001 0.42355694374999997 0.50910234375 0.4352625 0.51506328125 0.44078472187499995 0.5189125 0.4381333328125
11 0.5421359375 0.43283333281249997 0.5447437500000001 0.4293 0.5454890625 0.42223194375000006 0.54337734375 0.41847777812500003 0.540025 0.41626805625 0.53406328125 0.41693055625 0.53480859375 0.425102778125 0.53766484375 0.43150833281249995 0.5421359375 0.43283333281249997
11 0.5538093749999999 0.393077778125 0.555175 0.38623194375000003 0.55529921875 0.38225555624999996 0.5530640625000001 0.37805972187500003 0.5516984375 0.3771763890625 0.5495023437500001 0.3749611109375 0.5457375 0.37805972187500003 0.54623359375 0.3879986109375 0.54983515625 0.39418194375 0.5538093749999999 0.393077778125
11 0.53456015625 0.3572986109375 0.5387828125 0.3572986109375 0.5407695312499999 0.35155555625 0.5406453124999999 0.3458138890625 0.5387828125 0.3431638890625 0.5344359375 0.3394083328125 0.53133125 0.341175 0.5302140625 0.34404722187500003 0.5307109375 0.351334721875 0.53456015625 0.3572986109375
11 0.5115859375 0.36480833281249997 0.5155601562500001 0.36281944374999997 0.5163046875 0.3539861109375 0.515684375 0.34625555625 0.512828125 0.34493055625 0.5087296875 0.3451513890625 0.50736328125 0.3471388890625 0.50574921875 0.3517763890625 0.50686640625 0.360390278125 0.5115859375 0.36480833281249997
11 0.5006578125 0.40301666718750007 0.5051281249999999 0.4010291671875 0.5063703125 0.3959486109375 0.5055007812500001 0.39109027812499997 0.50401015625 0.3866736109375 0.50028515625 0.3838013890625 0.4963109375 0.3860111109375 0.4953171875 0.39285694375 0.49718046875 0.40125 0.5006578125 0.40301666718750007