2 0.594288865625 0.1493996859375 0.5438459390625 0.2197033828125 0.23755514843749997 0.6394987921874999 0.234979475 0.650329934375 0.2368087703125 0.6633191421875 0.2437544578125 0.66450078125 0.244716740625 0.6731164875 0.256483425 0.6835703 0.262908225 0.7072019859374999 0.390404215625 0.9641395968750001 0.49402363281249995 0.9817678953125 0.5134642203124999 0.980975753125 0.8802684218750001 0.479785378125 0.8833300312500001 0.45635890625000003 0.7610299296874999 0.134097921875 0.71552585 0.0249325359375 0.697359728125 0.014798684375000001 0.6812134390625 0.0261384546875 0.6026224546875001 0.13250477656249998 0.594288865625 0.1493996859375
5 0.704933325 0.523207071875 0.698724425 0.5320114453125 0.6960884359375 0.5287456640625 0.6893332859375 0.536048440625 0.6743144531249999 0.5405366875000001 0.669388596875 0.560828671875 0.6697251328125 0.62145858125 0.6799133796875 0.641504525 0.689174296875 0.6430800421875 0.700785396875 0.635194721875 0.714737090625 0.651654925 0.719593040625 0.6510723781250001 0.7461976109374999 0.614747165625 0.7529877125 0.597589671875 0.76328081875 0.5880714593749999 0.7712079671875001 0.5302560749999999 0.7753271265625 0.5196875171875 0.7856503890625001 0.5172177687499999 0.8005691593750001 0.525390496875 0.81974210625 0.5004789734374999 0.8245726921875001 0.47594478125000006 0.8235151406250001 0.4630868671875 0.7758610078125 0.33806037187500004 0.7694012531250001 0.32428340625 0.748503871875 0.3066415640625 0.7439686828125 0.31009601249999996 0.7235730109375 0.3376168515625 0.7094465546875 0.37043024375 0.71850734375 0.3973277109375 0.725227540625 0.399879653125 0.7342883312499999 0.42677712031250004 0.7286256859375 0.4370830921875 0.7232234828124999 0.436164040625 0.7186437515625 0.4832795703125 0.7057400203124999 0.5134836468749999 0.704933325 0.523207071875
0 0.71507084375 0.49534972499999996 0.72147986875 0.461223403125 0.7204223187500001 0.4483654890625 0.727923846875 0.4172423625 0.7242303062500001 0.401118665625 0.713556125 0.39366804843750003 0.682070240625 0.4066241640625 0.6628972953125001 0.4315356859375 0.5787581125 0.484837459375 0.5617098578124999 0.50165845 0.544922046875 0.5072544140625 0.5385829249999999 0.5216713000000001 0.5393197171875 0.5316573124999999 0.5474531781249999 0.5400843531249999 0.6398814078124999 0.513548753125 0.707378775 0.5179884390625 0.71507084375 0.49534972499999996
1 0.7088365828125001 0.4802024546875 0.7109009578125 0.4580149953125 0.7025769562499999 0.4411035390625 0.6850174015625 0.4465682125 0.6785830140625 0.456742890625 0.6787036453125 0.4849367421875 0.6860653640625001 0.4932324890625 0.6976415109375 0.49520188593750003 0.7088365828125001 0.4802024546875
9 0.550111128125 0.692672515625 0.55809859375 0.6489540609375 0.5586194812499999 0.6265040140625 0.54776435 0.5767626203125 0.533075865625 0.5503164046875 0.5089612890625 0.537761903125 0.49416794687500004 0.5408798453125 0.4762526796875 0.5533273328125 0.4587184890625 0.5827436500000001 0.44700253125 0.620193128125 0.44106985156249995 0.6755304859375 0.44996546718749997 0.717895184375 0.46278970468749997 0.7412069109375 0.4960699296875 0.7510947234375001 0.513629484375 0.7456300515625001 0.53344395 0.7264623328125001 0.550111128125 0.692672515625
7 0.69360525 0.3268839046875 0.6981054859375 0.333284178125 0.707175865625 0.3263752828125 0.72602805 0.29859185625 0.725612021875 0.291477746875 0.712085946875 0.2483252890625 0.6699353671875 0.160864640625 0.636499659375 0.191797478125 0.6167804609374999 0.21520740312500003 0.60423244375 0.2384286609375 0.612080096875 0.2341290828125 0.617542615625 0.24914505937500003 0.6171869015625 0.2561278765625 0.6095297875 0.268911871875 0.6307129765624999 0.299280334375 0.65165871875 0.34788866406249996 0.6613248484375001 0.350733303125 0.6665115968750001 0.35821671093749996 0.69360525 0.3268839046875
11 0.7164114203125 0.30399915312500003 0.7204003578125 0.2990431078125 0.721337275 0.2837071703125 0.7178342734375 0.2760678875 0.70989135 0.2761252609375 0.7046796875 0.28369062343749996 0.70374276875 0.2990265609375 0.7074712625 0.3052955390625 0.7164114203125 0.30399915312500003
11 0.6136235828125 0.23439166875 0.6046834249999999 0.235688053125 0.5987952890625 0.24736432812500003 0.5988556046875 0.261461253125 0.604127584375 0.26799281875 0.6135187265625001 0.263955825 0.6176728375 0.2435325484375 0.6136235828125 0.23439166875
11 0.5305159671874999 0.61890555625 0.5332472265625 0.6264135468750001 0.5417364015625 0.627857771875 0.5436356015625 0.621137540625 0.5421270671875 0.6110202359375 0.5320944062499999 0.6093134250000001 0.5305159671874999 0.61890555625
11 0.5136075234375 0.5963076703125 0.5149604703125 0.588085840625 0.5103649640625 0.5774433640625001 0.5059599968749999 0.5752853 0.4997511 0.5840896734375 0.4986236421875 0.5909411984374999 0.5016756625000001 0.6013210890625 0.5086213515625 0.6025027265625 0.5136075234375 0.5963076703125
11 0.47723073749999995 0.6197010484375001 0.4755919796875 0.61519625625 0.4676490578125 0.6152536296875 0.466807409375 0.6348317734375 0.4744295703125 0.631902496875 0.47723073749999995 0.6197010484375001
11 0.45974727499999996 0.69702065625 0.46524474531250004 0.702181915625 0.470005425 0.6973571609375 0.471583865625 0.6877650296875 0.4698498390625 0.679018028125 0.46058892343749996 0.6774425109375 0.45974727499999996 0.69702065625
11 0.49125852031250006 0.7080161875 0.4900961125 0.724722428125 0.499582521875 0.724927640625 0.5019327031249999 0.7154668015625 0.4999731875 0.7080901078124999 0.4965654546875 0.7046930312499999 0.49125852031250006 0.7080161875
11 0.5237765921875 0.6839663421875 0.526282359375 0.6928446359375 0.5342252828125 0.6927872625 0.53802368125 0.6793468015624999 0.533974428125 0.6702059218749999 0.528572225 0.66928686875 0.5237765921875 0.6839663421875
11 0.8169155765625 0.48872877812500004 0.8191704906249999 0.47502572968749995 0.8117135031249999 0.46248777499999993 0.8029988359375 0.46241385468749996 0.7977871734375 0.4699792171875 0.7956624828125001 0.47806975312500005 0.8008995078125001 0.4944560375 0.8101604265625 0.4960315546875 0.8169155765625 0.48872877812500004
8 0.35552191875 0.8154284328125 0.367427659375 0.837654178125 0.3782422828125 0.8587871171874999 0.41245094687500006 0.905680778125 0.46071104687500003 0.9212245671874999 0.4925247640625 0.9170466875000001 0.5247279390624999 0.9027785796875 0.559526971875 0.8669501328125 0.592043615625 0.8391966640625 0.6153206203125 0.8019714921875 0.6368103234375 0.7582370796875 0.6506890703125 0.7182846859375001 0.66518186875 0.655306453125 0.6698871750000001 0.599689853125 0.6690263015625 0.55666640625 0.664316009375 0.5158082281249999 0.6600471546875 0.4992852 0.641936790625 0.44438073593749994 0.6345752671875 0.4301827078125 0.6249020796875 0.40597021718750004 0.5904220765625 0.3781009203125 0.5626055156249999 0.3637784140625 0.528786221875 0.3608450421875 0.4817524578125 0.3725900890625 0.4446532625 0.39730726875 0.42150933593750006 0.4221433171875 0.39207675468750003 0.4639629765625 0.36559226875 0.509104334375 0.34300496874999997 0.563370559375 0.3373252578125 0.60753796875 0.328378234375 0.6927882984375 0.3352249078125 0.7612000125 0.3394412234375 0.779970784375 0.35552191875 0.8154284328125