2 0.4143670109375 0.06745778125 0.39156531562499997 0.0932489546875 0.3639064328125 0.1483704859375 0.26852675000000004 0.2975049234375 0.22206938437499998 0.361614553125 0.06592742812499999 0.617016359375 0.0635432765625 0.62404265 0.0657335 0.65034969375 0.1778082421875 0.988033209375 0.18090900000000001 0.9920907484375 0.324659 0.9870708875 0.3427247140625 0.9697767374999999 0.4113722109375 0.8507365515625 0.4389018078125 0.8178372406250001 0.57532666875 0.5950619265625 0.6028724265625 0.5593848390625 0.6360323796875 0.49851677812500006 0.6362343890625 0.46379455625 0.6324331828124999 0.44587541093749994 0.56825201875 0.334250915625 0.43458254687500003 0.08341512031250001 0.4143670109375 0.06745778125
5 0.160049121875 0.54985365 0.1449468015625 0.5948164484375 0.1289177859375 0.6648065296875 0.128047653125 0.6801115890625 0.153279440625 0.7736557328125 0.1579507796875 0.77626981875 0.16892868125 0.7689434296875 0.193292878125 0.7430976921875 0.1942518953125 0.712514853125 0.1904102875 0.7015401515625 0.18528899062499998 0.642008903125 0.19729863281249999 0.591599675 0.207551846875 0.57457834375 0.207713453125 0.5468005671875 0.21170050625 0.53277526875 0.1885215765625 0.4891492796875 0.175997334375 0.49375245625 0.166525371875 0.5107465062500001 0.160049121875 0.54985365
0 0.18776202656250002 0.6197048359374999 0.18686765156250001 0.6391765609375 0.192102071875 0.679263365625 0.2037076984375 0.698298584375 0.2177621171875 0.6991963984375 0.2468057328125 0.6745758578125 0.25932189375000003 0.671361571875 0.26563653593750003 0.6600322046875 0.32684068593750004 0.6120708875 0.3448498375 0.6044989609375 0.36376952500000004 0.5746775296875 0.35756800625 0.5665624515625 0.33803675625 0.5672444984375 0.28247104375 0.585848175 0.20825229374999998 0.5884399515625 0.19333582031250002 0.60145830625 0.18776202656250002 0.6197048359374999
1 0.2206553296875 0.604670109375 0.2135917578125 0.6104712015625 0.20014082187499999 0.640101659375 0.19850559843749999 0.6526562218749999 0.20850832187499999 0.678690446875 0.22650939375 0.672507409375 0.23602175937499997 0.6485689156250001 0.23612680312499998 0.6305133609375 0.23154434687499997 0.6126214953125 0.2206553296875 0.604670109375
7 0.28593114062499997 0.7638980859375 0.26173898125 0.791455521875 0.2238802921875 0.8558953062500001 0.22226930937499997 0.8642832031250001 0.23054792656249998 0.9181497703125 0.2551519921875 0.9853323046875 0.266097571875 0.983561471875 0.3416793546875 0.8809424140625 0.30558278906249997 0.7752802156249999 0.28593114062499997 0.7638980859375
10 0.3315979109375 0.33140620625 0.3379367953125 0.3159101734375 0.3473279546875 0.31280501250000003 0.3489227765625 0.30719489218749996 0.3865359015625 0.2864409203125 0.41855907031250006 0.286711253125 0.43414366875 0.293110059375 0.46441849218750003 0.3253794015625 0.48134742187499996 0.3692236453125 0.48663032343749996 0.4009771171875 0.485752109375 0.417671065625 0.49796121875 0.4672345546875 0.5158087640625 0.4874404078125 0.5274951921875 0.492586734375 0.5478319328125 0.48771073906250006 0.5599062171875 0.4261904 0.570127109375 0.414724625 0.5302212578125001 0.2925321703125 0.5140331765624999 0.2556050890625 0.48301750625000006 0.216418584375 0.44411661249999995 0.1900049015625 0.427496390625 0.18197731718750002 0.42369298593750004 0.1473852484375 0.4102547875 0.1336088046875 0.395727734375 0.13500619687499998 0.391917359375 0.1876716390625 0.3612717921875 0.19845233125 0.31967969375 0.23184271562499997 0.29527509687500003 0.26463289687499997 0.271570946875 0.311284684375 0.24142286875000002 0.3914880625 0.22070635156249999 0.46164183437500006 0.22524840625000003 0.48647814375 0.2344618 0.5139285390625 0.239898228125 0.519293121875 0.2657198796875 0.5114483765625 0.2751756828125 0.4972321046875 0.2824251015625 0.45948656874999994 0.2879584953125 0.448184484375 0.2856874671875 0.43576632968749995 0.292002109375 0.4244369640625 0.29449130625 0.39935511875 0.30788567968749997 0.3794468828125 0.311913134375 0.3584771390625 0.32215826875000003 0.3428446984375 0.3221986703125 0.335900253125 0.3315979109375 0.33140620625
9 0.337611040625 0.50616066875 0.3514957734375 0.53622515 0.3693918015625 0.5480976671875 0.385000640625 0.550329809375 0.4123847921875 0.5424304984375 0.4297338984375 0.514052521875 0.439262425 0.48733624999999997 0.4395209953125 0.4428918046875 0.4335053234375 0.4028322828125 0.4196044296875 0.375545578125 0.4048253234375 0.3649528234375 0.3821690734375 0.365743996875 0.36334635 0.37889876093749997 0.348365234375 0.4030282265625 0.33717724531250004 0.446465728125 0.337611040625 0.50616066875
11 0.25216435625 0.9618303218750001 0.2505129734375 0.9771626640625 0.25280824218750003 0.9854141515625001 0.25512775 0.989498971875 0.26452699218750003 0.9850049234375 0.26770047343750003 0.9765624624999999 0.2654698484375 0.9571998640625001 0.2576735078125 0.9546949046875 0.25216435625 0.9618303218750001
11 0.2922772984375 0.779910675 0.2898850671875 0.788325853125 0.2913586828125 0.8035490671875 0.29524069218750004 0.8075793250000001 0.30463185312499996 0.8044741656250001 0.3070644859375 0.789114540625 0.304004128125 0.7781125578125 0.29699712031250003 0.7741914265625 0.2922772984375 0.779910675
11 0.2138932703125 0.42438737031249996 0.2122418875 0.43971971249999997 0.214529075 0.4493600890625 0.2238879140625 0.451810484375 0.2293889859375 0.44606395781249997 0.23338411875 0.4306497703125 0.2287935828125 0.41414679374999996 0.2209891640625 0.41303072343749997 0.2138932703125 0.42438737031249996
11 0.3935696921875 0.15150044375 0.3942620578125 0.1667509390625 0.40281540624999995 0.1733952828125 0.40908964843750006 0.1690103609375 0.41385795156249994 0.15495778124999998 0.41236817343750004 0.14251234375 0.40771299531249994 0.13712048125 0.399103084375 0.140198359375 0.3935696921875 0.15150044375
11 0.5554692078125 0.38329853593749996 0.5561454140625 0.401326809375 0.5654557703124999 0.4121105375 0.5756362609375001 0.4075892078125 0.5788178234375 0.397757859375 0.5788986265625 0.3838689703125 0.5742676890625 0.37431043750000004 0.56490885 0.37186004375000004 0.5554692078125 0.38329853593749996
11 0.36331956875000004 0.5177603687500001 0.37111590781250003 0.5202653265625 0.375054478125 0.5145733625 0.3735647015625 0.5021279265625 0.3634084515625 0.502482590625 0.36331956875000004 0.5177603687500001
11 0.4087209515625 0.5009002421875001 0.40327644218750003 0.49692454843749995 0.39701028125 0.49992058124999994 0.39618055 0.5082811953124999 0.3992651484375 0.5151165140625 0.40865630937499997 0.512011353125 0.4087209515625 0.5009002421875001
11 0.41831412031250004 0.4630728609375 0.423774790625 0.46427077656250004 0.4277133609375 0.45857881093749997 0.4285350125 0.4516070859375 0.42467724531249995 0.4434101609375 0.416067334375 0.4464880390625 0.415229521875 0.4562375421875 0.41831412031250004 0.4630728609375
11 0.4132009046875 0.402152721875 0.4093431359375 0.393955796875 0.400733225 0.397033675 0.39912224375 0.405421571875 0.40375318125000004 0.4149801046875 0.4115818421875 0.4119295078125 0.4132009046875 0.402152721875
11 0.3701513515625 0.41754211249999995 0.3740495203125 0.41879459218750004 0.380348003125 0.410243003125 0.379615234375 0.401936953125 0.3741868859375 0.39518348125 0.36711523437500004 0.40237346250000006 0.366277421875 0.41212296562499995 0.3701513515625 0.41754211249999995
11 0.3472446109375 0.4613888421875 0.3542192984375 0.47086552656249997 0.36208836093749996 0.4608704859375 0.358254834375 0.44850689531250004 0.3480581828125 0.4558060046875 0.3472446109375 0.4613888421875
8 0.5415223203124999 0.5005923921875 0.5146703140625 0.4926110640625 0.49698108124999996 0.4770126375 0.48942295312499995 0.44403471406249995 0.48323674062500005 0.4101965515625 0.47527427031249997 0.3683123421875 0.4645381125 0.3330125625 0.45506613125 0.31550528906249997 0.43373395312499996 0.2992245171875 0.4009451734375 0.293071009375 0.374502228125 0.293184859375 0.35849960937500003 0.30104081250000003 0.3350648546875 0.33266957812500003 0.3202941625 0.3639957875 0.3082633453125 0.394415371875 0.2998998421875 0.42146310624999994 0.29788767968749996 0.453965671875 0.2949818859375 0.4832570453125 0.2876055875 0.49729794062500005 0.2679270078125 0.51014655 0.2501103890625 0.5164439562500001 0.2386443328125 0.5281962203125 0.23753445156250003 0.56228916875 0.24109246562500003 0.5775701234375 0.2690756453125 0.6774918703125 0.274137946875 0.6964139890625 0.281776271875 0.7156071859375001 0.300786290625 0.739267565625 0.3435599296875 0.7531790796875 0.35995668593749997 0.7558488890625 0.38640434218749997 0.7549253171875 0.4197720484375 0.73997678125 0.4330521046875 0.7297830624999999 0.46329917031249995 0.702782084375 0.4876645203125 0.6678770359375 0.50379374375 0.6381252796875 0.5232244546875 0.5896092421875 0.535282803125 0.5543230171875 0.5441497390625 0.519149628125 0.5437642640625 0.5070002828125 0.5415223203124999 0.5005923921875