2 0.492619240625 0 0.441387475 0.5483348796875 0.44353634375000006 0.5620271171875 0.4599535125 0.5767628 0.7911833078125 0.7343595796875 0.8118546375 0.7206633109375 0.8163367578124999 0.7103455125 0.88069775625 0 0.492619240625 0
9 0.706089484375 0.3931051296875 0.7112128234374999 0.35758899843749997 0.7057725375 0.3108068484375 0.6996910328125 0.28922303125000004 0.6872528250000001 0.26702226875 0.6697839234375 0.24962431875000002 0.6318725703125 0.24031242812500003 0.6294485 0.24758705781249998 0.604798209375 0.268748409375 0.5940956093749999 0.30355236875 0.5912582828125 0.354139484375 0.59349796875 0.384567128125 0.5995794734375 0.40615094531249996 0.6198375453125 0.4357671609375 0.6364835906249999 0.4448926328125 0.660218378125 0.4461721234375 0.6925059796874999 0.42267977968750003 0.706089484375 0.3931051296875
5 0.7533365234375 0 0.753620034375 0.000717659375 0.7631319296875 0.009321409375 0.767109975 0.025580689062500002 0.7634952015625001 0.0762630296875 0.7547598359375 0.09128841875 0.7511459781250001 0.1182463984375 0.754575453125 0.12899069375 0.7868603078125 0.176671434375 0.8026380890624999 0.1691567265625 0.815900984375 0.15218124375 0.8387675078125 0.1368205546875 0.8452177781250001 0.08299981875 0.84691164375 0.0367393921875 0.8332949953125001 0 0.7533365234375 0
0 0.6873109000000001 0 0.6858442328125001 0.03134784375 0.650946346875 0.14726581875 0.62391648125 0.20779386406250003 0.6220863890625 0.228951184375 0.62729963125 0.23389482031250003 0.6386870265625 0.2297089515625 0.6583075421875 0.1896260546875 0.7020297796875 0.122866821875 0.7254457875 0.08929675625 0.7610266375 0.051445596875 0.7601129671875 0.0264377140625 0.749368559375 0 0.6873109000000001 0
1 0.71159336875 0 0.705692709375 0.009379096875 0.707201275 0.024545306250000003 0.7219718203125 0.04646039375 0.7351883921875 0.0448415703125 0.744930078125 0.02411075 0.7410437671875 0.0008625125000000001 0.7402844828124999 0 0.71159336875 0
11 0.6669429328125001 0.3951088828125 0.6677657875 0.4033813609375 0.6768662546875001 0.407848871875 0.68331469375 0.40147686250000003 0.6823546984375 0.3918256375 0.6737573890624999 0.3845054109375 0.6669429328125001 0.3951088828125
11 0.6813048 0.3417146453125 0.6875697703125 0.3493205484375 0.6964876875 0.3440416125 0.6969454390625 0.332821190625 0.6905433234375 0.323836540625 0.68048194375 0.33344216875 0.6813048 0.3417146453125
11 0.656245828125 0.2875666703125 0.6615962125 0.293889053125 0.6685932203125 0.293032028125 0.6717947343749999 0.2856621734375 0.669416990625 0.27758014375 0.6586244890625 0.2719243375 0.656245828125 0.2875666703125
11 0.6320996140624999 0.282150940625 0.6200265078125 0.2794430765625 0.619477021875 0.297652453125 0.6222207859375 0.3015030171875 0.6312758453125 0.297602825 0.6320996140624999 0.282150940625
11 0.6188348875 0.34657514843750004 0.61412480625 0.33877879375000003 0.6063503531250001 0.3397310453125 0.6074929015625 0.3591287171875 0.617599690625 0.3578907921875 0.6188348875 0.34657514843750004
11 0.6270189359375 0.3972078625 0.6316372828125 0.411993171875 0.6432989625000001 0.41056479843749993 0.645219871875 0.4061428828125 0.6415161125 0.39264109375 0.634107678125 0.38936188125000004 0.6270189359375 0.3972078625
8 0.8007226656249999 0.508925821875 0.8147345687499999 0.44188695468750006 0.8171386249999999 0.3950608671875 0.8146170078124999 0.3443625890625 0.8079924500000001 0.2726922234375 0.7900531890625 0.21403959375 0.7736968265625 0.171300453125 0.743387828125 0.1150588625 0.7231325953125001 0.08890464375 0.666646490625 0.06360856875000001 0.6693212953125001 0.0684905140625 0.639766971875 0.05705811875 0.585978340625 0.0690150453125 0.5484576 0.092403146875 0.5100871359375 0.1579514453125 0.4850545109375 0.261239946875 0.482182059375 0.343917715625 0.4966913703125 0.42894060468750006 0.5088857796874999 0.4856118625 0.5320129234375 0.5355753734375 0.56176586875 0.58114775625 0.5992276546874999 0.6230908984375 0.6620441203125 0.6359783453125 0.704489584375 0.63167398125 0.748136365625 0.6039573609375 0.7770087296875 0.5646266343749999 0.8007226656249999 0.508925821875