2 0.388635675 0.9823552265625001 0.508698703125 0.9766984531249999 0.575074615625 0.9623313671875 0.5927368515625 0.9638611921875 0.613504771875 0.9790093593750001 0.8293825859374999 0.946032909375 0.8173290640624999 0.730845809375 0.7963819921875 0.44937205 0.762860125 0.415032990625 0.680108775 0.41217166250000004 0.321999196875 0.42741505 0.304499846875 0.4314974421875 0.284964421875 0.4654856265625 0.376652721875 0.9630465609375 0.380062459375 0.9737999046875 0.388635675 0.9823552265625001
8 0.4017317109375 0.6731328078125001 0.40460392812499996 0.6853775375 0.40287190781250004 0.7124183359375 0.40964251875 0.7522530609375 0.42706584999999997 0.7989161796875 0.4623848890625 0.8484827359375 0.5004404109375 0.87226433125 0.5396904265625 0.8704965140625 0.5591063984375 0.8590749750000001 0.5955819359375 0.8084063515625 0.6320737546874999 0.8183340593749999 0.64165143125 0.8281452203124999 0.6494319375 0.8227288843749999 0.6526353578124999 0.799691146875 0.6469832249999999 0.7850525140625 0.645544409375 0.7021250796875 0.649236484375 0.6959239984375001 0.6394524890625 0.6523217546875 0.6153725640625 0.58976416875 0.5740973406250001 0.528423975 0.544289265625 0.5019732640625 0.5046917609375 0.4784272140625 0.45817704375 0.470030553125 0.407383859375 0.4876543984375 0.374204046875 0.5251361109375 0.3732213015625 0.5379697046875 0.38959673906250003 0.55519811875 0.40709065781250003 0.5976226312499999 0.40799738281250003 0.635534546875 0.4017317109375 0.6731328078125001
9 0.5200898703125 0.6620993625 0.5024059171874999 0.6464801046875001 0.47056176718750004 0.6499351875 0.4504182375 0.6896533625 0.4471442328125 0.7169297078125 0.45220997343749997 0.7513877625000001 0.46428522812499995 0.7805472515625 0.483136528125 0.8030345671875001 0.50119511875 0.8115502265625001 0.51785289375 0.8118242125 0.535189359375 0.8021296046874999 0.548415678125 0.7775608187499999 0.5521566203125 0.7530316953125 0.543051315625 0.69946085625 0.5200898703125 0.6620993625
10 0.37315071718750004 0.5422083093750001 0.36474038750000004 0.5392652078125 0.333944134375 0.572154990625 0.3389664421875 0.5784341828125 0.341301134375 0.5921702953125 0.3341721703125 0.62003550625 0.3351223296875 0.6861262828125 0.3409807796875 0.7345559984375 0.3502978375 0.7754110171875 0.399272115625 0.928587284375 0.41235726406250006 0.9124957109375 0.42656089531249997 0.9216002328125 0.4375882546875 0.921325021875 0.46129897656249996 0.9444793109375 0.4927902046875 0.9622172593749999 0.548323359375 0.9678270343750001 0.590402159375 0.9501250796875 0.6494916546875 0.91150408125 0.649426503125 0.869235784375 0.6437526546875 0.8405077234375 0.6259058171875 0.8192762453125001 0.590277290625 0.8190815859375 0.562260953125 0.8543652749999999 0.5592692859375 0.86468719375 0.5355314124999999 0.8739503750000001 0.52011156875 0.876305834375 0.4630852984375 0.8526035703125 0.42993806718750005 0.8111609062499999 0.40618391249999997 0.75982775625 0.39784959999999997 0.7061391421875001 0.3987183265625 0.6693652921875 0.40668886718749997 0.637143703125 0.4047070953125 0.6022145562500001 0.3964868015625 0.5724662 0.37315071718750004 0.5422083093750001
0 0.5483342437500001 0.6746961875 0.57159974375 0.7091926859375 0.6302114328124999 0.7608382687499999 0.6756456703125 0.8187246 0.6961095390625001 0.8367377625 0.7152214578125 0.82818121875 0.7265583062500001 0.778534109375 0.7259067640625 0.7560852359375 0.6531131640625001 0.7094245640625 0.5944743234375001 0.6901964515625 0.569922025 0.6713985421875 0.5483342437500001 0.6746961875
1 0.7083802625 0.7925850984375 0.708966653125 0.772765675 0.6938997312499999 0.7539281015625 0.6805593937500001 0.7545566328125 0.6711880375 0.7785365546875 0.6759985921875 0.797531565625 0.6868141984375 0.8099721750000001 0.7006920578125 0.8078522593749999 0.7083802625 0.7925850984375
5 0.7471741921875 0.8951732937499999 0.7758909375 0.864010440625 0.78173310625 0.8518438187499999 0.78078294375 0.7857530406250001 0.7776555421875 0.7580452671875 0.761605875 0.7520412890625 0.7474239609375 0.7570261984375 0.7408596703125 0.750982553125 0.7351098046875 0.773 0.7362065656250001 0.7841066624999999 0.7243104796875001 0.821155725 0.7089123515625 0.8376006171875 0.6847075421875 0.8441165765624999 0.6764112296875 0.8651137296875 0.6759660078125 0.8764559390625 0.68691735 0.9269262359375 0.6960280875 0.9339901749999999 0.7099059484375 0.931870259375 0.7222906890624999 0.9116578515624999 0.7471741921875 0.8951732937499999
11 0.7435744515625 0.5109911203124999 0.74201075 0.4971372328125 0.73551704375 0.48685498281250006 0.727573653125 0.4866591015625 0.7248860390625 0.49411602343750005 0.7261456859375001 0.51083490625 0.7303970015625 0.5172318687499999 0.74065336875 0.5170744296875001 0.7435744515625 0.5109911203124999
11 0.6678923343750001 0.5916064265625 0.6647866484375 0.5779880859375 0.6522878875 0.5742602359375 0.6537104203124999 0.5965913359374999 0.66520471875 0.599063346875 0.6678923343750001 0.5916064265625
11 0.631101859375 0.9382708921875 0.640212596875 0.9453348281249999 0.649909725 0.9325793421874999 0.6460330484375 0.919078775 0.6379267703125 0.9132706765625 0.62822964375 0.9260261625 0.631101859375 0.9382708921875
11 0.4221684109375 0.9236804812500001 0.41459965624999995 0.916380996875 0.4058146890625 0.9205414968750001 0.406536815625 0.9387517640624999 0.41665201406249996 0.9470715390625 0.4225864828125 0.9447557421875 0.4263491421875 0.934316053125 0.4221684109375 0.9236804812500001
11 0.322216365625 0.56830936875 0.3153697375 0.5792201515625 0.3177044296875 0.5929562640625 0.32396466875 0.6018649046875 0.33391698281250004 0.6045724625 0.339455096875 0.5952708375 0.333710665625 0.57078138125 0.322216365625 0.56830936875
7 0.7465354796875 0.5883589687499999 0.7406574890625001 0.530804365625 0.7382072796875 0.490354771875 0.6975232765625 0.48682714687499995 0.664896234375 0.49088379218749995 0.6460381515625 0.48866147812499994 0.642600828125 0.5128454546875 0.6491247640625 0.56195143125 0.6500465796875 0.582686209375 0.6545657984375 0.600088146875 0.672385284375 0.60427439375 0.7112400796875 0.6058125078125001 0.7451662390625 0.6048057953125 0.7465354796875 0.5883589687499999
11 0.49588505781250003 0.6686153218750001 0.4938055515625 0.6703422515625 0.4921929828125 0.67481640625 0.49382726874999994 0.684431684375 0.4963031296875 0.6896905828125 0.5021670140625 0.69161339375 0.5053215671875 0.6869036953125 0.5056256203125 0.6840387 0.503991334375 0.6744234203125 0.5015154734375 0.6691645234375 0.4989690265625 0.6681442296875 0.49588505781250003 0.6686153218750001
11 0.5247809734375 0.7036610203125 0.5223974124999999 0.70825294375 0.5225602984375 0.7138651625 0.5255030984375 0.7218712843749999 0.5265075593749999 0.7231271234375 0.5316004515625 0.7251677078125 0.5347550046875 0.7204580078125 0.5350590578125 0.7175930140625 0.5336582421875 0.7093513453125 0.5314158499999999 0.7054660593750001 0.5278649421875 0.703189928125 0.5247809734375 0.7036610203125
11 0.5301019015625 0.7535821171875 0.5247049546875 0.7544065296875 0.523396440625 0.7560156874999999 0.5227883328125 0.7617456765624999 0.52418915 0.7699873453125 0.5254270812499999 0.7726167937499999 0.5274360046875 0.7751284703125 0.5307534406250001 0.776030990625 0.5349124562500001 0.7725771296875 0.5359875 0.7695943609375 0.534119746875 0.7586054703125 0.5318773546875 0.7547201828125 0.5301019015625 0.7535821171875
11 0.4940498703125 0.7788191 0.49521721718749995 0.7856871562500001 0.497693078125 0.7909460546875 0.5027859703125 0.792986640625 0.5077159765625 0.7894150046874999 0.5080200296874999 0.786550009375 0.5066192140625 0.7783083421875 0.5033723609375 0.77316721875 0.4990504609375 0.771008859375 0.49512491562500005 0.7758363312500001 0.4940498703125 0.7788191
11 0.465691478125 0.74228201875 0.4650833703125 0.7480120109375 0.4664841875 0.7562536765625001 0.469497571875 0.7600211921875 0.47435699375 0.760688165625 0.47720749375000004 0.7588434609375 0.47804907031250005 0.75448708125 0.47788618437499997 0.7488748640625 0.47517685312499996 0.742242353125 0.47216346875 0.7384748390625 0.46753751718750003 0.7391814765625 0.465691478125 0.74228201875
11 0.46530055625 0.6887892875 0.464154928125 0.6960106625 0.46532227343750004 0.70287871875 0.46702714375000004 0.708255390625 0.469807059375 0.71064929375 0.4736620203125 0.7100604296874999 0.47604558125 0.705468503125 0.4763496328125 0.70260350625 0.47471534843749996 0.692988228125 0.47347741875000005 0.690358778125 0.46992651093750004 0.68808265 0.46530055625 0.6887892875