2 0.5296875 0.7625 0.57578125 0.497222221875 0.56796875 0.48055555625 0.353125 0.3625 0.34453125 0.372222221875 0.30546875 0.5625 0.29375 0.625 0.29921875 0.6458333328125 0.5265625 0.765277778125 0.5296875 0.7625
5 0.37578125 0.48055555625 0.396875 0.46666666718750005 0.4203125 0.47222222187499996 0.43125 0.4625 0.43203125 0.45416666718750004 0.425 0.4236111109375 0.41953125 0.41805555625 0.39921875 0.40972222187499996 0.3859375 0.41944444374999995 0.37421875 0.3986111109375 0.365625 0.397222221875 0.359375 0.40555555625000006 0.34765625 0.46388888906250003 0.34453125 0.48194444374999995 0.3453125 0.5125 0.3671875 0.515277778125 0.37578125 0.48055555625
0 0.43125 0.5916666671875 0.44921875 0.60694444375 0.409375 0.5083333328124999 0.3984375 0.46666666718750005 0.37578125 0.48055555625 0.371875 0.4916666671875 0.371875 0.5097222218749999 0.37578125 0.522222221875 0.39765625 0.5388888890625 0.43125 0.5916666671875
1 0.38575703125 0.5022249999999999 0.38789140624999996 0.5080541671875001 0.39299765625 0.5103583328125 0.39596953125 0.5081888890624999 0.39779921875 0.5042583328125 0.39764609375000004 0.495990278125 0.39596953125 0.4911111109375 0.39200703125 0.48840000000000006 0.38827265624999996 0.490297221875 0.38682421875 0.49409305625 0.38575703125 0.5022249999999999
7 0.3578125 0.6347222218749999 0.36875 0.622222221875 0.36953125 0.5930555562500001 0.37421875 0.5694444437499999 0.3703125 0.5611111109375 0.365625 0.5583333328125 0.3625 0.5527777781250001 0.35703125 0.5305555562500001 0.346875 0.5305555562500001 0.33671875 0.5722222218749999 0.33671875 0.5833333328125 0.33359375 0.5875 0.33359375 0.60694444375 0.33671875 0.6138888890625 0.35078125 0.63055555625 0.3578125 0.6347222218749999
9 0.46953125 0.6263888890625 0.48046875 0.6263888890625 0.48828125 0.6152777781250001 0.4921875 0.6083333328125 0.4984375 0.5833333328125 0.4984375 0.5708333328124999 0.49609375 0.5583333328125 0.4921875 0.5486111109375 0.48515625 0.5375 0.475 0.5319444437499999 0.465625 0.534722221875 0.4546875 0.547222221875 0.45078125 0.5583333328125 0.44921875 0.5694444437499999 0.4484375 0.5888888890625 0.45234375 0.6111111109375 0.46015625 0.622222221875 0.46953125 0.6263888890625
11 0.35234375 0.54305555625 0.35234375 0.5375 0.353125 0.5361111109375 0.3515625 0.5305555562500001 0.346875 0.5305555562500001 0.34453125 0.534722221875 0.34453125 0.54444444375 0.34921875 0.547222221875 0.35234375 0.54305555625
11 0.36640625 0.6361111109375 0.36796875 0.6347222218749999 0.36953125 0.6291666671875 0.36953125 0.6236111109375 0.36875 0.6208333328125 0.36640625 0.61944444375 0.3640625 0.61944444375 0.3625 0.6208333328125 0.36015625 0.625 0.36015625 0.6319444437499999 0.3625 0.6361111109375 0.36640625 0.6361111109375
11 0.47154375000000004 0.558665278125 0.4747609375 0.5583375 0.476875 0.55278055625 0.47678281250000004 0.5473861109375 0.47411796875 0.5434625 0.47209531250000003 0.5419916671875 0.46988984375 0.5431361109374999 0.46777578125 0.54640555625 0.46832734374999996 0.554415278125 0.47154375000000004 0.558665278125
11 0.4555515625 0.5732125 0.45830859375 0.5758277781250001 0.46152578125000004 0.5710875 0.46143359375 0.56373194375 0.4595953125 0.5603 0.45842499999999997 0.55989305625 0.45591875000000004 0.5598083328125 0.45270234374999996 0.5638958328125 0.4535296875 0.569452778125 0.4555515625 0.5732125
11 0.47090078125 0.617675 0.4738421875 0.6191458328125 0.47715078125000004 0.6184916671875 0.4783453125 0.61440555625 0.47816171875 0.6090111109375 0.47705859375 0.6052513890625 0.47503671875000003 0.6044347218749999 0.4716359375 0.60623194375 0.46979765625000003 0.6116263890625 0.47090078125 0.617675
11 0.45757343749999996 0.605577778125 0.46088203125 0.60394444375 0.46216875 0.6000208328125 0.46198515625000003 0.5936458328125 0.45996328125 0.5902125 0.45977968750000003 0.5902125 0.45628671875000004 0.590702778125 0.4539890625 0.5946263890625 0.45536796874999996 0.6010013890625 0.45757343749999996 0.605577778125
11 0.48772031250000003 0.6044347218749999 0.49020234374999994 0.603452778125 0.49295937500000003 0.5978958328124999 0.49286796875 0.5931555562499999 0.49167265625 0.5895597218749999 0.48983437500000004 0.58906805625 0.4883640625 0.588577778125 0.48542265625000003 0.5918472218749999 0.48560625 0.599202778125 0.48772031250000003 0.6044347218749999
11 0.48606640624999997 0.5683083328125 0.48882343749999996 0.569290278125 0.49102968750000003 0.5668375 0.49167265625 0.56144305625 0.49102968750000003 0.5585013890625 0.48928281250000005 0.55523194375 0.48831796875 0.5551861109375 0.48597421875 0.5560486109375 0.48330859375 0.5603 0.48441171875 0.5661833328125 0.48606640624999997 0.5683083328125
8 0.39517734375 0.59273055625 0.39564609375000004 0.6063486109375 0.39689609375 0.619409721875 0.39986484375 0.63830694375 0.40283359374999994 0.65025694375 0.40783359375000006 0.6652638890625 0.41252187500000004 0.6772125 0.42095937499999997 0.690275 0.43111640625 0.7036138890625 0.44236718750000004 0.7144513890625 0.45627421874999996 0.720565278125 0.47018125 0.7225111109375 0.48018203125000003 0.723622221875 0.4883078125 0.71834305625 0.5009640625 0.7108388890625 0.51112109375 0.7011125 0.5184656249999999 0.690552778125 0.523621875 0.6808263890624999 0.53065390625 0.67054305625 0.53893515625 0.6519236109375 0.5439359375 0.630247221875 0.5476859375 0.604125 0.5509671875000001 0.58189305625 0.5484671875 0.55688194375 0.5447171875000001 0.5357611109375 0.5392476562499999 0.51853055625 0.5351851562500001 0.506025 0.5286226562499999 0.49101805625 0.520965625 0.4785125 0.5131523437500001 0.47073194375 0.50315234375 0.4615611109375 0.4962765625 0.455725 0.4886203125 0.45266805625 0.4709625 0.4498888890625 0.46268125 0.4485 0.45205546874999997 0.45100138906250004 0.44908671875 0.45183472187499996 0.4404921875 0.45989305625 0.43252265625 0.4704541671875 0.42408515625 0.479347221875 0.414084375 0.48990694375 0.409396875 0.49907777812500004 0.40830312500000004 0.50408055625 0.39906015625 0.539809721875 0.39845859375 0.5465986109375 0.39564609375000004 0.560772221875 0.39564609375000004 0.571609721875 0.39517734375 0.59273055625
11 0.37282734375 0.41360833281250003 0.37243125 0.40421944375 0.36913203125 0.40210694374999995 0.36860468750000003 0.4028111109375 0.36871953125 0.4021375 0.36345703125 0.4051583328125 0.3641171875 0.41853749999999995 0.36847265625 0.422527778125 0.37282734375 0.41360833281250003