2 0.3677252015625 0.698760815625 0.42141104062499996 0.68188565625 0.6961546140625 0.56210023125 0.6403169937500001 0.16854255 0.6334741453125 0.1595518640625 0.6233096375 0.15854860312500002 0.306802621875 0.288070678125 0.3018201328125 0.30005181406250003 0.302246134375 0.315338540625 0.34396123125 0.6091048203125 0.3570376328125 0.6866188890625 0.3677252015625 0.698760815625
5 0.36945590625 0.323358184375 0.35332749531249996 0.3092933515625 0.33977662343750004 0.3190428890625 0.3370427296875 0.33540360625 0.3567732734375 0.46346613124999997 0.367266725 0.48390417656249995 0.385250084375 0.48567917656250004 0.3973018921875 0.47300992031250005 0.3976254203125 0.45918305468750004 0.3875849140625 0.4193873953125 0.40683004062499994 0.36723761875 0.43833191875 0.3606457703125 0.44155110625000005 0.32354475312500003 0.4473478328125 0.31025810468750004 0.44060204374999995 0.297119359375 0.4160670140625 0.2739094953125 0.3875632640625 0.2863407859375 0.3790973515625 0.3132227796875 0.36945590625 0.323358184375
9 0.5133659546875 0.402698803125 0.51865044375 0.44479679531249994 0.52308293125 0.45632133125 0.5376152203125 0.4716145 0.5540348078124999 0.473235153125 0.5667390875 0.46617381562500004 0.573155934375 0.459877775 0.5840645624999999 0.42907924375000006 0.5860165687500001 0.412641353125 0.5822958484375 0.3706977109375 0.57633194375 0.35763614062500004 0.55870446875 0.3406515859375 0.543066765625 0.339108109375 0.528734009375 0.34878047031250003 0.514568428125 0.3848010515625 0.5133659546875 0.402698803125
7 0.43547414843750004 0.6167514828125 0.4377173328125 0.5878694125 0.4409419328125 0.5840300484375 0.427574353125 0.5189601609375 0.41926479531250005 0.50566706875 0.39841271875 0.4925218796875 0.3762934625 0.500039815625 0.380634303125 0.5489740640624999 0.3924381125 0.6138896046875 0.39934566562499996 0.6201149171875 0.4220203359375 0.6223529609375 0.43547414843750004 0.6167514828125
11 0.37968524062500003 0.5225486703125 0.38835068281249996 0.5206322109375 0.38939139218749996 0.5096478921875 0.3848942015625 0.5008887296875 0.37850970625 0.505802084375 0.37968524062500003 0.5225486703125
11 0.43798157031249996 0.610069571875 0.44671171875000004 0.6053877390625 0.44765536875 0.59855148125 0.44319052968749995 0.5884096296875 0.439281103125 0.5880237593750001 0.43520991249999996 0.5945513234375001 0.4349834421875 0.6042301296875 0.43798157031249996 0.610069571875
11 0.3462635875 0.343243125 0.3524539640625 0.34662589062500004 0.35492903125 0.34132666718750004 0.354470675 0.3274226265625 0.34909453749999997 0.3227343484375 0.34430616875000003 0.32641936562499996 0.3433301640625 0.3346383109375 0.3462635875 0.343243125
0 0.39403952656249996 0.44497031875 0.4117640609375 0.4578068109375 0.4354794390625 0.4490605375 0.5023656812499999 0.47090704531250005 0.5173509109375 0.46684260625 0.5182622078125 0.46138903124999997 0.511484065625 0.4496329734375 0.4566496328125 0.41511720625 0.414616540625 0.36939204375 0.4083614578125 0.368774653125 0.40429026874999996 0.375302215625 0.3947836453125 0.4131685265625 0.391559046875 0.417007890625 0.39403952656249996 0.44497031875
1 0.41009240625 0.39527721875 0.40598886093750003 0.4031874703125 0.4056976859375 0.4156316484375 0.4094129921875 0.4243136359375 0.41710243281250003 0.4306161234375 0.4275257640625 0.42055789218750006 0.42709976093749996 0.405271165625 0.42338445468749997 0.3965891765625 0.41009240625 0.39527721875
8 0.6526813812500001 0.4739608125 0.6562634734375 0.43056075937499994 0.6587890671875 0.3924225546875 0.6607251640625 0.3694971734375 0.6503710734375 0.33339026562499996 0.6422300203125 0.3123598046875 0.6297814390625 0.285952434375 0.618827425 0.2654703171875 0.6046538296875 0.24301983124999998 0.5943033718749999 0.236633475 0.5719634609375001 0.2241078265625 0.5559879 0.2188168421875 0.5324477203125 0.2177309609375 0.5135934890625 0.225777659375 0.49701974687500006 0.2460179046875 0.48086284375000005 0.25845798593749997 0.47361886093749994 0.268888234375 0.4626710046875 0.2880331875 0.45755314062499997 0.3073405796875 0.45117467031249997 0.3306520859375 0.44317561093749996 0.35339064375 0.4397660046875 0.37947175 0.43869196875 0.395464121875 0.4408585078125 0.4225085984375 0.4428546421875 0.45542901718750006 0.44619183125 0.47380672031250004 0.45069475625 0.49076115781249996 0.4607281453125 0.5206456859374999 0.468743 0.5371221609375 0.4814027765625 0.5544700921875 0.49483075625 0.57891055625 0.5091882203125 0.5935364937500001 0.5238838921875 0.6036556703125 0.54524269375 0.6082404015625 0.5671235703125 0.6004938265625 0.5812252984375 0.5961065828125001 0.6046760671875 0.5810852578125 0.6236064375 0.5598372515625 0.6369012484375001 0.5400979671874999 0.6490975484375 0.5074544249999999 0.6526813812500001 0.4739608125
11 0.5388691578125 0.43584259062499997 0.5331837375 0.43924781562500004 0.5339056265625 0.45099926406249996 0.5397427734375 0.4570856609375 0.543656884375 0.4548263484375 0.5454265359375 0.44310046718749996 0.5443539546875 0.44101140625 0.538874303125 0.43562274375000004 0.5388691578125 0.43584259062499997
11 0.5652958828125 0.43514426406249995 0.5593138843750001 0.435214890625 0.5598694359375 0.443424240625 0.562578796875 0.4500833390625 0.5670226609375 0.45184408906250006 0.5697148999999999 0.44858414062499996 0.5706254625 0.441621271875 0.568599478125 0.4376752703125 0.5652958828125 0.43514426406249995
11 0.579235578125 0.3983945859375 0.57788941875 0.3973802984375 0.57574314375 0.3949579765625 0.5719030578125001 0.3976708484375 0.5721680375 0.407614359375 0.5756284921875 0.41412585156250004 0.5796316625 0.41341920156249995 0.581157865625 0.4067388375 0.5813748125 0.402792478125 0.579235578125 0.3983945859375
11 0.5675578703124999 0.36506599687499997 0.5657555859375 0.362243846875 0.561492659375 0.3580756671875 0.5583442953125 0.3595277546875 0.5571592937500001 0.3622767921875 0.557486815625 0.36958083125 0.5612002406250001 0.3758983234375 0.5654263296875001 0.37631544843750003 0.56754844375 0.37079429375 0.5675578703124999 0.36506599687499997
11 0.5425663515625 0.3630399828125 0.53973864375 0.36143875312499996 0.53563173125 0.3612537453125 0.5342179171875 0.3630973921875 0.5324945140625 0.3675547421875 0.5334119578125 0.376240521875 0.5380324109375 0.38110505625 0.5420561890625 0.37951763125000004 0.5430070921875 0.37079729375000003 0.5425663515625 0.3630399828125
11 0.5313300890625 0.406668528125 0.5299411375 0.4021243359375 0.5262800140625 0.398896975 0.522251090625 0.4007042453125 0.5210970640625 0.40742134218750004 0.5227663515625001 0.41596097656250003 0.52620536875 0.41806325624999996 0.5307256125 0.4165262203125 0.5320871578124999 0.41159105937499996 0.5313300890625 0.406668528125