2 0.21953125 0 0.21171875 0.006944443749999999 0.21484375 0.4861111109375 0.22109375 0.625 0.21796875 0.6638888890625 0.22109375 0.665277778125 0.21953125 0.6888888890625 0.2296875 0.7083333328125 0.4359375 0.68194444375 0.88046875 0.6375 0.94453125 0.6236111109375 0.990625 0.622222221875 0.99921875 0.6166666671875001 0.99921875 0.44444444375 0.96640625 0.0736111109375 0.95859375 0.009722221875000001 0.953125 0 0.21953125 0
5 0.27734375 0 0.27890625 0.16388888906250001 0.29140625 0.20833333281250002 0.3640625 0.20138888906250002 0.36484375 0.1763888890625 0.35703125 0.134722221875 0.359375 0.090277778125 0.38046875 0.06527777812499999 0.384375 0.0666666671875 0.4125 0.0166666671875 0.42265625 0.0125 0.4171875 0 0.27734375 0
0 0.42265625 0.2166666671875 0.45390625 0.2125 0.47109375 0.23194444375 0.53671875 0.27777777812500004 0.6 0.30555555624999997 0.62421875 0.302777778125 0.62265625 0.2833333328125 0.61328125 0.259722221875 0.5734375 0.225 0.48125 0.12222222187500001 0.428125 0.03194444375 0.41953125 0.025 0.40234375 0.0236111109375 0.38203125 0.06944444375 0.3609375 0.0888888890625 0.359375 0.10694444375 0.35859375 0.14305555625 0.36796875 0.17916666718750002 0.39609375 0.20416666718749998 0.42265625 0.2166666671875
1 0.42890625 0.14861111093749999 0.440625 0.1361111109375 0.4453125 0.1208333328125 0.44453125 0.0875 0.42890625 0.0625 0.41875 0.061111110937500004 0.41015625 0.06805555625000001 0.3984375 0.090277778125 0.39765625 0.115277778125 0.40390625 0.1416666671875 0.41875 0.15 0.42890625 0.14861111093749999
7 0.3296875 0.5527777781250001 0.3765625 0.5763888890625 0.40390625 0.5763888890625 0.421875 0.5694444437499999 0.42265625 0.5583333328125 0.41640625 0.5527777781250001 0.4125 0.5305555562500001 0.4140625 0.5166666671875 0.42734375 0.50555555625 0.4171875 0.35972222187499997 0.3484375 0.29444444375 0.34140625 0.28055555625 0.31796875 0.2833333328125 0.315625 0.30555555624999997 0.31328125 0.3638888890625 0.3203125 0.5361111109375 0.3265625 0.5416666671875 0.3296875 0.5527777781250001
9 0.68359375 0.35972222187499997 0.7015625 0.35972222187499997 0.7203125 0.35 0.77890625 0.275 0.79453125 0.2208333328125 0.7921875 0.1361111109375 0.7875 0.109722221875 0.76953125 0.072222221875 0.75546875 0.055555556250000006 0.709375 0.03194444375 0.6875 0.0361111109375 0.665625 0.052777778124999994 0.64765625 0.0791666671875 0.6375 0.10694444375 0.634375 0.1458333328125 0.62265625 0.177777778125 0.61875 0.20694444375 0.6171875 0.26527777812500003 0.634375 0.3166666671875 0.65390625 0.34444444375 0.68359375 0.35972222187499997
11 0.3296875 0.34027777812500004 0.33828125 0.33194444375 0.34140625 0.3166666671875 0.334375 0.29722222187499997 0.32421875 0.2958333328125 0.31953125 0.3013888890625 0.31640625 0.3083333328125 0.31640625 0.3263888890625 0.3203125 0.3361111109375 0.3296875 0.34027777812500004
11 0.440625 0.5458333328125 0.44140625 0.525 0.434375 0.5125 0.42109375 0.5125 0.4140625 0.527777778125 0.415625 0.55 0.425 0.5611111109375 0.4328125 0.5583333328125 0.440625 0.5458333328125
11 0.7453125 0.2736111109375 0.74765625 0.252777778125 0.73984375 0.2416666671875 0.7359375 0.240277778125 0.7265625 0.2513888890625 0.72578125 0.2666666671875 0.73046875 0.27777777812500004 0.73984375 0.28055555625 0.7453125 0.2736111109375
11 0.695015625 0.2511958328125 0.690403125 0.2383041671875 0.68216640625 0.2289291671875 0.675246875 0.23185833281249998 0.6709640625 0.243577778125 0.6729406250000001 0.26174305625 0.68117734375 0.2728763890625 0.695015625 0.2511958328125
11 0.66470390625 0.1773638890625 0.666021875 0.160372221875 0.66305625 0.148652778125 0.65514921875 0.14279305625 0.6485593749999999 0.1592 0.65020703125 0.183809721875 0.65745546875 0.1879111109375 0.66470390625 0.1773638890625
11 0.7035820312500001 0.0976736109375 0.7029226562499999 0.0777513890625 0.69831015625 0.0742361109375 0.6887554687499999 0.06896250000000001 0.68117734375 0.0882986109375 0.68644921875 0.10470555625 0.69402734375 0.1117375 0.7035820312500001 0.0976736109375
11 0.7556390625 0.11056527812500001 0.75728671875 0.10060416718750001 0.75432109375 0.0847833328125 0.74178203125 0.07534444375 0.73257578125 0.10177499999999999 0.73784765625 0.11701111093750001 0.746084375 0.12345555625 0.7556390625 0.11056527812500001
11 0.78359375 0.184722221875 0.7828125 0.15972222187500001 0.76640625 0.15555555625 0.75625 0.172222221875 0.75703125 0.1888888890625 0.765625 0.20555555625 0.77578125 0.20138888906250002 0.78359375 0.184722221875
8 0.760259375 0 0.71540625 0.0028527781249999998 0.67580703125 0.0071652781250000006 0.57195859375 0.001415278125 0.55013828125 0.003572221875 0.5004570312500001 0 0.48993046875 0.035909721875 0.4854859375 0.06896805624999999 0.46891875 0.144425 0.46164531249999996 0.20407222187500001 0.45881640625 0.2816861109375 0.471746875 0.3398958328125 0.49518359375000004 0.40816666718750005 0.52023671875 0.46422083281250004 0.5553914062499999 0.5231486109375 0.59499140625 0.5684236109375 0.63863203125 0.60004305625 0.707325 0.63381944375 0.7647039062500001 0.6374125 0.827740625 0.5978875 0.8653195312499999 0.5598 0.90693984375 0.4462541671875 0.9328007812499999 0.3549875 0.9441148437500001 0.2579708328125 0.94573125 0.19976111093749999 0.9461351562500001 0.1171166671875 0.92956796875 0.041659721875 0.9093640625000001 0.0121958328125 0.89764609375 0.005727778125 0.8649156250000001 0 0.8366304687499999 0 0.760259375 0