2 0.5292633984374999 0.464773671875 0.41231286406249995 0.5030603 0.438749790625 0.750256890625 0.44585556718749997 0.7631949734375 0.65176998125 0.709796996875 0.6556368109374999 0.7031093359375 0.651438603125 0.6529075125 0.6268474562499999 0.4543751484375 0.6213288234375 0.44569974375 0.6127167265625 0.44237446406250003 0.5292633984374999 0.464773671875
1 0.57852951875 0.6080170796875 0.5754279703125 0.6119796578125001 0.5754683828125 0.6189174000000001 0.5786669171875001 0.631605403125 0.5857161171875 0.634830646875 0.5911700921875 0.632405665625 0.5919434578125 0.6310681328125 0.59264408125 0.617242665625 0.5879068984375 0.608617278125 0.5855544703125 0.6070796781250001 0.5808657796875 0.6067795796875 0.57852951875 0.6080170796875
9 0.5230466828125 0.6044659125 0.519042453125 0.5875652484375 0.512742371875 0.5788398265625 0.50254313125 0.5712518703125 0.4923923859375 0.5719892046874999 0.48307966406249997 0.5824893953125 0.4769573953125 0.6042900359375001 0.47784391406250004 0.6223781828125 0.4802448359375 0.6322410703125 0.48656108124999997 0.6437415890625 0.49756601875 0.6555422046875 0.506935315625 0.6547548546875 0.513936021875 0.6496548109375 0.51857621875 0.64162961875 0.5231760015625 0.6266666859375001 0.5230466828125 0.6044659125
11 0.6040021 0.5555532359375001 0.6032368171875 0.558278315625 0.6040425125 0.5624909765624999 0.607982084375 0.5682912531250001 0.6095368984375 0.5670037375 0.6118569953125 0.562991140625 0.6118327484375 0.558828496875 0.6110351359374999 0.5560033843750001 0.6094641562499999 0.5545158031249999 0.605556915625 0.5542657203125 0.6040021 0.5555532359375001
11 0.5685378765625 0.5019632046875 0.5724774484374999 0.50776348125 0.5748137109375 0.50652598125 0.57636044375 0.5038509171875 0.5763119484375 0.49552562812499995 0.5739514390625 0.49260048125000006 0.5708256453125 0.492400415625 0.56927083125 0.49368793125000004 0.5684974656249999 0.49502546406250003 0.5685378765625 0.5019632046875
8 0.5695803578125 0.6480759796875 0.5698302390625 0.6350524921875 0.569825171875 0.6341825 0.568076515625 0.585965565625 0.5662081359375 0.57338489375 0.5625388015625 0.55953078125 0.5578810843750001 0.5441639578124999 0.5511008281249999 0.52837139375 0.5453124500000001 0.51496004375 0.5359357874999999 0.501608915625 0.5149768765625 0.48838613750000004 0.5038601734375 0.484487215625 0.49065639531249994 0.486251115625 0.476816203125 0.490870403125 0.4644789109375 0.5013822875 0.45701881718750004 0.5090189359374999 0.44910331406250004 0.5224228421875 0.4424877546875 0.5350388921875 0.439777778125 0.54587708125 0.4338847515625 0.5704220734375001 0.4305603203125 0.58788561875 0.42905959375 0.6103940109375 0.42999271562499997 0.6304477859375 0.434007275 0.64751278125 0.4406604578125 0.6693835046875 0.4471215984375 0.6863138156249999 0.45567905 0.6990327296875 0.4660433140625 0.7138965171875 0.47736477187500004 0.7250530046875 0.487515053125 0.731209184375 0.5089082046875 0.734896178125 0.5173795390625 0.7328307671875 0.530559675 0.7270082875 0.5393205078125 0.718586609375 0.5469337875 0.7092204265625 0.5537135703125 0.6969033890625 0.55807119375 0.6887796640625 0.5635358218750001 0.6746391125 0.5680002609375 0.6569586453125 0.5695803578125 0.6480759796875
0 0.5292336109375 0.5937656546875 0.5535554984375 0.6119667453125001 0.5842178812500001 0.6458310015625 0.59664023125 0.6327557796875001 0.6004424 0.6149677328125 0.601159190625 0.6039173640625 0.5885994390625 0.5934042609375 0.5534100171875 0.5869908749999999 0.5283390109375 0.5742899625 0.51975924375 0.576514878125 0.5292336109375 0.5937656546875
5 0.624554146875 0.5970925671875 0.6174160421875 0.5786042890624999 0.608038659375 0.5780040921875 0.600232259375 0.578891475 0.5987016921875 0.5843416359375 0.6020618734375 0.6247806046875 0.5920323640625 0.646331165625 0.570200303125 0.6532559953125 0.5641346109375001 0.684769475 0.5814638765625 0.709458159375 0.6017249578125 0.70104575 0.605575621875 0.6915829921875 0.6164674046874999 0.683957934375 0.628221459375 0.6902583734375 0.6328697375 0.6836207296875 0.624554146875 0.5970925671875
11 0.503841396875 0.6342784359375 0.50439091875 0.6391696046875001 0.5055752234375 0.6413273390625001 0.508322984375 0.6438153890625 0.50961285625 0.641700890625 0.5107755953125 0.6401566453124999 0.511206925 0.6360217718750001 0.5101437 0.6322545078124999 0.5080481234375 0.630154959375 0.5060316625 0.630372653125 0.503841396875 0.6342784359375
11 0.5131313734375 0.608742759375 0.5121720843750001 0.6116884437500001 0.5122618703125 0.615971796875 0.51436340625 0.619228509375 0.5148217921875 0.6196046078124999 0.5170329359375 0.6192828625 0.5178965062499999 0.6188138390625 0.51877098125 0.6159251421875 0.518548671875 0.61128655 0.517034471875 0.608415571875 0.515338484375 0.6077286296875 0.5131313734375 0.608742759375
11 0.5049042265625 0.5931863140625 0.5064041734375 0.5937441999999999 0.5091998531249999 0.5939231359375 0.5118574671875 0.5912026640625 0.5111199953125001 0.587571375 0.509864096875 0.5842536593750001 0.5075035875 0.5813285140625 0.5048355015625 0.581387990625 0.5030352875 0.5852036140625 0.5037827609375001 0.59068584375 0.5049042265625 0.5931863140625
11 0.4928603984375 0.5816618015625 0.490641171875 0.580595996875 0.48895518281249994 0.58175999375 0.4876775390625 0.5858393093750001 0.487768675 0.59035438125 0.4889496078125 0.5919335078125 0.49116884218749995 0.5930006999999999 0.4937686890625 0.592357075 0.4949273890625 0.5901190578125 0.49503700625 0.5865419859375 0.494498265625 0.5835018078124999 0.4928603984375 0.5816618015625
11 0.4822557328125 0.6049176578125001 0.4809619234375 0.6062218796875001 0.480138409375 0.610215140625 0.480151890625 0.612529571875 0.4814720796875 0.615619765625 0.4819993671875 0.6166937890625 0.484532703125 0.617371909375 0.4860316171875 0.6161432312499999 0.486860403125 0.61318919375 0.4862487203125 0.608757315625 0.4846041203125 0.6057614828125 0.4822557328125 0.6049176578125001
11 0.48930109843749997 0.629880209375 0.48827818125 0.633167190625 0.4881659765625 0.6361657046875 0.48876621406250004 0.6386328156250001 0.49021073125000003 0.64080581875 0.4915159953125 0.6414677531249999 0.4937934609375 0.6412667640625 0.49579913906249995 0.63919808125 0.49597563593749994 0.635972046875 0.494382421875 0.6306673203125001 0.4915737328125 0.6289840078125 0.48930109843749997 0.629880209375
7 0.6123035 0.5590472640625 0.6085411953125 0.519979296875 0.6042348109375 0.4992158296875 0.6006448390625 0.48973317187500004 0.5817450828124999 0.4867064859375 0.572934215625 0.49109841093749995 0.567831915625 0.4934155203125 0.5702537828125 0.5100928453125 0.5742165046875 0.5195993609375 0.5793103703125 0.563709803125 0.5835503 0.5742715640625 0.6057645328125 0.570195190625 0.6121589203125 0.56614376875 0.6123035 0.5590472640625
11 0.6216058375 0.6726898515624999 0.6222154828125 0.67932004375 0.6270890437500001 0.6829275609375001 0.6289324703125 0.68076388125 0.6294505265625 0.6716703749999999 0.6260009328125 0.6676463453125 0.6216058375 0.6726898515624999