2 0.623688390625 0.56903495 0.32274363125 0.521500971875 0.316225915625 0.5330485734375 0.30178114218749996 0.9124160343750001 0.3044499609375 0.9192020015625 0.3235350390625 0.924937890625 0.6196599828125 0.9699975000000001 0.625983515625 0.9542883109375 0.630280665625 0.74392165 0.6283537953125 0.6522167046875 0.631042578125 0.5922172515625 0.628702390625 0.5756709078125 0.623688390625 0.56903495
5 0.5713125625 0.79082501875 0.5636147703125001 0.827492159375 0.550907971875 0.8408269859375 0.5299308109374999 0.8449514796875001 0.523213921875 0.8690338484375 0.526261128125 0.917535703125 0.5328385812499999 0.924071653125 0.5421545703125 0.9220844140625 0.574733165625 0.8977391156250001 0.595391675 0.8699822859375 0.6013368203125 0.8125572109375 0.5994547171875 0.7890248828125 0.5791348171874999 0.773628625 0.5713125625 0.79082501875
0 0.5267043921875 0.74219896875 0.488798140625 0.71957961875 0.47310387187499997 0.702496140625 0.4596850640625 0.7005718140625 0.4661280703125 0.721029728125 0.5158747046875 0.7957624812499999 0.5382061625000001 0.8374654578125 0.5516896984375 0.8407769828125 0.5681806640625 0.8077213890625 0.5684445671875 0.796573815625 0.5471537484375 0.76036961875 0.5327590296875 0.7543337078125 0.5267043921875 0.74219896875
1 0.5554788562499999 0.8043598609375 0.5537909375 0.78498911875 0.5448035765625 0.7772159875 0.53535813125 0.7764288359375 0.528969871875 0.7907508296875 0.5305930625 0.8087343734375001 0.5381464265625 0.81938190625 0.5498075953125 0.8172446546875 0.5554788562499999 0.8043598609375
7 0.5327889734375 0.6541555734375 0.5457496953125001 0.6630658859375 0.5507587015625 0.6863981984375 0.589322215625 0.6894967984375 0.5934947515625 0.678099209375 0.5967013578125 0.629197325 0.5916276203125 0.6044778140625 0.585179625 0.6007162562499999 0.563485465625 0.6062779500000001 0.5356072109375 0.5969305125 0.5327889734375 0.6541555734375
11 0.5435986984375 0.6673774859375 0.53995396875 0.6564799328124999 0.5330478859375 0.6597043593749999 0.5346063484375 0.6763007046875 0.540078434375 0.6759506796875 0.5435986984375 0.6673774859375
11 0.5928574515625 0.6308345375 0.596507171875 0.6250357359375001 0.5951428953125 0.612600975 0.5917570765625 0.6072522046875 0.587066715625 0.607552228125 0.584587090625 0.621624203125 0.5872559093749999 0.6284101734374999 0.592075725 0.6308845421875 0.5928574515625 0.6308345375
11 0.4968244109375 0.89159191875 0.4905706 0.8919919484375001 0.4862038796875 0.8992279515625 0.48593997812499995 0.9103755234375001 0.490236978125 0.9184486796875 0.49570906406250004 0.9180986546875 0.4999463265625 0.9080882593749999 0.4968244109375 0.89159191875
11 0.3376808265625 0.892032309375 0.34276454375 0.8833591078125 0.34140026562500003 0.870924346875 0.3363215390625 0.8629011921874999 0.330132453125 0.8646884203124999 0.325895190625 0.8746988140624999 0.3279764671875 0.885696375 0.3329904671875 0.8923323328125001 0.3376808265625 0.892032309375
11 0.3341856640625 0.5986839078124999 0.33001811875 0.5933851437500001 0.323829034375 0.5951723703125 0.3203734984375 0.6051327609375 0.3257111375 0.6187046984375 0.3296197703125 0.6184546796875 0.3345093046875 0.6056198890625 0.3341856640625 0.5986839078124999
10 0.336595571875 0.59992109375 0.3270106875 0.6297522609375 0.31467229375 0.7181956875 0.31596186406250004 0.7626359625 0.328449525 0.828621325 0.322250459375 0.863801259375 0.32973410468750003 0.8897579531250001 0.3378102828125 0.8948067015625 0.34217700156249997 0.8875706984375 0.35449044218750003 0.8826090515624999 0.36458316874999996 0.8972681609375 0.39232697499999997 0.9205375609375 0.4114767796875 0.9276606484375 0.4342115796875 0.927597734375 0.502684865625 0.8995650703125 0.5064740249999999 0.8631479453124999 0.5076541 0.8380284078125 0.49358801249999995 0.822232121875 0.48153847499999997 0.8160461968750001 0.468378578125 0.8196706515625 0.4490893359375 0.8431658843750001 0.4291528140625 0.8527891593750001 0.40544210625000004 0.8487404890624999 0.3793912078125 0.8281454734375 0.36298493125000003 0.7958028406250001 0.35400755156249997 0.7546369937499999 0.3575427890625 0.695974734375 0.3731275640625 0.643498396875 0.372485275 0.61293008125 0.36864636093750003 0.597870940625 0.35927063124999997 0.5817746296874999 0.336595571875 0.59992109375
9 0.42243108281249997 0.6751280671875 0.4023003765625 0.680589753125 0.3899172171875 0.7008605593749999 0.38600359375000004 0.717806934375 0.385799428125 0.74703805625 0.3914607078125 0.767545975 0.400054709375 0.7836922875 0.414708340625 0.7952769843749999 0.437119496875 0.7882780921875 0.44728693281250004 0.7709316875 0.452569825 0.74972371875 0.4486761640625 0.6998846703125 0.4376075265625 0.6811139734375 0.42243108281249997 0.6751280671875
11 0.43574725625 0.7708837281250001 0.43947272656249997 0.76882555625 0.44000126249999993 0.7621731609375 0.4367273671875 0.7559295609375 0.43311934687500003 0.7545060515625 0.43014368281250004 0.760652703125 0.4308313984375 0.76739286875 0.43201539999999994 0.7688058625 0.43574725625 0.7708837281250001
11 0.4364489625 0.727984290625 0.4383449796875 0.73067629375 0.44066761249999997 0.7325131593750001 0.4449197671875 0.7317444625 0.44599027031249994 0.7247262609375 0.4429723421875 0.7179695796875001 0.4405412796875 0.715808509375 0.43753618593750004 0.717325284375 0.4358074625 0.7222345828125001 0.4364489625 0.727984290625
11 0.42104602656249995 0.69951774375 0.42272530625 0.7035467703125 0.42442124375 0.7039336046875 0.42837898281250003 0.7028539890625 0.42951874375 0.6973200890625 0.42815000937500003 0.6919480375 0.424750959375 0.6890210406249999 0.42197872812500004 0.68952950625 0.4200716546875 0.6946157828125 0.42104602656249995 0.69951774375
11 0.3999427734375 0.702687496875 0.39960094687500003 0.7073425140625 0.40011926875 0.7104523875 0.40217823125 0.712637259375 0.4038738046875 0.7144613671875 0.4067548953125 0.7128412156249999 0.4093731390625 0.7090326109375 0.40845400468750004 0.701315225 0.406217353125 0.6973218515624999 0.4025778625 0.697223515625 0.3999427734375 0.702687496875
11 0.3942417984375 0.7363092765625 0.392969840625 0.7430092265625 0.394029534375 0.7477401609375 0.39597314375 0.74943570625 0.398171940625 0.7506182171875 0.40062664843749995 0.749303609375 0.4021372578125 0.7477182515624999 0.4028287375 0.740558728125 0.40051512499999997 0.7349159765625 0.3967363953125 0.7338331328125001 0.3942417984375 0.7363092765625
10 0.4109455921875 0.76469400625 0.40875245781249997 0.7696316203125 0.4093471484375 0.7763777359375 0.41082563125 0.7781030328125 0.41430151875 0.7806939749999999 0.41767877656249996 0.7791547859375 0.41856256875 0.774133965625 0.41826236093749997 0.7677001484375 0.41634323437500004 0.76451291875 0.4138807671875 0.7636784109375 0.4109455921875 0.76469400625
8 0.46723297343750003 0.5764743359375 0.45886081093750003 0.5702577140625 0.4479761265625 0.5611088640624999 0.4355099125 0.5554365625 0.4186451796875 0.5539830953125 0.40617808593750004 0.5516862296875 0.3978312296875 0.552783634375 0.3896937984375 0.5549918421875 0.372181784375 0.5634262671875 0.363793096875 0.57043256875 0.3597749578125 0.5794090984375 0.3611698890625 0.582133153125 0.3656573609375 0.5900035140625 0.37041976718749997 0.60038851875 0.3735490265625 0.6165045546875 0.3742164375 0.630807934375 0.37368787187499997 0.6364683078125 0.3700762296875 0.6541397296875 0.3671486828125 0.669517603125 0.36249890625000003 0.6785345359375 0.35795386093750003 0.6897959499999999 0.3544601203125 0.70661668125 0.3539795265625 0.7302764859375 0.354973259375 0.7549675796875001 0.35526028906249996 0.764513265625 0.3596528203125 0.7805484953125 0.3663614234375 0.8020607484375001 0.370334284375 0.812496259375 0.3778096328125 0.823269828125 0.38579803125 0.8314783484375001 0.393550853125 0.8380156390625 0.40460730156249997 0.8474345515625 0.41167699999999996 0.8495145640624999 0.4207593453125 0.8539966765625 0.427395421875 0.8535721953125 0.43862637031249996 0.8497594671875 0.4429192796875 0.8466715875 0.448304478125 0.8432327875000001 0.45477045 0.839162753125 0.462962034375 0.827949134375 0.4704417765625 0.821845515625 0.47979011250000003 0.8184342578124999 0.4877556828125 0.819331375 0.49442850937499994 0.8264998484375001 0.500271721875 0.8328768484375001 0.50346899375 0.8402676359375001 0.5065894421875 0.8392234921874999 0.51021325 0.8285844984375 0.5122293124999999 0.8208602328125 0.5166155703124999 0.8129843578125 0.5175786375 0.806453040625 0.5184360953125 0.8010526765625 0.5222193828125 0.7361121453125 0.5237625 0.7284181328125 0.5213294359375 0.7170395875 0.520450059375 0.7083763328125 0.5193481484375 0.6949438984375 0.5168104203125 0.68132225625 0.5147332453125 0.6707654875 0.5120907546875 0.6582761390625 0.5092109609375 0.6474896593749999 0.5038563078125 0.634611696875 0.499816346875 0.62614921875 0.49735703437499995 0.6175856328125 0.49390945156250005 0.611618890625 0.48696090937500003 0.6019358203125 0.48135421718750004 0.5938560015625 0.4742870578125 0.5850250625 0.46723297343750003 0.5764743359375