2 0.61015625 0 0.5953125 0.027777778125000003 0.475 0.43333333281249997 0.47734375 0.48194444374999995 0.509375 0.5208333328125 0.76484375 0.73194444375 0.9296875 0.8430555562500001 0.93984375 0.8430555562500001 0.95078125 0.809722221875 0.99921875 0.4375 0.99921875 0.33194444375 0.615625 0 0.61015625 0
10 0.79609375 0.28611111093749997 0.83359375 0.29305555625 0.8609375 0.3125 0.86953125 0.3291666671875 0.8765625 0.33194444375 0.88828125 0.3611111109375 0.89453125 0.36666666718749996 0.9 0.39444444375 0.91328125 0.43055555625 0.92109375 0.4916666671875 0.91875 0.515277778125 0.9 0.575 0.8765625 0.6125 0.87421875 0.66944444375 0.8828125 0.70555555625 0.890625 0.715277778125 0.93515625 0.734722221875 0.96875 0.622222221875 0.975 0.5208333328125 0.96875 0.434722221875 0.96328125 0.415277778125 0.97578125 0.3875 0.975 0.3736111109375 0.896875 0.24722222187499998 0.8453125 0.20416666718749998 0.784375 0.18055555625 0.77890625 0.1708333328125 0.75546875 0.16805555625 0.7515625 0.16944444375 0.73125 0.2236111109375 0.73203125 0.25555555625 0.7546875 0.2888888890625 0.77109375 0.2986111109375 0.79609375 0.28611111093749997
9 0.84375 0.5333333328125 0.8625 0.5208333328125 0.87421875 0.502777778125 0.8796875 0.46944444374999994 0.87578125 0.427777778125 0.86640625 0.40138888906250003 0.85 0.375 0.83046875 0.3611111109375 0.809375 0.3611111109375 0.79140625 0.3763888890625 0.78046875 0.4 0.778125 0.447222221875 0.7828125 0.48055555625 0.809375 0.525 0.84375 0.5333333328125
0 0.75 0.434722221875 0.75703125 0.4361111109375 0.7625 0.427777778125 0.68515625 0.20555555625 0.675 0.19583333281249998 0.66484375 0.19583333281249998 0.6328125 0.2236111109375 0.63203125 0.24444444375000002 0.6421875 0.275 0.66171875 0.3083333328125 0.75 0.434722221875
1 0.66204921875 0.26185 0.66808828125 0.272102778125 0.6775585937499999 0.27503194375 0.68304921875 0.26941805625000004 0.6840101562500001 0.2555041671875 0.68304921875 0.2447638890625 0.680715625 0.2411013890625 0.6764609375 0.23377916718749997 0.6708335937500001 0.23036111093749997 0.6624609375 0.2367083328125 0.6609507812500001 0.24818055625 0.66204921875 0.26185
7 0.5272890625 0.4453875 0.54577265625 0.46385 0.59666484375 0.5007736109375001 0.611096875 0.51338194375 0.6303398437500001 0.4661013890625 0.6386953125 0.43097777812500004 0.64122734375 0.39720555625 0.6397078125 0.385497221875 0.6245164062499999 0.38504722187499996 0.6171734375 0.3909013890625 0.5690664062499999 0.351725 0.555646875 0.3508236109375 0.5391890625 0.40756249999999994 0.5272890625 0.4453875
8 0.6772796875 0.4812236109375 0.68801171875 0.525227778125 0.6978492187499999 0.56021944375 0.71007109375 0.5936208328125 0.72915 0.6227805562500001 0.74524765625 0.6492888890625 0.76402890625 0.67155555625 0.7816171875 0.6901125 0.8194765625 0.712909721875 0.8469023437500001 0.7187416671875 0.8743281250000001 0.71768055625 0.877309375 0.7182111109375 0.89459921875 0.71503055625 0.88088671875 0.691702778125 0.8713468750000001 0.653 0.8731359375000001 0.6291416671875 0.8811843749999999 0.60104305625 0.89340703125 0.5798361109375 0.91159140625 0.5490861109375 0.9178515624999999 0.52681805625 0.9244101562499999 0.4621375 0.92500625 0.430327778125 0.903840625 0.3842013890625 0.8898296875 0.3534513890625 0.88356953125 0.3412583328125 0.8695585937500001 0.31899027812499997 0.85673984375 0.30573611093749997 0.8308046875 0.2919513890625 0.80755234375 0.291422221875 0.78221328125 0.294602778125 0.7702890625000001 0.300434721875 0.7550851562500001 0.2877111109375 0.74286328125 0.26809444375 0.7309390625 0.24635694375 0.7211015625 0.24529722187499997 0.71156171875 0.2559 0.70738828125 0.2649125 0.6801039062500001 0.3422958328125 0.67489453125 0.3688263890625 0.67400078125 0.3985166671875 0.67400078125 0.44358194375000004 0.6772796875 0.4812236109375
11 0.5453125 0.43194444374999996 0.53828125 0.42222222187499997 0.52890625 0.43194444374999996 0.5328125 0.45277777812500003 0.54140625 0.45277777812500003 0.54609375 0.44305555625000004 0.5453125 0.43194444374999996
11 0.63515625 0.440277778125 0.63671875 0.4236111109375 0.634375 0.41944444374999995 0.621875 0.42083333281249996 0.6203125 0.43194444374999996 0.6234375 0.44166666718750003 0.63046875 0.4458333328125 0.63515625 0.440277778125
5 0.6651039062499999 0.1916666671875 0.678125 0.19305555624999998 0.69609375 0.20555555625 0.71171875 0.19444444375 0.71796875 0.140277778125 0.7125 0.1263888890625 0.7015625 0.11944444375 0.61484375 0.12222222187500001 0.5890625 0.1916666671875 0.58828125 0.20138888906250002 0.61484375 0.24444444375000002 0.63515625 0.21111111093749999 0.6651039062499999 0.1916666671875
11 0.8019398437499999 0.4473416671875 0.80597265625 0.44088611093749996 0.80610703125 0.431084721875 0.804225 0.42462916718750005 0.8003265624999999 0.42271666718749995 0.7954875 0.42295555625 0.7934703125 0.42462916718750005 0.79024453125 0.433952778125 0.7952179687500001 0.44471111093750004 0.8019398437499999 0.4473416671875
11 0.8161890625 0.49922083281249996 0.8207601562500001 0.49276666718750006 0.82170078125 0.481290278125 0.820221875 0.4769875 0.8179367187500001 0.475075 0.8155234374999999 0.4730013890625 0.8075859375000001 0.47626944375 0.8082578125 0.48750694375 0.8118874999999999 0.49874305625000004 0.8161890625 0.49922083281249996
11 0.8504687499999999 0.5042416671875001 0.85248515625 0.503047221875 0.8539640625 0.49659166718750003 0.8528882812499999 0.48846249999999997 0.8495273437499999 0.48368194375 0.8472421875 0.48224722187499997 0.84549453125 0.481290278125 0.8434781250000001 0.48176805624999997 0.84173046875 0.49037499999999995 0.84441953125 0.50065555625 0.8504687499999999 0.5042416671875001
11 0.86485234375 0.46216388906250006 0.8682132812500001 0.45331805625 0.86633125 0.447102778125 0.8616265625 0.44088611093749996 0.86014765625 0.4416041671875 0.85866875 0.44255972187500003 0.85624921875 0.44758055625 0.859071875 0.4583388890625 0.86485234375 0.46216388906250006
11 0.843209375 0.40885 0.8457640625 0.4105236109375 0.8479148437499999 0.4069375 0.8492585937499999 0.4000041671875 0.8479148437499999 0.3957 0.84455390625 0.3921138890625 0.84092421875 0.39450555625 0.8386390625000001 0.3980916671875 0.8387734375000001 0.40598055625 0.843209375 0.40885
11 0.8165921875000001 0.403590278125 0.8190125 0.39833055625 0.818878125 0.38733333281250004 0.81726484375 0.3849416671875 0.8136351562499999 0.3799208328125 0.81000546875 0.3830291671875 0.8087953125 0.39187500000000003 0.8120218749999999 0.3988083328125 0.8165921875000001 0.403590278125
11 0.775 0.184722221875 0.775 0.175 0.76953125 0.16388888906250001 0.75546875 0.165277778125 0.75625 0.18055555625 0.7625 0.190277778125 0.76953125 0.1916666671875 0.775 0.184722221875
11 0.975 0.35555555625 0.9703125 0.34305555625 0.9546875 0.3375 0.95 0.34444444375 0.96015625 0.36805555624999997 0.97421875 0.36944444375 0.975 0.35555555625
11 0.95546875 0.7166666671875 0.95390625 0.7013888890625 0.946875 0.690277778125 0.93828125 0.690277778125 0.93359375 0.7 0.934375 0.7180555562500001 0.9421875 0.7291666671875 0.95078125 0.727777778125 0.95546875 0.7166666671875