2 0.6613672578124999 0.5797849453125 0.3750283296875 0.4640816859375 0.36657059062499997 0.4738545390625 0.284358309375 0.8408960296875 0.2857558109375 0.8481355468749999 0.3034264 0.85812998125 0.585486765625 0.9703077390624999 0.5945008390625001 0.9564273109375 0.63645138125 0.7520407234375 0.6510154734375 0.6620676343749999 0.664413965625 0.6041106953125001 0.6650894875 0.5874180234375 0.6613672578124999 0.5797849453125
5 0.570259696875 0.7842531187499999 0.556139221875 0.8182778624999999 0.5412967671875 0.82837041875 0.5200033375 0.8275667656250001 0.5091016859375 0.8495311593749999 0.503386021875 0.8975840546875 0.50865806875 0.9054795046875 0.51814241875 0.905684553125 0.5544306203125 0.889418503125 0.5796515234374999 0.8670770843750001 0.5957787609375 0.812383278125 0.598156415625 0.7889758328124999 0.5810090328124999 0.7692658703124999 0.570259696875 0.7842531187499999
0 0.535276078125 0.7265089546875 0.50219336875 0.6956977375 0.48988088281250003 0.675405703125 0.477078321875 0.6704371484375 0.4797210109375 0.6918933296875001 0.5150557203125 0.7763080687499999 0.529454559375 0.8221638578125001 0.5420716765625 0.8285016046875 0.5641598125 0.8000274859375001 0.56641828125 0.7892051375 0.552052571875 0.7489573 0.5390314359375 0.7397499843750001 0.535276078125 0.7265089546875
1 0.5523176046875 0.7938209265625 0.554138925 0.7745210546875 0.546727596875 0.7648628546875 0.5376141359375 0.761919425 0.5287855078125 0.7744306640625 0.52714963125 0.7923613421875 0.5326402531250001 0.804495553125 0.54444933125 0.8050941609375 0.5523176046875 0.7938209265625
7 0.5570329234375 0.6419553046875001 0.5681333515625 0.6536386281250001 0.5688553328125 0.6775708203125 0.6060840875 0.6894757265625 0.6122171 0.6793093125 0.624132034375 0.6323059093750001 0.6235954984375 0.6070045265624999 0.6179525625 0.601847459375 0.5956987781249999 0.6022818125 0.5700605265625 0.58673675 0.5570329234375 0.6419553046875001
11 0.5652522906249999 0.6573526453125 0.5636362140625 0.645874365625 0.55629114375 0.647432071875 0.5548407140625 0.66399355625 0.5602650765625 0.6649118625 0.5652522906249999 0.6573526453125
11 0.6200720453125 0.63301916875 0.62468836875 0.6281983343750001 0.625582465625 0.615744421875 0.623224609375 0.6097429078125 0.61857515625 0.6089557906249999 0.6136210703125 0.6221229593750001 0.6150185734375 0.629362478125 0.6192971359375 0.63288798125 0.6200720453125 0.63301916875
11 0.4791982 0.8654775062500001 0.4729989296875 0.8644280140625 0.4674222515625 0.8704868546875 0.46516378437499994 0.8813092015624999 0.4679256578125 0.8901802828125 0.47335001875 0.8910985890625 0.47929758749999996 0.8823013671875 0.4791982 0.8654775062500001
11 0.32318980937499997 0.829262303125 0.32972684218750004 0.8219654593750001 0.3306209375 0.809511546875 0.327084153125 0.8005092765624999 0.32069943749999996 0.8008289765625 0.31475186875 0.8096261984374999 0.3148181296875 0.8208421078124999 0.31854035625 0.828475184375 0.32318980937499997 0.829262303125
11 0.3723925015625 0.5420682828125 0.3692597390625 0.5359355859375 0.362875021875 0.5362552843749999 0.3577023640625 0.5451836937500001 0.3604973671875 0.5596627296875 0.3643719109375 0.5603186609375 0.37146527812499996 0.5489142421875 0.3723925015625 0.5420682828125
10 0.374531784375 0.543831034375 0.3597887171875 0.5707474484375 0.3318326015625 0.6542516078125 0.32512345468750004 0.6979345546875 0.32552100624999997 0.76522999375 0.31313579375 0.7981479203124999 0.3158116125 0.8252120546875 0.322818921875 0.8320006859375001 0.3283956 0.825941846875 0.341350475 0.8239332562499999 0.3486094890625 0.8405686031249999 0.37161838281250004 0.8696743937500001 0.389103525 0.8810380203125 0.4113904375 0.886211621875 0.48350989218749996 0.8746109625 0.4937558234375 0.8399302843750001 0.4994185578125 0.8156783921875 0.48847044687499996 0.7970179234375 0.47777403593749995 0.7882041656250001 0.4642296953125 0.7887123796875 0.44111494687499997 0.807208596875 0.4198546453125 0.812012896875 0.397349159375 0.8026005359375 0.37551919375 0.7764955 0.3652466015625 0.7411423578125 0.36383577031250003 0.6988859281249999 0.3778237265625 0.6424293703124999 0.40250809375 0.5947865671875 0.40736279062499997 0.5647955359375 0.4063030484375 0.54920968125 0.4000043890625 0.5313363296875 0.374531784375 0.543831034375
9 0.44514141250000006 0.6370187359374999 0.424437446875 0.6377154625 0.4086677671875 0.6546539734375 0.40179297500000005 0.67029715625 0.3963488125 0.69878780625 0.3982165921875 0.7201128015625 0.40374034375 0.7378549671875 0.41601969843750003 0.7525390484375001 0.43923383749999995 0.7508666921875 0.4523079 0.736273003125 0.46128884374999995 0.7167846203125 0.46641504375 0.6672313453125 0.45893745781249995 0.6463572375 0.44514141250000006 0.6370187359374999
11 0.4410098921875 0.7335689999999999 0.445029359375 0.7324175 0.4467406734375 0.7260446265625 0.4446530125 0.7191952796875001 0.44137324375000003 0.716974740625 0.4373549578125 0.7222903859375001 0.4368195859375 0.729029009375 0.43772617968749994 0.730681115625 0.4410098921875 0.7335689999999999
11 0.449393665625 0.6918488578125 0.450768440625 0.6949135828124999 0.45271462656250006 0.69724169375 0.4570188078125 0.697470353125 0.4593267671875 0.6908651453125 0.4575819515625 0.683573834375 0.4555876890625 0.6809042421875 0.45237117812500005 0.68169306875 0.44979663125 0.6860878375 0.449393665625 0.6918488578125
11 0.439408775 0.660510878125 0.44033132343750003 0.6648310046875 0.44192361093750004 0.665599175 0.4459950984375 0.6654565 0.4481046328125 0.6603163265625 0.44772729843750003 0.6547565484375 0.4449220078125 0.6511163078125 0.44211454687499996 0.6509743640625001 0.439333503125 0.6555008453125 0.439408775 0.660510878125
11 0.4181630828125 0.658746103125 0.416993040625 0.6632119750000001 0.416942978125 0.6663674234375 0.418568384375 0.6689745703125001 0.4199024640625 0.6711458343750001 0.423016025 0.6702275328125 0.426264659375 0.66711216875 0.4267486 0.6593662218749999 0.4252735421875 0.6549525609375 0.4217252 0.6540185125 0.4181630828125 0.658746103125
11 0.4065454375 0.6902575296875 0.40409718593750005 0.696505646875 0.4042867375 0.701368359375 0.40588690937500005 0.7034712234375 0.4078291515625 0.7051319890625 0.41047012499999996 0.7044138 0.4122346421875 0.7032138921875 0.41419658750000005 0.6963834375 0.41294202343749997 0.690341809375 0.40943387500000006 0.6884145453125 0.4065454375 0.6902575296875
10 0.4178195921875 0.7218151734375 0.4147849359375 0.7261306484375 0.414157346875 0.7328536609375 0.4152964484375 0.7348784687500001 0.4182373140625 0.7382083203125 0.42182249687500006 0.7374833093750001 0.42358918437500004 0.7327851046875 0.4244492765625 0.72643479375 0.42314070625 0.7228812671875 0.420877684375 0.7214995375 0.4178195921875 0.7218151734375
8 0.5067371125 0.5510216890625 0.49964931406249996 0.5430247328125 0.4906257890625 0.531586565625 0.4794289765625 0.5231783 0.4631656109375 0.5178759640624999 0.45136237812499996 0.51276285625 0.44298722343749997 0.511912240625 0.43461798749999997 0.5121942984375 0.415946509375 0.5163962343749999 0.40647030156249997 0.52130470625 0.400922909375 0.5291430453125 0.4018009671875 0.5321236796875 0.40478585 0.5408406359375 0.40758897968749996 0.5520758890625 0.4077637921875 0.56853015625 0.40585166875 0.5826478921875 0.404318296875 0.5880522734375 0.39760931093749996 0.6044728375 0.391982071875 0.6188117875 0.3858085515625 0.6265441296875001 0.3793349828125 0.636491821875 0.3728941328125 0.652109025 0.36817863125 0.675096878125 0.3647226640625 0.6994310375 0.36329138437499997 0.7088163625 0.364718446875 0.7254826265625 0.36743221875 0.7480292937499999 0.369452690625 0.7591320484375 0.3748442625 0.7713713421875 0.3811986953125 0.781224575 0.38762213125 0.78939198125 0.39676550312500003 0.8011333546875001 0.4033192578125 0.8047919234375 0.41141406875 0.81125905 0.4179922703125 0.8123726937500001 0.42968039999999996 0.81123650625 0.434440578125 0.8092103859374999 0.44033393906249996 0.807093184375 0.44739948749999997 0.8046085921874999 0.4574373734375 0.7955472296874999 0.46586105 0.791310728125 0.47563256562499995 0.790132990625 0.483276309375 0.7928430140625 0.48852832968750004 0.8013779421875 0.49310948125 0.8089491421874999 0.49491625624999996 0.8169008171875 0.498161003125 0.8165999718749999 0.5036202765625 0.8070478046874999 0.5069813703125 0.7999710125 0.512691984375 0.7932919796875 0.51480733125 0.7871373671875 0.5166163078125 0.7820625609375 0.531973640625 0.719533790625 0.5348659125 0.7123776328125 0.534523321875 0.7007087734375 0.535215909375 0.69204855 0.536546059375 0.6786810453125 0.5365033312499999 0.66479820625 0.5363620140625 0.6540135796875 0.53601350625 0.6412120453125 0.535126990625 0.63001834375 0.532190815625 0.6162129015625 0.5297506328125 0.6070209203125 0.5288773171875001 0.5980942 0.5265698078125001 0.5914751500000001 0.5214987671875 0.580421790625 0.5174548484375 0.571242628125 0.512114709375 0.5609938718749999 0.5067371125 0.5510216890625