2 0.54289395625 0.9350311421875 0.5694713796875 0.91625193125 0.6055834250000001 0.8703022984375 0.72345961875 0.751651946875 0.7794884343749999 0.7021520140625 0.97428811875 0.496969125 0.977770565625 0.4907970234375 0.9798948015625 0.46462100624999997 0.9247297703124999 0.10545438124999999 0.92234475625 0.10065474375000001 0.780395659375 0.0658731734375 0.75984868125 0.0776995375 0.673108059375 0.174472315625 0.6407338031250001 0.1988565359375 0.47059375000000003 0.37776489999999996 0.43775226875 0.40484479687499997 0.3953055390625 0.454862571875 0.3894652453125 0.488558528125 0.3902856046875 0.507025575 0.4351608265625 0.633237821875 0.5256392734374999 0.9139422953125 0.54289395625 0.9350311421875
5 0.8709664828125 0.53628605 0.8930998453125 0.4967468015625 0.92020968125 0.433135496875 0.9235508734375 0.4184983046875 0.9139782109375 0.3206073046875 0.9098166593749999 0.3167774484375 0.8978481265625 0.320870215625 0.8697277781249999 0.33927136562500004 0.86381685625 0.36873477656250003 0.8658052765625 0.380462634375 0.8611602078124999 0.43974288906250003 0.841178246875 0.48542961250000005 0.8283458937500001 0.499146278125 0.8236736578125001 0.526103040625 0.8174802281250001 0.538636271875 0.8331485265625 0.5874380046875001 0.8461927609375 0.5864189750000001 0.858253653125 0.572513278125 0.8709664828125 0.53628605
0 0.8551080328125 0.46074120937499996 0.8591500578125 0.44206050625 0.8605245625 0.401649984375 0.8522231890624999 0.3799447953125 0.8385704765625001 0.3751944125 0.8060549640625 0.3911135421875 0.7932443421875 0.3907847328125 0.7852037484375 0.4000551984375 0.7173204875 0.4297894984375 0.6984087921875 0.43218099218750006 0.6749878453125 0.4559488703125 0.679757875 0.465548140625 0.6990444375 0.47027389687500004 0.7566216140625001 0.4675209890625 0.8299105484375 0.48547886562500003 0.8466708421875 0.47693989531250003 0.8551080328125 0.46074120937499996
1 0.8203704890625 0.4662803203125 0.8282481 0.462590240625 0.8462688078125 0.4374991515625 0.8499142390625 0.42574666875 0.84432385 0.3976803484375 0.8256457656249999 0.3987240046875 0.812416815625 0.4193688921875 0.8093798640625 0.43689078906249995 0.8109716859375 0.45554686875000006 0.8203704890625 0.4662803203125
7 0.782155565625 0.293493153125 0.810385140625 0.273380684375 0.8580254421875001 0.22118741874999998 0.8609700374999999 0.21347845 0.8615948078125 0.1588334265625 0.848354984375 0.08674038437500001 0.8373208984374999 0.085441796875 0.7464404546875001 0.16433924375 0.7647110859375 0.2770072125 0.782155565625 0.293493153125
10 0.6670450640625 0.7012967 0.6583036359375 0.7146106796875 0.6485788609375 0.7150379921875001 0.6461014890625 0.720051284375 0.6058007265625001 0.7298475671875 0.5744043765625 0.7207494875 0.5601431859375 0.7102296906250001 0.5356628296875 0.6705093921875 0.5261662312500001 0.6232199046875 0.5261390640625 0.5908964125 0.52971386875 0.574911384375 0.525780490625 0.5233647234375 0.51154103125 0.4987994515625 0.5009035421875 0.490572646875 0.48014468125 0.489701375 0.45829382656249995 0.5461708015625 0.44639592187500005 0.5544961140625 0.46572052499999994 0.6842832921875 0.47561371875 0.7246445609375 0.49969747656249996 0.7712930796874999 0.533598365625 0.80770135625 0.5486116734375 0.8200901343749999 0.54672503125 0.854764684375 0.5576801109375 0.8718637015624999 0.5721698 0.8745134328124999 0.584468346875 0.8243713546875 0.6163078359374999 0.8223472140625001 0.6625684171875 0.8013655375000001 0.691856825 0.776225196875 0.7227098875 0.7374174453125 0.7653413296875 0.6677738140625 0.79707994375 0.605296690625 0.796656178125 0.5799014203125 0.7920708640624999 0.5506762921874999 0.787605075 0.5439617265625001 0.7609787531250001 0.5444629203125 0.7493850875 0.5556729390624999 0.7361344062499999 0.5903632984375 0.728865275 0.5998227921875 0.72907715625 0.6125204265625 0.7210365624999999 0.621790890625 0.7145171640625 0.6454848875 0.6981317375 0.6611411078125 0.6907702484375 0.6804135312499999 0.6781715078125 0.6927823578125001 0.6770034484375 0.6995215484374999 0.6670450640625 0.7012967
9 0.6895369812500001 0.5297678109375 0.680790115625 0.496712825 0.665148984375 0.48023458437500005 0.6501869578125 0.4737583015625 0.6220177140625001 0.4738814359375 0.600373303125 0.49667953281250005 0.5866771296875 0.5200200953125 0.5792015546875 0.5631509203125 0.5785985140625 0.6037504703125001 0.5878126031249999 0.6341097796875 0.600601496875 0.6484840593750001 0.6229739078125001 0.6539659390625 0.6435915125 0.646372121875 0.6622207 0.627050446875 0.6802631390625 0.5879138859374999 0.6895369812500001 0.5297678109375
11 0.8474694359375 0.1104097546875 0.8515820906249999 0.09596159531250001 0.850669371875 0.087307475 0.8490558203124999 0.08269686875 0.8390974359375001 0.084472021875 0.834609915625 0.091802928125 0.8336537375 0.1112397546875 0.8409011390625001 0.11582573437499999 0.8474694359375 0.1104097546875
11 0.7785267828125 0.2761772109375 0.782242840625 0.2686572734375 0.783269646875 0.2534529921875 0.78011316875 0.2484643265625 0.7703883968749999 0.2488916390625 0.765504278125 0.2631507703125 0.7667212343750001 0.27468959531250003 0.7729635609375001 0.280434384375 0.7785267828125 0.2761772109375
11 0.7977155875 0.6433895953125 0.8018282421875 0.6289414343749999 0.8011491359375 0.6189394765625 0.7923588109375 0.6139754374999999 0.7860241265625 0.6180435765625 0.779597084375 0.631924646875 0.7814225171875 0.6492328875 0.78890353125 0.652471028125 0.7977155875 0.6433895953125
11 0.5769686875 0.8590756328125 0.5787669531249999 0.8440603828125001 0.571448925 0.8352418593750001 0.5645763890625 0.83777313125 0.557611496875 0.8501173328125 0.5570519171874999 0.8626259375 0.5607462437499999 0.8691514703125 0.56969955625 0.8685351265625 0.5769686875 0.8590756328125
11 0.4556806375 0.5890879671875 0.457946128125 0.5713770421875 0.450557471875 0.5583259734375 0.43982762500000006 0.5599120937500001 0.43510649375000005 0.5685908390625001 0.43277037656250006 0.582069221875 0.4357638671875 0.5926382734375 0.44455419375 0.5976023109375 0.4556806375 0.5890879671875
11 0.666181225 0.5113992671875 0.658933825 0.5068132890625 0.654142065625 0.511259490625 0.6535824859375 0.52376809375 0.663611496875 0.5262254875 0.666181225 0.5113992671875
11 0.6188666734375 0.5152617312500001 0.623566075 0.520628459375 0.6302049984375 0.519445025 0.6323781312500001 0.5115470265625001 0.6304603390625 0.5040517125 0.6207355671875 0.5044790265625 0.6188666734375 0.5152617312500001
11 0.6033016046874999 0.5493850015625 0.5981349812500001 0.5467139515625 0.5933432203125 0.551160153125 0.5914037000000001 0.5577103125 0.593859340625 0.5667424953125 0.602812653125 0.5661261515625 0.605219396875 0.5568803140624999 0.6033016046874999 0.5493850015625
11 0.5984229265625001 0.6100130953125 0.60087856875 0.619045278125 0.609831878125 0.6184289328125 0.6127764734375 0.610719965625 0.6097829828125 0.6001509140625 0.6016011328124999 0.6009562875000001 0.5984229265625001 0.6100130953125
11 0.6431894812500001 0.606931378125 0.6395657796875 0.6046383890625 0.631992409375 0.6112131765625 0.6313622015625 0.6194892359375 0.6355943796875 0.6275516390625 0.6437056 0.6225137203125 0.6461123453125001 0.6132678828125 0.6431894812500001 0.606931378125
11 0.67280385625 0.5706302703125 0.6674959765625 0.5594941312499999 0.65814606875 0.5670386953125 0.6599008765625001 0.580114390625 0.671097946875 0.5758325937500001 0.67280385625 0.5706302703125
8 0.48843256718749994 0.47892062500000004 0.51349893125 0.494087425 0.5283316140625 0.5141303749999999 0.5303936328125001 0.548271834375 0.5309689296875 0.5828709734374999 0.5319807609375 0.6257813375 0.5367856875 0.6630565859375 0.543240528125 0.6826878609375 0.561538971875 0.7043991828125 0.5927310484375 0.7194272296875 0.618711171875 0.7266122609375001 0.6356990078125 0.7233910703124999 0.663846509375 0.6991120984375 0.6834384906250001 0.6727367828124999 0.7001931531250001 0.646486809375 0.7127993703125 0.622502615625 0.7200561999999999 0.5914637015624999 0.7276686140625 0.5637927781250001 0.7371921312499999 0.552179490625 0.75860026875 0.5451194046875 0.7771158406249999 0.5439136859375 0.7902827984374999 0.5356534374999999 0.7969121890624999 0.5028196515625 0.79590191875 0.48698415156249997 0.7846642328125 0.382134690625 0.78276870625 0.362344765625 0.7783880890625 0.341580603125 0.7635686359375 0.31333663125 0.723834034375 0.2880125703125 0.70816955 0.2808934625 0.6820532296875 0.2744942203125 0.6468639265625 0.2798186609375 0.6321692343749999 0.2860634375 0.598085384375 0.303964434375 0.56849186875 0.3311713578125 0.5478219156249999 0.3556414046875 0.5208615875 0.3974403546875 0.5032891203125 0.4284133453125 0.4888683109375 0.460157171875 0.4872726390625 0.47207328281249994 0.48843256718749994 0.47892062500000004