2 0.3414302234375 0 0.341290846875 0.000020328125 0.200718540625 0.39479548124999997 0.089977571875 0.7433235234375 0.0893888015625 0.7601678671875 0.10195744843750001 0.782075884375 0.30855948125 0.9874271640625001 0.4612722890625 0.98120459375 0.46626787031249994 0.9747317171875001 0.5449676015625 0.741203528125 0.6605666484375 0.3863807734375 0.6656720609375 0.3674811328125 0.6642202765625 0.353727484375 0.38848171875 0.021068271875 0.368662509375 0 0.3414302234375 0
5 0.1870611421875 0.5643721421875 0.1827326984375 0.583158459375 0.19102398125 0.6168626500000001 0.183904925 0.69890025 0.194860496875 0.7503708609374999 0.1898061625 0.7622803546875 0.19174455937499998 0.7731699515625 0.20839431406250003 0.7888965781249999 0.23091033906249997 0.8303018468750001 0.2441618546875 0.8437310312499999 0.252998884375 0.8452352187500001 0.28127628125 0.79921475 0.262107415625 0.7670970687499999 0.2470787921875 0.6994620453125 0.24679649218750002 0.6743655125 0.2590048484375 0.618119878125 0.2546844625 0.6145603937499999 0.24357565625 0.5840602234375 0.19740908906250001 0.550294028125 0.1870611421875 0.5643721421875
0 0.2498963171875 0.696258028125 0.2567358140625 0.71620856875 0.27653647187499997 0.7468375625 0.290129421875 0.7560273296875 0.31285781562500004 0.7471262125 0.3240338109375 0.72594463125 0.3498781421875 0.694244421875 0.3967167796875 0.6147929109375 0.41561139999999996 0.59946825625 0.44050294687499997 0.5507295765625 0.40809708906250003 0.56565074375 0.3235364 0.6240698124999999 0.29260276875 0.6299780562499999 0.25219226093749997 0.658216603125 0.24864078906249998 0.6768895984375 0.2498963171875 0.696258028125
1 0.2748615203125 0.6786514343750001 0.27814954531249997 0.717274971875 0.281838140625 0.7223231421875 0.2945600203125 0.7232607203125 0.301458653125 0.7138753125 0.3041390546875 0.686950125 0.2985120625 0.6710123578125 0.2802572890625 0.662502521875 0.2748615203125 0.6786514343750001
10 0.5193193578125 0.3636891296875 0.5322724609375 0.3967133875 0.5499895421875001 0.41507742187499996 0.564700896875 0.41991445 0.5927229046875 0.4088447125 0.58958005625 0.3715965390625 0.5967771015625 0.34261605781250004 0.5922174359375 0.329315696875 0.587845971875 0.332746359375 0.5841573765625 0.3276981859375 0.5799391468749999 0.310158409375 0.5808182734375 0.2960647953125 0.5716908875 0.2918098765625 0.5617945875 0.265322478125 0.563544784375 0.25948105312499997 0.5565520515625 0.26050095156249997 0.5260270453125 0.210488025 0.49773079375 0.1741154265625 0.4574385546875 0.1436820734375 0.4277254859375 0.1312572859375 0.40058260468749995 0.1282334078125 0.389524878125 0.090743090625 0.376999253125 0.08419073125 0.37762298906249997 0.10504784687499999 0.3445385921875 0.1503728828125 0.32569505 0.15870739218750002 0.31146225156249996 0.173352115625 0.2847898734375 0.2121557921875 0.258980509375 0.2815574640625 0.24818091406249998 0.3362010875 0.24369118125 0.3983036484375 0.22724042656250001 0.5040469171875 0.2721353546875 0.5631362875 0.3001573609375 0.5520665515625 0.319495571875 0.5185221859375 0.31975901875 0.46122565312499997 0.31395188125 0.4062110578125 0.3213532390625 0.34926999062499997 0.3282088484375 0.32452892499999997 0.3469663453125 0.2854831015625 0.3827661109375 0.2509343421875 0.42083765156249997 0.24538156562500002 0.45224984062500007 0.2589550734375 0.470453534375 0.27445505468750003 0.5154425625 0.3419099375 0.5193193578125 0.3636891296875
9 0.368041384375 0.41787359375 0.3716197671875 0.45924786093750003 0.383941078125 0.4937608046875 0.399762784375 0.5165908984375001 0.419375240625 0.530488871875 0.44622776406250003 0.5307620203125001 0.4593421578125 0.520470034375 0.475231053125 0.491618375 0.482137740625 0.4598871625 0.48025847656250004 0.4196616171875 0.47317970000000004 0.3899702 0.45202135937500004 0.35395306875 0.4364389328125 0.3408638515625 0.4234266953125 0.3371755421875 0.3952595109375 0.346869915625 0.37942169375 0.3687314265625 0.368041384375 0.41787359375
11 0.3990720296875 0.9510153625 0.3993113078125 0.9607562375 0.40343543750000005 0.9699305031250001 0.4138264078125 0.9712080468750001 0.4171305453125 0.965139978125 0.41631055312500004 0.94989764375 0.4121864234375 0.9407233765624999 0.40349457187500004 0.940594553125 0.3990720296875 0.9510153625
11 0.394619834375 0.77430423125 0.3950042921875 0.785420471875 0.3992736 0.7959701015625 0.4051479265625 0.79930294375 0.4120465578125 0.789917534375 0.4121487140625 0.775937240625 0.40739279218749996 0.7682516625 0.3971470015625 0.7683494843750001 0.394619834375 0.77430423125
11 0.2323377828125 0.5074930796875 0.244435928125 0.48757353906249995 0.241626459375 0.4684317546875 0.235222496875 0.4526073078125 0.224635271875 0.45694454531249995 0.21851360937500003 0.46621663281250003 0.220204671875 0.48971115625 0.2323377828125 0.5074930796875
11 0.3523324625 0.0822022515625 0.3485417125 0.091134375 0.35382726875000003 0.11131155781249999 0.3643123390625 0.12095461249999999 0.37242347656249997 0.1155819765625 0.3754883359375 0.0997730328125 0.3706383140625 0.083721940625 0.36044360000000003 0.0768296171875 0.3523324625 0.0822022515625
11 0.5824663140624999 0.3042036625 0.5819286234375001 0.31405785937499997 0.5866334656250001 0.3287335859375 0.5969733578125 0.337001275 0.60401716875 0.32899123124999996 0.604170403125 0.3080207921875 0.598201975 0.296322440625 0.5907737078124999 0.29321624375 0.5824663140624999 0.3042036625
8 0.5565998375000001 0.4289850484375 0.53957885 0.4162439046875 0.5297818484375 0.3952862828125 0.520700821875 0.3715372953125 0.508353021875 0.34557782656249997 0.4969082375 0.318591471875 0.48872564531249996 0.3081447578125 0.46271288281249995 0.28686528125 0.4518862875 0.2705337359375 0.43691805937500006 0.262867078125 0.40610645468750006 0.2584063734375 0.3950571921875 0.25912134375 0.36775986562499996 0.2639992671875 0.35240521406249997 0.29578953124999996 0.33957335 0.3227345390625 0.3315356 0.3471885609375 0.3196998109375 0.37398828906250003 0.31605071093750003 0.3969084359375 0.31790789531249997 0.42887527499999994 0.3209192625 0.4526129515625 0.324521871875 0.47716097343749997 0.326164925 0.4975174953125 0.3212086078125 0.5224186625 0.3163167046875 0.5383558265625 0.3074086796875 0.5593560515625 0.2970111234375 0.5662450328124999 0.28829316875 0.5746808031249999 0.28741801875 0.58555341875 0.29102062812499996 0.610101440625 0.29945009375 0.6276777921875001 0.349182321875 0.7123766265625 0.35951943750000004 0.7272699046875 0.38366570312500003 0.7452394859375 0.413513828125 0.745363409375 0.4630965734375 0.7408186531250001 0.49067795312499995 0.7242591453125 0.5172632546875 0.707844915625 0.550857490625 0.6716026281249999 0.5659329640624999 0.6371675375 0.575283146875 0.59640184375 0.58722130625 0.5418267765625 0.5959525250000001 0.4904063859375 0.5944398546875 0.452121628125 0.5931087203125001 0.42992925312499997 0.5909629 0.4239731578125 0.5782008109375 0.42762488593750003 0.5565998375000001 0.4289850484375
7 0.42722535781250004 0.7890331953125 0.40634664374999996 0.773273978125 0.3989086703125 0.769881509375 0.3858626734375 0.785216196875 0.3718438859375 0.824871053125 0.36184658125 0.845133571875 0.3482979625 0.874870059375 0.34686050625 0.8947806953124999 0.35647138906250003 0.9139750984375 0.36925661875000004 0.9344968828125 0.3790265296875 0.9456086640624999 0.3988774953125 0.96599648125 0.4032334046875 0.968943290625 0.423875625 0.9489185625 0.43820618749999996 0.9074264734374999 0.44720741718749996 0.8873092328125001 0.4596668984375 0.8568364140625 0.45976927031250003 0.829061075 0.441756934375 0.8021374234374999 0.42722535781250004 0.7890331953125
11 0.41312451250000004 0.49369398750000004 0.41404666093750003 0.4949560296875 0.414772553125 0.5018328546874999 0.4167620296875 0.5057323046875 0.41923811874999994 0.5067677046875 0.424676909375 0.50597445 0.426085671875 0.504372440625 0.42657228593749996 0.5015083890625001 0.42613675000000006 0.49738229375 0.42521460156249996 0.49612025312499997 0.42463388750000003 0.49061879218750004 0.422789590625 0.48809470624999995 0.4186143828125 0.48591058593750003 0.41565167968749994 0.48773923906250005 0.4136111265625 0.49082993437500005 0.41312451250000004 0.49369398750000004
11 0.39703661874999996 0.4010757515625 0.40014449843750005 0.40062246406249996 0.4029620234375 0.39741844843749996 0.4016554171875 0.38504016406249997 0.400588090625 0.38240275625 0.3964128828125 0.3802186359375 0.395781090625 0.3817073234375 0.392673209375 0.3821606109375 0.391264446875 0.3837626203125 0.390777834375 0.386626671875 0.3917940828125 0.39625422499999996 0.39286140937499997 0.398891634375 0.39703661874999996 0.4010757515625
11 0.46008416093750004 0.4826552515625 0.45736879375 0.471878978125 0.45256179375 0.47118354374999993 0.44959909062500003 0.47301219687499996 0.447703715625 0.47747825781250003 0.447217103125 0.4803423109375 0.44765263749999995 0.484468403125 0.4513412328125 0.4895165765625 0.4567800234375 0.48872332187499995 0.45896575625 0.487007990625 0.46008416093750004 0.4826552515625
11 0.4648642515625 0.4233034203125 0.464428715625 0.41917732656249995 0.46137191250000004 0.41264046875 0.45811885312499995 0.4117183921875 0.4554465078125 0.41629777343749996 0.45461845937499995 0.42340124218749997 0.4550539953125 0.42752733593750003 0.45689829218750005 0.430051421875 0.460928321875 0.43086017656250003 0.4643776375 0.4261674734375 0.4648642515625 0.4233034203125
11 0.42991670312499997 0.383711303125 0.431615821875 0.38486002343750003 0.43472370156249995 0.38440673593749997 0.4375412265625 0.38120271875 0.4380278390625 0.37833866718750003 0.4375923046875 0.374212571875 0.43439032343750006 0.3663003484375 0.42895153124999996 0.367093603125 0.4275427703125 0.3686956125 0.42768794843749997 0.3700709765625 0.42642436406249995 0.37304835000000003 0.42715025625 0.379925175 0.42991670312499997 0.383711303125
11 0.3962865578125 0.4612363390625 0.39740496406250003 0.4568836015625 0.3965338921875 0.4486314125 0.3953213875 0.4446186390625 0.3910010015625 0.441059153125 0.390369209375 0.44254784062499997 0.3864843578125 0.44311445000000005 0.3845889828125 0.44758051249999997 0.38560523125 0.457208065625 0.387449528125 0.45973215312500004 0.39332385625 0.46306499375000004 0.3962865578125 0.4612363390625