2 0.293835084375 0.6451412984375 0.3509101203125 0.6341118375 0.6509161812500001 0.544676903125 0.688939571875 0.150382753125 0.684304025 0.1407917859375 0.6744923468749999 0.1387363109375 0.3308895703125 0.233404465625 0.323125371875 0.24470770000000003 0.31992533437500004 0.259840378125 0.29157863125 0.5541601390625 0.28614486562499997 0.6320371171875 0.293835084375 0.6451412984375
5 0.3844738359375 0.27479947031249996 0.37185993281249996 0.25922716874999996 0.356153071875 0.2674298296875 0.3495745296875 0.2832913765625 0.338745284375 0.41175715625000003 0.34427835 0.43302928124999995 0.36163747343749997 0.43666589375 0.376553896875 0.4254243578125 0.3801491546875 0.4118111171875 0.37964944843750004 0.37148045625 0.41103007187499996 0.32202543125 0.44373653125 0.3188207078125 0.4557079578125 0.28253929843750003 0.4645864265625 0.2700328546875 0.4610294578125 0.25635791406249997 0.44227051875 0.2308784203125 0.41114493281250003 0.24016089531249998 0.396406975 0.265806240625 0.3844738359375 0.27479947031249996
9 0.5079586078125 0.3681908234375 0.50321079375 0.4102954515625 0.5048630562499999 0.4221347265625 0.51560794375 0.438752125 0.5314575796875001 0.442072509375 0.5456906453125 0.4364343828125 0.5535262296875 0.43089267031249995 0.5716069984375001 0.40163769374999997 0.5774307953125 0.38561803281249996 0.583688096875 0.3438296328125 0.5808858734375 0.33031280625 0.56748153125 0.31170162968750004 0.552386640625 0.3085393578125 0.535925034375 0.31658390625 0.5133871859375 0.3506517234375 0.5079586078125 0.3681908234375
7 0.38024326406250003 0.571298103125 0.38930279218749997 0.5430265234375 0.393400346875 0.539575009375 0.39559838125 0.4739499453125 0.39053192187499997 0.45995877968750004 0.3730300265625 0.44479912187500004 0.3493805015625 0.449901209375 0.34208031562499996 0.49865434375 0.338372790625 0.5639631796875 0.3437273890625 0.5708314984375 0.3656149796875 0.57541679375 0.38024326406250003 0.571298103125
11 0.3474018125 0.4724729609375 0.3564230546875 0.47148956249999996 0.360054003125 0.46075708281249994 0.357682690625 0.4516404578125 0.35020663124999996 0.455820846875 0.3474018125 0.4724729609375
11 0.38430512656250004 0.564965825 0.39404541718749997 0.5612597765625 0.3965977921875 0.5546112703125 0.39458600312500003 0.5441333203125 0.39081228125 0.5433427515625 0.3852409296875 0.54935880625 0.38272425 0.5588880734375 0.38430512656250004 0.564965825
11 0.3568338359375 0.2919953609375 0.3621527390625 0.2959829171875 0.365855075 0.2910119625 0.36869558750000003 0.277240609375 0.36449095468750004 0.2720498421875 0.358883909375 0.27518513125 0.3559720109375 0.2831949625 0.3568338359375 0.2919953609375
0 0.3799706875 0.397407309375 0.3944536046875 0.41193451562499994 0.419972146875 0.40578733125 0.48092539062500006 0.434359659375 0.49670363906250004 0.43191852343750003 0.49889648593749997 0.426631340625 0.494979990625 0.4143177265625 0.4489431703125 0.3745038578125 0.4182179921875 0.3249678921875 0.4121800359375 0.3237029828125 0.406608684375 0.329719034375 0.388239778125 0.3660968578125 0.384142221875 0.3695483765625 0.3799706875 0.397407309375
1 0.4076132828125 0.3500424796875 0.40168240468749994 0.35741985625 0.39844667500000003 0.369671771875 0.4000632421875 0.3786302828125 0.40617258593749994 0.38565671562500003 0.41886047031249996 0.3768216 0.4220605078125 0.361688921875 0.4204439375 0.3527304109375 0.4076132828125 0.3500424796875
8 0.6288145296875001 0.453127046875 0.6426369015625 0.4106665078125 0.654168290625 0.373288703125 0.661513153125 0.35086420937499996 0.6598296046875001 0.3141414890625 0.6567626171875001 0.2925311828125 0.650710621875 0.26516242343749996 0.6447326546875 0.2437985296875 0.6360378625 0.22015443750000002 0.62731751875 0.21276634687499998 0.608197884375 0.1980622484375 0.593656696875 0.19116577343750002 0.570640475 0.187626959375 0.5500937203125 0.19359311562499998 0.5289131359375 0.2118333296875 0.50999241875 0.22241845 0.5003597359375 0.2319539453125 0.48500075000000004 0.249702703125 0.47536722343750004 0.26822278125 0.46353885312500004 0.290562815625 0.45024398125 0.3121675078125 0.44069475625 0.33755228437499996 0.4358445203125 0.3532242296875 0.43158005 0.38014424375 0.4257551796875 0.41284596562500003 0.4247011328125 0.431334540625 0.425136765625 0.44854052031249997 0.4279772421875 0.4790881296875 0.43199823593750003 0.496190415625 0.44040508593750005 0.5146396234374999 0.447891315625 0.5401696890625 0.45862141875000006 0.5561102046874999 0.47075348593750005 0.56763798125 0.490784221875 0.5744015546875 0.51425223125 0.5690488171875 0.5292334546874999 0.56619648125 0.5559768546875 0.5538280765625 0.5797260875 0.53484018125 0.597546225 0.5167507796875 0.6173371328124999 0.48580972187500004 0.6288145296875001 0.453127046875
11 0.52532154375 0.4035765859375 0.51889389375 0.4063417078125 0.516823846875 0.41801606874999997 0.5211530718749999 0.4246351 0.5255580328125 0.42281535625 0.53008533125 0.41142734843750006 0.529519775 0.40925303281250003 0.5253787078125 0.4033601359375 0.52532154375 0.4035765859375
11 0.5516142609375 0.4056568953125 0.5456833109375 0.40509968125 0.5442878890625 0.41326055312500004 0.545389103125 0.4201170421875 0.54936551875 0.42232062812500004 0.5527994875 0.41938520312499994 0.5553491421875 0.412608265625 0.5542808640625 0.4085012265625 0.5516142609375 0.4056568953125
11 0.574101496875 0.3708457875 0.5730108625 0.369703603125 0.57146271875 0.36708783437500003 0.5670235031249999 0.36936299687499996 0.5649300015625001 0.379205034375 0.5668087640625 0.3859945515625 0.570933971875 0.3857166234375 0.5740253671875 0.3792830390625 0.57517469375 0.3754107109375 0.574101496875 0.3708457875
11 0.5704511859375 0.3367265546875 0.5693378499999999 0.3337522046875 0.5661106078125 0.329191440625 0.5626539375 0.3302947015625 0.560831153125 0.33288381718750004 0.5594247390625 0.34012724375 0.5615995640625 0.3467517953125 0.5656789578125 0.3476064 0.5690849109375 0.3423794078125 0.5704511859375 0.3367265546875
11 0.5462227703125 0.332107728125 0.5438064109375 0.3302309609375 0.5397898578125 0.32961794843750003 0.5379553265625 0.3312894609375 0.5351955703125 0.335508259375 0.5340450765625 0.34417729375 0.5374608359375 0.34946282812499996 0.5418150625 0.3483177359375 0.5448209171875 0.33981039687500003 0.5462227703125 0.332107728125
11 0.524778828125 0.3739916171875 0.524482065625 0.3693609265625 0.5216269437500001 0.365791821875 0.517215553125 0.3671533640625 0.5144834171875 0.373662209375 0.51411086875 0.3822657921875 0.51701291875 0.3847011609375 0.5218460484375 0.38365783124999997 0.5243612375 0.3789295078125 0.524778828125 0.3739916171875