2 0.6871071468750001 0.8246041765625 0.6997369203125 0.8260183453125001 0.702496340625 0.8309751453124999 0.717060121875 0.826408765625 0.9436050874999999 0.6609561796875 0.954086721875 0.6510266796875 0.9703463031249999 0.6007470171875 0.9715216124999999 0.5783207625 0.9282538328125 0.5510462359375 0.71260480625 0.4354925625 0.69132724375 0.4248472921875 0.667632171875 0.42167770468750004 0.3776275390625 0.6259864796875 0.379419953125 0.633933553125 0.6735241796875 0.817144390625 0.6871071468750001 0.8246041765625
5 0.848023515625 0.5428374046875 0.809664503125 0.53105414375 0.787634065625 0.5407233609375 0.7836520828125 0.5485402953125 0.7904936453125 0.558860215625 0.8167063875 0.5677341703125001 0.8324513015624999 0.5775017328125001 0.8411854406250001 0.60894878125 0.8106073765625 0.6225669515625001 0.8055444187499999 0.629229996875 0.8257133890624999 0.656793165625 0.847716203125 0.6651957312500001 0.8715390562499999 0.6634735859374999 0.8887344765625 0.6687557375 0.9536722718749999 0.60734235625 0.9468307078124999 0.5970224359375 0.848023515625 0.5428374046875
0 0.8366059859374999 0.614116690625 0.840829721875 0.6055521875000001 0.8300476031249999 0.5759415265625 0.8032373906249999 0.5644185453125 0.7748488921875001 0.5622727078125 0.7188696890624999 0.5869901609375 0.653886971875 0.5990799203125 0.6415991109375 0.6100982375 0.7945067390625 0.6094027953125 0.8366059859374999 0.614116690625
1 0.8083590781250001 0.5980432296875 0.8112600875 0.5890724078125 0.80585521875 0.58330296875 0.7816766453125 0.5816285203125 0.7779364125 0.5886978843749999 0.7868259531249999 0.59718141875 0.8083590781250001 0.5980432296875
9 0.590454925 0.619864325 0.5839414625 0.6310127796875 0.5926756 0.662459828125 0.6129861609375 0.6760953749999999 0.63847365 0.687212034375 0.6784109484374999 0.689618153125 0.6932164796875 0.68430420625 0.702375390625 0.6739683890625 0.7002410625000001 0.6535888265625001 0.688478134375 0.6360043328125 0.6668448484375 0.6219624687499999 0.6501329296875 0.6151851796875001 0.613566334375 0.6113489921874999 0.590454925 0.619864325
11 0.6572818046875 0.503146771875 0.64357105625 0.500578715625 0.643557246875 0.5096146078125 0.6570262437500001 0.5129302328125 0.6572818046875 0.503146771875
11 0.7679347875 0.5207009484375 0.76287183125 0.5273639953125 0.7674374765625 0.531231978125 0.7782610234375 0.5337349640625 0.779839309375 0.524357821875 0.7679347875 0.5207009484375
7 0.6852282328125 0.479680071875 0.6597131234375 0.486635196875 0.6445380609375 0.4975884421875 0.6588462796875 0.5028055234375 0.6557035203125 0.5125239140625 0.6911753328125 0.5242421046875 0.7096796671875001 0.5389664671875 0.7186969875 0.5425582703125 0.7493890249999999 0.5330842625 0.777535771875 0.53597766875 0.7870504046875 0.52903844375 0.7656588703125 0.5142490125 0.711085253125 0.4851574328125 0.6994224828125 0.480752990625 0.6852282328125 0.479680071875
8 0.5055639890625 0.6942494078125 0.5424022015625 0.7228222984375 0.570051128125 0.7365810625 0.6187583234375 0.7620724078125 0.66435855 0.77315515625 0.709370359375 0.77645275625 0.7327640734374999 0.7713542015625 0.7630632765625001 0.7593088234375001 0.7814490875 0.7520876000000001 0.8045520640625 0.7398796625 0.8155432156250001 0.7219039875 0.8220776593749999 0.7048990390625 0.8279831109375 0.6786336171875 0.819066278125 0.65337225 0.8053870296874999 0.634838309375 0.791788090625 0.619253109375 0.776042484375 0.6071044921875 0.7484468328125 0.5851725531249999 0.7332550703125 0.5761181390625 0.7308369015625 0.57662614375 0.7209292203125 0.5694069453124999 0.6793181609375 0.5539923875 0.6519617609374999 0.5441269125 0.619805965625 0.536296359375 0.5777867062500001 0.5365511671875 0.5555534703125 0.5396664484375 0.529203103125 0.5459039484375 0.5022489718750001 0.5540039812499999 0.48145987031250004 0.5654598484375 0.4678607546875 0.5802946453125 0.456526671875 0.5993352640625 0.457784659375 0.61785620625 0.46350402500000004 0.63219039375 0.4722895453125 0.659458603125 0.484601371875 0.6758178874999999 0.5055639890625 0.6942494078125
11 0.6059438328125 0.6418313906249999 0.6085677703125 0.6405836671875 0.6095413 0.6375732078125 0.606654765625 0.634632759375 0.6013954734375 0.6315337859375 0.5930568015625 0.6317114421875 0.5927736953125 0.631966359375 0.5930977421875 0.6384556328125 0.59887500625 0.6418279515624999 0.6059438328125 0.6418313906249999
11 0.6018573484374999 0.6600888078125 0.605124684375 0.6649723421875 0.608882503125 0.6664685640625 0.6148131359375 0.6674915390625 0.61680209375 0.6669618125000001 0.6185577453125 0.6659034828125 0.6193282203125 0.664770990625 0.6190160625 0.6613655890625 0.61430978125 0.6571815578125 0.6084958 0.6564228859375 0.6042332203125 0.6577375953125 0.6018573484374999 0.6600888078125
11 0.6188839609375 0.6249244984375 0.6236075203125 0.628430075 0.628886009375 0.6295946015625 0.63361568125 0.62933560625 0.63595626875 0.6283435468749999 0.636744265625 0.6265318515625 0.636881409375 0.625509709375 0.634876509375 0.6235616515625 0.6288161421875 0.620444246875 0.6225002703125 0.61998751875 0.618568803125 0.6227739328124999 0.6188839609375 0.6249244984375
11 0.671995178125 0.6430655015625 0.6744862656249999 0.642233084375 0.6763706843749999 0.6405157531250001 0.674676109375 0.6372708406250001 0.6677794953125 0.6342392578125 0.66249956875 0.6343292265625 0.6599384046875 0.637878453125 0.661638496875 0.6401125671875 0.6677851546875 0.642342603125 0.671995178125 0.6430655015625
11 0.682469521875 0.6687625749999999 0.6839071453125001 0.6680626671875001 0.6878782 0.666372409375 0.6870069171875001 0.661597846875 0.6795600484375 0.6583972375 0.674395453125 0.6587511 0.6718518078125 0.6616211265625 0.67134404375 0.6656868921875 0.6780917265624999 0.6685584875 0.682469521875 0.6687625749999999
11 0.6557128875 0.6827944328125 0.6583559078125 0.6808671640624999 0.6591802640625 0.67769746875 0.6587323703125 0.6747073109375 0.6542070765625 0.673088746875 0.6450862828124999 0.6713142750000001 0.6423224171874999 0.6754858234375 0.6464084765625 0.6809627359375 0.649931071875 0.6831863421875 0.6557128875 0.6827944328125
11 0.925539334375 0.5954130578125 0.9190396812499999 0.597525621875 0.9189119015625 0.602417353125 0.9221548234375 0.6058790171874999 0.9446411390625 0.61278644375 0.9491066265624999 0.603474375 0.94370175625 0.597704934375 0.925539334375 0.5954130578125