2 0.7065720640625 0.40289455625 0.5384950703125 0.44533615156249995 0.3564919671875 0.49469646875000006 0.348174684375 0.502490696875 0.345075003125 0.5644936421875 0.4390432390625 0.9175187890625001 0.44581230312500003 0.9210903500000001 0.777323946875 0.8422535281249999 0.78467475 0.827537425 0.7525991953125 0.45747621875 0.7336478546875 0.4227909890625 0.71875665625 0.4059572453125 0.7065720640625 0.40289455625
5 0.743486965625 0.7234121890625 0.7378818453125 0.6776551125 0.7204759468749999 0.665265275 0.7021021796875 0.6627841515624999 0.7032619546875 0.6710904046875 0.6937839703125 0.681798771875 0.69939140625 0.6995048671874999 0.700356959375 0.7176471359375001 0.6931980624999999 0.7505782046875 0.6711479671875 0.7666755249999999 0.6614762234375 0.7816097140625 0.6728834640625 0.8296266718749999 0.6866153500000001 0.8325439687499999 0.741742671875 0.7670547796875 0.7446444249999999 0.7597694234375 0.7409708765625 0.7446866890625 0.743486965625 0.7234121890625
0 0.6088774921875 0.6743490953125 0.58470206875 0.6639978953125001 0.5669081890625 0.6656698999999999 0.5672943171875 0.6740488484375 0.5742562140625 0.684614978125 0.623379784375 0.7164650734375 0.66863419375 0.759899040625 0.687395015625 0.7595387171875 0.69668109375 0.730615384375 0.696103059375 0.7040214703125 0.6781172718749999 0.6874785109375 0.6452384359375001 0.6765425890625 0.6088774921875 0.6743490953125
1 0.6825616906249999 0.7361497296875 0.6858505 0.726022928125 0.6858509640625 0.7204127312499999 0.6844978921875 0.7107221046875 0.68256400625 0.708098746875 0.674828 0.7032155062500001 0.6670915296875 0.703942465625 0.6614822421875 0.7086771578125 0.6597411906249999 0.7130483703125 0.65703226875 0.7273282984375 0.6595460421875 0.73410478125 0.661479928125 0.7367281421875 0.667668640625 0.741756771875 0.6709565234375 0.7428503625 0.6748247578125001 0.742486884375 0.675405109375 0.7410298125 0.6806273421875 0.73913656875 0.6825616906249999 0.7361497296875
10 0.41624727968749997 0.5970770062499999 0.40851080937499995 0.5978039640625 0.390134728125 0.623373825 0.39612968125000003 0.6326282765625 0.393227 0.6511340265625 0.410816934375 0.777112171875 0.4533591796875 0.87409744375 0.45703458125 0.866739390625 0.4756021078125 0.8649946906249999 0.5098340171875 0.8856212390625 0.5709516609375 0.8854884671875001 0.642711696875 0.8268516124999999 0.64290591875 0.8170155953125 0.641360940625 0.7891100015625 0.6318857328124999 0.766157190625 0.625309965625 0.76397000625 0.59165609375 0.769937371875 0.5607065109375 0.8177267765625 0.538463584375 0.8268295265625 0.5129336984374999 0.823618290625 0.500943328125 0.810719584375 0.4848905015625 0.8080203750000001 0.47038589531249997 0.79395538125 0.44795383906249997 0.7511819859375 0.44622112031250005 0.6545696578125 0.4442881609375 0.6407259046875 0.4380994484375 0.635697275 0.43152553281249995 0.61106930625 0.41624727968749997 0.5970770062499999
9 0.5032767703125 0.6590261859375001 0.48818949843750004 0.6744692453125001 0.4819984703125 0.6974915984375001 0.48141626718749997 0.7213894578125 0.492244546875 0.754032896875 0.52918445 0.771599909375 0.5562634828124999 0.752224965625 0.5638075812500001 0.7388932390625 0.5640027296875 0.7178368296875 0.5607162359375 0.699912646875 0.5516276203125 0.6797285828125 0.5247455890625 0.655606328125 0.5032767703125 0.6590261859375001
11 0.6934121953125 0.49950372656250003 0.699794203125 0.5059167328124999 0.7067574890625 0.49965227343749996 0.705211584375 0.4829670765625 0.6996032234375 0.4764813734375 0.6930269921875001 0.4799043875 0.6934121953125 0.49950372656250003
11 0.6448611046875 0.56156990625 0.63983263125 0.5592373296875001 0.6351902859375 0.5652837015625 0.6349960640625001 0.57511971875 0.63905713125 0.5817508109375 0.6481475984375 0.5794940859375 0.6493087640625 0.5709697484375 0.6448611046875 0.56156990625
11 0.6374894640625001 0.8287448578125 0.629365940625 0.8323132624999999 0.627431128125 0.840910296875 0.63284573125 0.8516218203125 0.639808553125 0.8509675578125 0.6434839546875 0.8436095078125 0.6438714734375 0.8351578625 0.6374894640625001 0.8287448578125
11 0.455872953125 0.8808739250000001 0.46360849687499994 0.8913673609374999 0.4728927234375 0.884884815625 0.4713463546875 0.8738098125 0.46515764375 0.868781184375 0.45703411875000005 0.8723495874999999 0.455872953125 0.8808739250000001
11 0.373307328125 0.6319677046875001 0.38046205781250003 0.6495284078125 0.3912931140625 0.6485106671875001 0.3916810953125 0.6344488265625 0.3856861421875 0.625194375 0.3793036703125 0.6243915671875 0.373307328125 0.6319677046875001
7 0.64373945625 0.48968300937500003 0.62556785625 0.50295303125 0.6305877546875001 0.541218040625 0.6324202109375 0.5635930609375001 0.6390345765625 0.5832059609375 0.6553716328125 0.5845614796875 0.6538586937499999 0.5621564359375 0.66939898125 0.5554927765625 0.709328765625 0.547875375 0.7066181703125001 0.5097916921875 0.7003232984375 0.46933369843749995 0.676175425 0.486057315625 0.64373945625 0.48968300937500003
11 0.5154604359375 0.67330926875 0.5156532687500001 0.6803038406249999 0.517973746875 0.68569595 0.5206812796875 0.6882466140625 0.5253231609375 0.6878104375 0.5255169203125 0.6835846171875 0.5247437374999999 0.6780471171875 0.5233902015624999 0.6739666859375 0.5197157265625 0.6701043421875 0.5173947859375 0.67032243125 0.5154604359375 0.67330926875
11 0.49348654375 0.6941175687500001 0.493608078125 0.7002590859375 0.49520364062500005 0.7034794578125 0.4984346796875 0.7066920156250001 0.49875729062499996 0.7066617015625 0.501261634375 0.7081837609375 0.502756925 0.7030628421875 0.50170665 0.6967140625 0.49932398750000007 0.6925437984375 0.496092221875 0.6910886890625 0.49348654375 0.6941175687500001
11 0.5056236484375 0.7359045953125001 0.502876959375 0.729716621875 0.4978076265625 0.727995184375 0.49508108906250003 0.7307422921875 0.497221890625 0.738451446875 0.5016042015625 0.7428756140624999 0.5046940875 0.7409737578125 0.5056236484375 0.7359045953125001
11 0.521477159375 0.7562454265625 0.5222847015625 0.7602719718750001 0.526250253125 0.7618853421875 0.5291513015625 0.76079786875 0.5297977328125001 0.7554635843749999 0.5285856703125 0.7503025296875 0.5265465421875 0.748003228125 0.52412270625 0.748230984375 0.5223454453125 0.7507430265624999 0.521477159375 0.7562454265625
11 0.5415521625 0.7376562484375 0.543127428125 0.7407312625 0.5467566828125 0.7441406265625 0.548358453125 0.74243750625 0.5510044828125 0.7379405828125 0.549146425 0.7328402296875 0.5463592890625 0.729292828125 0.5437136953125 0.728516165625 0.5413913406249999 0.7318115546875 0.5415521625 0.7376562484375
11 0.545693228125 0.707681990625 0.5477331421875 0.7051368499999999 0.5484002078125 0.6981877062499999 0.54537024375 0.6934906015625 0.54375525625 0.6912987125 0.5398569578125 0.6950339125 0.5405029531250001 0.7020069421875 0.5420175234375 0.7046472625 0.545693228125 0.707681990625
8 0.44451261718749996 0.6863714609375 0.4439219875 0.71394195625 0.4480505625 0.7533005484374999 0.4566477390625 0.7732825390625 0.4740953515625 0.802828509375 0.4909524875 0.8159192875000001 0.5089060562500001 0.8197358390625 0.5325070984375 0.82485624375 0.538744340625 0.823047146875 0.556614440625 0.8164759296874999 0.5692579171875 0.799388709375 0.5896572296875 0.774236034375 0.5964844375 0.7693153703125 0.6153654921875 0.765095184375 0.6275030375 0.7664007046875 0.6337402546875001 0.7719282890625 0.638713678125 0.7757415078125 0.64478303125 0.7482663078125 0.6406790078125 0.6715459984375001 0.6328164968750001 0.652778296875 0.6228714859375 0.618248196875 0.6030642828125 0.5791398359375 0.5867975249999999 0.5555979718749999 0.5628598046875 0.53583444375 0.538500059375 0.530175225 0.5116962203125001 0.52413275625 0.48008768125 0.522822309375 0.45716041875 0.5372068046875 0.44375825625000004 0.5488603515625 0.42083099375 0.563244846875 0.4064164625 0.5896696828125 0.4245385609375 0.6020300890625 0.442491465625 0.63030556875 0.4462837390625 0.657465625 0.44451261718749996 0.6863714609375