2 0.3609375 0 0.2578125 0.134722221875 0.25703125 0.1541666671875 0.3609375 0.40277777812500004 0.48984375 0.6916666671875 0.49765625 0.690277778125 0.7015625 0.4138888890625 0.70078125 0.397222221875 0.68515625 0.35694444375 0.54453125 0.0236111109375 0.53125 0 0.3609375 0
7 0.38203125 0.25 0.3828125 0.184722221875 0.35546875 0.125 0.34609375 0.125 0.3125 0.1611111109375 0.309375 0.19305555624999998 0.3453125 0.2791666671875 0.35703125 0.28055555625 0.38203125 0.25
0 0.4765625 0.35694444375 0.47578125 0.0791666671875 0.46171875 0.059722221875 0.44453125 0.055555556250000006 0.4328125 0.055555556250000006 0.41953125 0.072222221875 0.4234375 0.1263888890625 0.45390625 0.290277778125 0.46875 0.35 0.4765625 0.35694444375
9 0.50703125 0.434722221875 0.528125 0.4361111109375 0.54140625 0.4263888890625 0.553125 0.40694444374999994 0.56015625 0.377777778125 0.56015625 0.35 0.553125 0.32083333281250004 0.5453125 0.30555555624999997 0.52890625 0.2916666671875 0.51328125 0.290277778125 0.4984375 0.2986111109375 0.4828125 0.325 0.478125 0.34861111093749997 0.47734375 0.3791666671875 0.48203125 0.40138888906250003 0.49453125 0.425 0.50703125 0.434722221875
1 0.465625 0.1263888890625 0.4640625 0.102777778125 0.45546875 0.0916666671875 0.446875 0.090277778125 0.43828125 0.10694444375 0.43828125 0.1263888890625 0.45 0.14305555625 0.45859375 0.140277778125 0.465625 0.1263888890625
5 0.415625 0 0.4 0.01805555625 0.39921875 0.0333333328125 0.40625 0.0666666671875 0.41171875 0.075 0.43019375000000004 0.05855694375 0.45614999999999994 0.055222221875 0.4714734375 0.0713416671875 0.50546875 0.09444444375 0.5140625 0.0861111109375 0.52734375 0.052777778124999994 0.52109375 0.03194444375 0.484375 0 0.415625 0
11 0.32109375 0.17916666718750002 0.32109375 0.172222221875 0.315625 0.15972222187500001 0.31328125 0.15972222187500001 0.30703125 0.1708333328125 0.31015625 0.190277778125 0.31796875 0.1875 0.32109375 0.17916666718750002
11 0.38984375 0.2375 0.3921875 0.23194444375 0.39296875 0.225 0.38828125 0.2166666671875 0.38359375 0.2166666671875 0.37890625 0.222222221875 0.37890625 0.23194444375 0.38359375 0.240277778125 0.38984375 0.2375
11 0.5484375 0.13194444375 0.5546875 0.12361111093749999 0.55390625 0.10555555624999999 0.5484375 0.1 0.546875 0.1 0.53828125 0.10694444375 0.5375 0.1208333328125 0.540625 0.13055555624999998 0.5484375 0.13194444375
11 0.6640625 0.40555555625000006 0.66796875 0.39444444375 0.66796875 0.38333333281250004 0.665625 0.375 0.65859375 0.372222221875 0.6578125 0.3708333328125 0.65078125 0.38194444375000003 0.65 0.397222221875 0.65390625 0.40555555625000006 0.6640625 0.40555555625000006
11 0.5328125 0.6263888890625 0.53671875 0.6180555562500001 0.5359375 0.6041666671875 0.5296875 0.597222221875 0.52734375 0.597222221875 0.51875 0.60694444375 0.51875 0.6166666671875001 0.525 0.6291666671875 0.5328125 0.6263888890625
10 0.50774921875 0.207072221875 0.522134375 0.21874583281249999 0.55528359375 0.2337541671875 0.57060703125 0.244872221875 0.5849921874999999 0.2748888890625 0.5959375 0.3154666671875 0.59968984375 0.335477778125 0.60187890625 0.35715694375 0.59937734375 0.398290278125 0.59343515625 0.426640278125 0.5874937499999999 0.4544333328125 0.578425 0.4738888890625 0.55278125 0.5000138890625 0.5380835937499999 0.5077958328125 0.52025859375 0.5116875000000001 0.50743671875 0.5178013890625001 0.50024375 0.5283638890625 0.495553125 0.538925 0.4892984375 0.56783055625 0.4886734375 0.580059721875 0.49649140625 0.590065278125 0.5111890625 0.6000708328125001 0.51619296875 0.6061847218749999 0.5177562499999999 0.6100763890625001 0.521509375 0.6167458328125 0.5265125 0.625084721875 0.53620703125 0.62841944375 0.5430867187499999 0.6056291671875 0.5437125 0.5995138890625 0.55090546875 0.5917319437499999 0.5659156249999999 0.579502778125 0.5853046875000001 0.5672736109375001 0.60500625 0.5361458328125 0.618140625 0.5061291671875 0.6293984375 0.4761125 0.635965625 0.45220972187499997 0.63971875 0.43442222187499996 0.64284609375 0.426084721875 0.65816953125 0.42052500000000004 0.66755078125 0.41051944375 0.66692578125 0.38439444375 0.65691796875 0.37160972187499997 0.6469109375000001 0.36771805625 0.6444093750000001 0.3454833328125 0.64347109375 0.30990833281249996 0.6425328125 0.28489444375 0.6315875 0.25043055625 0.61939140625 0.22541666718750003 0.6103226562499999 0.20485000000000003 0.5959375 0.1831708328125 0.57498515625 0.1659388890625 0.56622890625 0.154265278125 0.5543453125 0.12980694375 0.55246875 0.1114638890625 0.54902890625 0.1020138890625 0.5371453125000001 0.100902778125 0.5330796875 0.1114638890625 0.5330796875 0.11313194374999999 0.51588046875 0.1259166671875 0.50556015625 0.145927778125 0.50274609375 0.1792791671875 0.50774921875 0.207072221875
8 0.3929796875 0.33825694375 0.3923546875 0.3643833328125 0.3923546875 0.39273194375 0.39798359375 0.42052500000000004 0.40330000000000005 0.46610694375 0.4142453125 0.4961236109375 0.4208125 0.5116875000000001 0.43582265624999994 0.5333666671875 0.45896484375 0.5594916671875 0.47522578125 0.5733888890625 0.48742265625 0.5783916671875 0.48961171875 0.5567124999999999 0.49367656249999997 0.5361458328125 0.50274609375 0.5178013890625001 0.52494921875 0.50390555625 0.54902890625 0.4939 0.56654140625 0.4783361109375 0.57905 0.45665694375 0.5874937499999999 0.42997500000000005 0.59562421875 0.3971791671875 0.600315625 0.362159721875 0.6000023437500001 0.3371458328125 0.5937484375000001 0.3004583328125 0.58436640625 0.27655555625 0.5765484375 0.2621041671875 0.56873046875 0.25043055625 0.5443382812500001 0.23430972187500002 0.5243234375 0.21930138906250002 0.50993828125 0.2059611109375 0.50337109375 0.1881736109375 0.504621875 0.16760694375000001 0.503996875 0.1514861109375 0.5024328125 0.1398125 0.4842953125 0.13703333281250002 0.4717859375 0.1437041671875 0.45646250000000005 0.1609361109375 0.43050703125 0.20262638906250002 0.41518359374999997 0.23264305625 0.40705234375000005 0.2621041671875 0.39986015625000004 0.29045277812500003 0.3929796875 0.33825694375