2 0.8607250484375 0.1075073859375 0.8607250484375 0.0973676375 0.8273713953125 0.0843152796875 0.46156987968749996 0.0134303125 0.345032178125 0.0100394109375 0.0171556125 0.3671219640625 0.0171556125 0.3725818296875 0.044950321875 0.38917865156250003 0.45075308124999997 0.5352426453125 0.49939382343750005 0.5360127828125 0.5383064171874999 0.5065216375 0.7495462078124999 0.2649745671875 0.8607250484375 0.1075073859375
10 0.6300289578125 0.145795409375 0.6870081124999999 0.1517785875 0.7231412374999999 0.1455091453125 0.732869384375 0.1383313546875 0.75232568125 0.095116484375 0.63975710625 0.05437969687500001 0.5383064171874999 0.0416531109375 0.4521428171875 0.042383671875 0.4326865203125 0.04659950625 0.40489181093750004 0.0323426234375 0.39099445625 0.0322340109375 0.264528528125 0.1021458765625 0.2214467296875 0.1508699625 0.197821225 0.21019785 0.18809307656250002 0.2150357 0.18531360624999998 0.238257403125 0.186703340625 0.24224616562499998 0.24090302343749997 0.2659911828125 0.272866940625 0.2672549703125 0.3062205921875 0.24676815468750002 0.3159487390625 0.231010575 0.303441121875 0.20525145625 0.31038979843750003 0.168256678125 0.32984609374999996 0.14220138437500002 0.346522921875 0.134687909375 0.3493023921875 0.1278458015625 0.3784868375 0.11801213906250001 0.3840457796875 0.11212773125 0.4118404875 0.108445053125 0.4479736109375 0.097495728125 0.509121971875 0.093605734375 0.5327474750000001 0.0974562875 0.5925061015625 0.11999678124999999 0.6300289578125 0.145795409375
9 0.49800408906250004 0.23095145156250002 0.5424756234375 0.20727560781249998 0.5508140359375 0.1734896125 0.5383064171874999 0.1539703390625 0.5202398546875 0.1411154546875 0.48688620312499997 0.1335229640625 0.44519413906249994 0.134757084375 0.4187891671875 0.1424285234375 0.3923841921875 0.1571197890625 0.3784868359375 0.17573071406250002 0.3784868359375 0.19679019375 0.3937739265625 0.21570720625 0.41739943124999995 0.22813754687499999 0.4646504359375 0.233498709375 0.49800408906250004 0.23095145156250002
0 0.44519414062499996 0.2478542921875 0.22283646406250002 0.31085487500000003 0.2131083140625 0.320372609375 0.213108315625 0.3305123578125 0.24090302343749997 0.364268759375 0.26174905625 0.36638163125 0.2923232375 0.3581967875 0.3256768875 0.3408298953125 0.45214281562499997 0.26077828125 0.45353255312499996 0.2538473140625 0.44519414062499996 0.2478542921875
1 0.2894242484375 0.3321527265625 0.2923552 0.32288520468750004 0.2867378921875 0.31704432968749996 0.2728155203125 0.315194759375 0.2620686953125 0.3154669859375 0.2584039640625 0.317562465625 0.251077278125 0.32134177343750003 0.24765713749999999 0.32674129218750003 0.25400822968750003 0.33550643281250003 0.26548744687500003 0.337748115625 0.279165221875 0.33752601718749997 0.2894242484375 0.3321527265625
7 0.424966540625 0.4695090796875 0.46281459687500004 0.48380974375 0.48128835 0.46653738906250003 0.5182344671875 0.41809021093750004 0.5308504859375 0.4044882921875 0.4835411109375 0.38225163281249996 0.4483960921875 0.3716625734375 0.4146032828125 0.36697395 0.40288781250000005 0.36774192656250004 0.4024375375 0.3828798625 0.40829527343749994 0.39058544375 0.3690950046875 0.436107859375 0.368193065625 0.44944791874999995 0.424966540625 0.4695090796875
8 0.7326220125 0.13434777656250002 0.7092800140625 0.1465455140625 0.6705536453125001 0.15359370156250002 0.6466807703125 0.15028111875 0.61856503125 0.1404480421875 0.597345159375 0.1268884484375 0.5665764156249999 0.10676626874999999 0.5442947874999999 0.0990916 0.47957480625000004 0.088405475 0.4477456953125 0.085775203125 0.40159119062500004 0.10395532968750001 0.3708224453125 0.1159761578125 0.3586219578125 0.1214460453125 0.3363403296875 0.1340095359375 0.3230780828125 0.145959475 0.309284959375 0.170970565625 0.30875546875 0.194151278125 0.3119379640625 0.2196526625 0.3177734625 0.23193062812499998 0.30504209531250004 0.24629579218750003 0.285413471875 0.257242759375 0.263662721875 0.2677568671875 0.262602353125 0.2775105859375 0.2732115953125 0.2877132828125 0.2822295890625 0.2924565484375 0.3596600890625 0.3246474890625 0.38620681874999996 0.3315457953125 0.41591519374999997 0.334337640625 0.4610079390625 0.3372208625 0.49867255000000005 0.336355553125 0.542703540625 0.32845629062500004 0.5777165359375 0.3208734984375 0.6111382828125 0.310808459375 0.64031578125 0.2936261546875 0.6668402718750001 0.279250621875 0.6891205109375 0.2619244796875 0.707688765625 0.245552025 0.730499884375 0.20921269687500002 0.736335384375 0.18220459218750001 0.7352736265625001 0.1547554796875 0.7358045062499999 0.1518130171875 0.7326220125 0.13434777656250002
11 0.4493633453125 0.4649555171875 0.43963519843750004 0.471353328125 0.44936334687499996 0.48133511406249996 0.470209378125 0.4787681015625 0.470209378125 0.4701883140625 0.46048123125 0.4648864125 0.4493633453125 0.4649555171875
11 0.4590914953125 0.387579459375 0.4632607 0.3808262109375 0.457701759375 0.3757908890625 0.441024934375 0.3731646140625 0.43685572656250005 0.37523797812500004 0.4382454625 0.387806528125 0.4493633453125 0.390077365625 0.4590914953125 0.387579459375
5 0.20893910937500002 0.329986046875 0.21032884375 0.317074965625 0.22283646406250002 0.2999351453125 0.211718578125 0.283624653125 0.157518896875 0.273919290625 0.1436215421875 0.2784905609375 0.1366728640625 0.28896599375 0.1394523328125 0.375721575 0.20893910781249997 0.4059039125 0.21866725625 0.40730590937500005 0.26174905625 0.3835412078125 0.2283954046875 0.3611290796875 0.20893910937500002 0.329986046875
11 0.44204360937500004 0.2059956359375 0.44012994375 0.20976538125 0.4403689796875 0.214611865625 0.44204360937500004 0.2167328515625 0.45137290312499995 0.2205499046875 0.4621377953125 0.216272853125 0.4647699546875 0.20973019843750002 0.45831046249999996 0.20529091875 0.44850310000000004 0.20452968125 0.44204360937500004 0.2059956359375
11 0.49443385781250004 0.1933745734375 0.4925201921875 0.1955336578125 0.49044531718749995 0.1978103515625 0.4937153625 0.2059440421875 0.5049597140625 0.20599222031250003 0.5162026749999999 0.203087303125 0.5166807421875 0.198823296875 0.5102226437499999 0.19384669999999998 0.4987392578125 0.19217335625 0.49443385781250004 0.1933745734375
11 0.514049975 0.16094145625 0.5059158515625 0.16149539531249998 0.5011323812499999 0.16454501875 0.4996967859375 0.1667346703125 0.4987392578125 0.1684182640625 0.499217328125 0.1704619609375 0.5078295171875 0.172757440625 0.518116340625 0.1707304828125 0.5217046375 0.164920528125 0.5205094640625 0.162830978125 0.514049975 0.16094145625
11 0.45902895781249997 0.151249875 0.45998509375 0.1527875140625 0.4650089890625 0.155524340625 0.47577387968749996 0.153394575 0.47960121093749997 0.1478682171875 0.4707499859375 0.14394679375 0.4645309203125 0.145428121875 0.45831046249999996 0.14972743125000001 0.45902895781249997 0.151249875
11 0.4174036 0.159459728125 0.413096809375 0.1605259203125 0.4095085125 0.1636519609375 0.41190163750000003 0.1674287671875 0.41548993437500004 0.16993964687500002 0.4233836328125 0.1703102125 0.426254825 0.1660650640625 0.42792945624999995 0.16362160312500001 0.42434115937500005 0.16124488125 0.4174036 0.159459728125
11 0.3973080234375 0.1937403828125 0.40041825312499996 0.19756304062500002 0.40926947656249996 0.1993371765625 0.4162070375 0.19655944218750002 0.42099189687500005 0.1923024984375 0.41572896875 0.18954960781250002 0.40472504374999996 0.188980175 0.40233191875 0.19043781875000002 0.3973080234375 0.1937403828125
11 0.20754937343750002 0.23265932656250002 0.20893910937500002 0.225728359375 0.20199043125 0.2198241984375 0.1922622828125 0.21920218125000002 0.18114439843750002 0.22395117187500002 0.182534134375 0.238079684375 0.197821225 0.23827715624999998 0.20754937343750002 0.23265932656250002
11 0.372927896875 0.0310788375 0.36042027656250003 0.0349589890625 0.354861334375 0.050203165625000004 0.3618100109375 0.055327346875 0.385435515625 0.046698207812499996 0.3868252484375 0.0327474125 0.372927896875 0.0310788375
11 0.71758229375 0.09445495937500001 0.73564885625 0.09483015156249999 0.7467667390625 0.0877412203125 0.745377003125 0.079072571875 0.73425911875 0.0736818125 0.7189720296875 0.07426432031249999 0.7078541453125 0.08057327187499999 0.7078541453125 0.089153059375 0.71758229375 0.09445495937500001