2 0.38286917656249997 0.1492320109375 0.03024091875 0.3586170375 0.016936146875 0.36776957499999996 0.008164871875 0.409035178125 0.3443001734375 0.59789236875 0.36755775625 0.6020372171874999 0.736857584375 0.3810204734375 0.743044803125 0.371952459375 0.73412566875 0.360472196875 0.5390274234375 0.22954798125 0.5059794609375 0.21134157031249998 0.41932819062500004 0.1513906875 0.400958378125 0.14429125 0.38286917656249997 0.1492320109375
5 0.11543030937500001 0.42544552187500007 0.1609857296875 0.458291028125 0.1737589578125 0.46499957968750005 0.2058174953125 0.4678203140625 0.2210271875 0.4630661984375 0.22672711250000002 0.45629071874999994 0.22269575000000003 0.441855865625 0.2079142578125 0.437915259375 0.195790753125 0.42814999687500005 0.18952960624999998 0.4108450765625 0.1884368390625 0.402625765625 0.207220015625 0.3810597375 0.19976275937500002 0.362701875 0.1400313234375 0.3364276046875 0.121454828125 0.3436608984375 0.1260325765625 0.3622054078125 0.1118713984375 0.38874739062499997 0.11543030937500001 0.42544552187500007
0 0.31717311875 0.4315869140625 0.412728415625 0.40956652968749996 0.41907806406250003 0.3997343390625 0.41325995937500004 0.393705440625 0.3979911765625 0.3920573671875 0.3261659140625 0.3959593234375 0.20239133437499998 0.3904165171875 0.18985446875 0.4093167203125 0.2012249078125 0.42930506093750004 0.21606548750000001 0.43964785624999997 0.26860544062499997 0.43963371718750005 0.28701950468750004 0.43316460156250003 0.31717311875 0.4315869140625
1 0.23257462968749998 0.42878031875 0.24903952031249998 0.4314813359375 0.270657953125 0.42329721718749996 0.2712485859375 0.41383831718749997 0.25401579218750003 0.40138963437499997 0.23619236250000003 0.3983998515625 0.21777829999999998 0.4048689671875 0.22028869375000001 0.41977923281249996 0.23257462968749998 0.42878031875
9 0.3955841203125 0.369980734375 0.41825106874999995 0.3835844828125 0.446780375 0.389648575 0.480138359375 0.3863558859375 0.49768117656250005 0.3773054703125 0.507235196875 0.365758278125 0.509450140625 0.3486576 0.5010182999999999 0.334884803125 0.4793259359375 0.3166959875 0.4531297546875 0.306335596875 0.42291705 0.30151109531250003 0.4010770953125 0.3040572015625 0.3804923390625 0.314058440625 0.3729465828125 0.32283768749999997 0.3708940703125 0.3391741875 0.38003472656250004 0.3562924625 0.3955841203125 0.369980734375
11 0.3598050484375 0.5516684093750001 0.3603956828125 0.542209509375 0.342572253125 0.5392197265625 0.338718159375 0.5439914390625 0.34301529531249997 0.5504957484374999 0.3598050484375 0.5516684093750001
11 0.3576340859375 0.4817197453125 0.37121946875 0.48460740625 0.37588571875 0.47601480625 0.3585495828125 0.47073248906250004 0.3576340859375 0.4817197453125
11 0.2114135421875 0.3212496265625 0.2029816984375 0.3074768296875 0.19347193125 0.30545546562500003 0.18146660781249999 0.30849458125 0.180167159375 0.314608003125 0.18837747968750002 0.3227427890625 0.2031589703125 0.3266833953125 0.2114135421875 0.3212496265625
11 0.41980091249999996 0.20260819687499998 0.41832419375 0.18951505468750002 0.4025090265625 0.183757325 0.3893075953125 0.185743496875 0.3849662078125 0.19280774218750002 0.388451190625 0.20313294062499998 0.3920395109375 0.2062917734375 0.41980091249999996 0.20260819687499998
11 0.6541343390625001 0.34267081093749996 0.661798275 0.3466959421875 0.673153875 0.3467135375 0.6786913703125 0.3407022359375 0.67336055625 0.3323808046875 0.6614585734375 0.32825355312500004 0.6526576203125 0.32957766718750003 0.648803525 0.3343493796875 0.6541343390625001 0.34267081093749996
10 0.6401501625 0.3149385703125 0.5753979359375 0.2588437703125 0.5552856328125 0.2465817328125 0.44528827812499994 0.20962311250000001 0.43598519218750004 0.193269015625 0.42120369999999996 0.1893284078125 0.40611218750000005 0.20688690156249998 0.38682687968749996 0.21077471874999998 0.338687403125 0.2101268 0.301475325 0.2181912015625 0.2592721359375 0.23637655781250003 0.22919245156249998 0.264327178125 0.20547725468750003 0.3024163515625 0.19506683125 0.3313529875 0.2068654734375 0.34264660625 0.2361626828125 0.3584583625 0.2756636359375 0.35966621718749997 0.2964699125 0.3553029890625 0.3035577859375 0.3152769765625 0.31804382656249996 0.2872066390625 0.3504123859375 0.26852827343749996 0.4245707703125 0.2603300171875 0.4840215953125 0.2745640875 0.537831584375 0.30197582500000003 0.5632304515625 0.33612785 0.59074091875 0.3603455640625 0.65187514375 0.37334004374999996 0.6653865984375 0.34985477343750004 0.649187478125 0.3392232125 0.6481980515625 0.323837534375 0.6401501625 0.3149385703125
7 0.33181728593750004 0.54656365625 0.3599577625 0.5545706109374999 0.38133504687499997 0.5484094703125 0.41868827187499996 0.5300214765625 0.428237315625 0.5068808437500001 0.3949111515625 0.48938205312500005 0.3784973828125 0.47460991406249997 0.3602610359375 0.468419015625 0.3493768875 0.4711868703125 0.324149178125 0.488228190625 0.3005526984375 0.4999933671875 0.283929634375 0.515264703125 0.33181728593750004 0.54656365625
11 0.476254465625 0.346123103125 0.479020328125 0.3502788140625 0.48606321562500004 0.3522223015625 0.4925155859375 0.3517200359375 0.49426157187499997 0.3479882171875 0.4923948421875 0.34482631874999997 0.4859938421875 0.34061117812499997 0.48192601562500004 0.3410843625 0.476254465625 0.346123103125
11 0.44766822343749996 0.3211280171875 0.45054799687499997 0.3245140296875 0.4569964671875 0.3277576546875 0.46427376249999996 0.3263604703125 0.46507889062499996 0.3233208171875 0.4624360671875 0.3200826109375 0.4546517875 0.3178928796875 0.45181788125000005 0.3185396875 0.44766822343749996 0.3211280171875
11 0.4204960125 0.3203562640625 0.41904419062500003 0.3189766078125 0.4166748765625 0.3166894890625 0.41041519062500004 0.3155370625 0.40544544531250004 0.31653258125 0.40358192031250006 0.317831325 0.404248165625 0.322165334375 0.4094470765625 0.3253222671875 0.41460122187500004 0.3257037734375 0.41589234218750004 0.32410525 0.419417209375 0.32244559375000004 0.4204960125 0.3203562640625
11 0.40090486875 0.33938399375 0.397030921875 0.338203540625 0.39312769375 0.33790901562500003 0.39073070625 0.33873814687500003 0.387524525 0.3417442671875 0.38964936093749997 0.3445736546875 0.3977435375 0.34754329687499996 0.40407997343749996 0.3468382796875 0.40642078281250005 0.344035590625 0.4042944265625 0.3413536390625 0.40090486875 0.33938399375
11 0.43194421250000004 0.364267928125 0.4270874390625 0.3632355890625 0.42092134999999997 0.3638873609375 0.4182873171875 0.3658250265625 0.41799290781250004 0.36870646875 0.42112164218750003 0.3711550078125 0.42860160937499997 0.37328005468750003 0.43295284218749996 0.3729565640625 0.4355255171875 0.37055938125 0.43398527343750004 0.3658614875 0.43194421250000004 0.364267928125
11 0.467145775 0.36434626875 0.4637046015625 0.3648639984375 0.46096488906250005 0.3687016796875 0.46304908906250003 0.37168217187499997 0.46649880625 0.3741102796875 0.4721735625 0.3735321828125 0.476020771875 0.3718523859375 0.4774513609375 0.368856225 0.47324221718750004 0.36626669375 0.467145775 0.36434626875
8 0.4343158890625 0.25786397031249997 0.3801929421875 0.2569953203125 0.3387122484375 0.26842146875 0.32352902656250004 0.2881816640625 0.3073238015625 0.315615815625 0.30911583125000003 0.33589642343750004 0.29944588437499997 0.36128926093749997 0.2553181015625 0.36220250468750004 0.2443213765625 0.3622667796875 0.2526926359375 0.377426828125 0.26204059375 0.38799187343749997 0.3251268609375 0.433774328125 0.366622465625 0.4500208375 0.4236785296875 0.46866749687500003 0.5092321390625 0.473814440625 0.5602442671875 0.4692176640625 0.6066678624999999 0.44889270937500003 0.63431445625 0.42217487968749995 0.6459613015625 0.3903405828125 0.6427751859375 0.376625315625 0.61711248125 0.373915684375 0.5895715312500001 0.35708269531250003 0.5734966484374999 0.3437156234375 0.5558033296875 0.32074117968750004 0.541054046875 0.30113765312499996 0.5029337625 0.2823986015625 0.46761934375 0.267687184375 0.4343158890625 0.25786397031249997