2 0.3166302328125 0.6406132328125 0.4812179515625 0.5864422921875 0.65922500625 0.5243814812500001 0.667005328125 0.5160079843750001 0.6661238625 0.4538011578125 0.5500021796875 0.10741014687499999 0.5430357796874999 0.10431204218750001 0.21809446562499998 0.206284571875 0.21171902812500001 0.2215110421875 0.2673229640625 0.589257040625 0.2884061609375 0.622611728125 0.304305796875 0.6384021 0.3166302328125 0.6406132328125
5 0.25937897187500003 0.3227387078125 0.2678857671875 0.36809505 0.28600420625 0.3792667984375 0.3044521109375 0.38046425156249997 0.30276625 0.37224068125 0.3115154859375 0.3608725765625 0.3048010546875 0.34356168125000003 0.3026792265625 0.325490528125 0.3076982703125 0.29206619375 0.3286169484375 0.2744322328125 0.33728868749999996 0.2588256328125 0.322861903125 0.211615071875 0.309006603125 0.2096573578125 0.258323034375 0.27898316562500003 0.2559007484375 0.28646969218749996 0.2605223578125 0.3012928140625 0.25937897187500003 0.3227387078125
0 0.3965076328125 0.3623911421875 0.42123399843750003 0.3710519046875 0.4388389734375 0.368137571875 0.43791854687500004 0.3597872921875 0.4303126984375 0.34970950312500004 0.3793775875 0.321296509375 0.3315526984375 0.2810317875 0.3129013140625 0.28270223437499997 0.3055084734375 0.31226820312500003 0.30778529374999997 0.3388163484375 0.32674666406249997 0.3540998796875 0.3601737765625 0.362737425 0.3965076328125 0.3623911421875
1 0.319208784375 0.3057489265625 0.31658301718750004 0.31610335156249997 0.316941490625 0.3217124421875 0.3189083265625 0.33130660624999997 0.321001146875 0.333794375 0.3290139578125 0.338136365625 0.33666829374999996 0.33686926562499997 0.341948834375 0.33174380000000003 0.343402203125 0.3272518828125 0.345185040625 0.31278567343749997 0.342249290625 0.3061861203125 0.34015646875 0.30369835 0.33367452656249996 0.2991029421875 0.330331815625 0.2982391875 0.3265046484375 0.2988727375 0.326020190625 0.3003700421875 0.32094313125 0.3026276078125 0.319208784375 0.3057489265625
10 0.5931946546875 0.42619485625 0.6008489921875 0.42492775624999995 0.6175045328125 0.398079759375 0.6109450937500001 0.38924585624999997 0.612650434375 0.3705411515625 0.5870815625 0.2458170140625 0.5385302015625 0.151822453125 0.5353424812500001 0.15943569062500001 0.5169720734375 0.1624767328125 0.48157812343749995 0.144245021875 0.420750390625 0.148646028125 0.3530722890625 0.21228246718750002 0.35350825937499997 0.22213005312499998 0.35683149062499997 0.24992208124999998 0.3677315625 0.2722085140625 0.374416984375 0.2739360234375 0.40753411406250006 0.2656195890625 0.43528367812499996 0.21567846875000002 0.4568418046875 0.2050241921875 0.48245958906249997 0.20645185000000002 0.49521999375 0.21851056875000002 0.511371596875 0.2200881484375 0.5267092796874999 0.23313733124999997 0.5517746375 0.2743354578125 0.5596805171875 0.3708071578125 0.562490284375 0.38451310625 0.5689722265625 0.389108515625 0.5770915390625 0.413272384375 0.5931946546875 0.42619485625
9 0.5026024578125 0.3703361203125 0.5166322328125 0.35384254843749996 0.5213218093750001 0.33039250937500003 0.5203723765625 0.3064588453125 0.5075054671875 0.274578246875 0.4696117375 0.25959456875 0.443896978125 0.28085669062499996 0.4372405625 0.2947125671875 0.4383934765625 0.31577832968749997 0.44281160625 0.33346935312500003 0.453149725 0.353014596875 0.48145129062500003 0.37525459687499996 0.5026024578125 0.3703361203125
11 0.32354856718749997 0.5431046359375 0.3167856484375 0.53713863125 0.31025521875 0.5438881125 0.312861503125 0.5604619625 0.3188589890625 0.5665546765625 0.3251859390625 0.5626730953125 0.32354856718749997 0.5431046359375
11 0.36790518437499997 0.477660409375 0.37305974062499997 0.4796413390625 0.3772938703125 0.4732719875 0.37685789999999997 0.46342440468749996 0.3723912828125 0.45707827031250003 0.36348705468750003 0.4599693859375 0.3628766140625 0.4685730859375 0.36790518437499997 0.477660409375
11 0.3581493484375 0.21002490312500002 0.366007165625 0.20588990156250003 0.3673830421875 0.1971594921875 0.361308059375 0.1868282828125 0.35441915625 0.18796867343749998 0.3512314390625 0.1955819078125 0.35138643125 0.20405889843749997 0.3581493484375 0.21002490312500002
11 0.5355944499999999 0.1452229015625 0.52722316875 0.135271821875 0.5183964359375001 0.14240143125 0.5206442499999999 0.15336619375 0.5271261921875 0.15796159999999998 0.534984009375 0.15382659999999998 0.5355944499999999 0.1452229015625
11 0.6337046234375 0.3883124546875 0.6254593265625 0.3712549796875 0.614743253125 0.373028921875 0.61525671875 0.3871150015625 0.6218161578125 0.3959489046875 0.6282206046875001 0.39630581875000004 0.6337046234375 0.3883124546875
7 0.37362090625 0.5494543734375 0.390859834375 0.534918 0.3834149 0.4970113359375 0.3801593546875 0.47476883281250004 0.3723206375 0.455621840625 0.355972078125 0.45540752656250005 0.3589115 0.4777023609375 0.3438691 0.48544995156250004 0.304610525 0.49585437656250003 0.3097451875 0.533741025 0.3185995296875 0.5737511875 0.34156625625000003 0.55534455625 0.37362090625 0.5494543734375
11 0.48956107656250003 0.35690680625 0.48892162656249993 0.349927121875 0.48626685312499995 0.34469816249999996 0.4834085984375 0.342337103125 0.478815996875 0.3430973625 0.47889349374999995 0.3473358578125 0.48001740000000004 0.3528182375 0.48162576250000005 0.3568033109375 0.48553042812499997 0.36040825625 0.48782672812500005 0.3600281265625 0.48956107656250003 0.35690680625
11 0.5101025015625 0.33456814375 0.5095885984375 0.3284363625 0.507794346875 0.32532807343750003 0.50437265 0.3223418140625 0.5040534640625001 0.32239465156249997 0.5014632734375 0.32104779687499996 0.5003024984375 0.326272103125 0.501754121875 0.3325462453125 0.5043926234375 0.336549265625 0.507702603125 0.3377783828125 0.5101025015625 0.33456814375
11 0.4953477984375 0.29363722187499997 0.4984777375 0.29963211875 0.5036338640625 0.3009991796875 0.506172090625 0.29806221875 0.5035479234375 0.2905041359375 0.4989027390625 0.2863869125 0.49594875937499994 0.288504171875 0.4953477984375 0.29363722187499997
11 0.4782659015625 0.2744076796875 0.47720446406250006 0.27043835 0.4731539515625 0.269102246875 0.470335834375 0.27039209999999997 0.4700336625 0.275770446875 0.47157034218750005 0.28084580625 0.4737471859375 0.283002234375 0.476145290625 0.2826052515625 0.4777536515625 0.2799696 0.4782659015625 0.2744076796875
11 0.4594726484375 0.29439505625 0.45770790000000006 0.2914306796875 0.453877228125 0.2882754625 0.45239179687500003 0.2900901 0.4500456578125 0.2947709015625 0.4522214765625 0.29974045781249997 0.4552227359375 0.30309249375 0.4579058390625 0.30368423906249997 0.46000666562500003 0.30022733125 0.4594726484375 0.29439505625
11 0.45726836718749997 0.32465242656250004 0.4554006796875 0.3273395125 0.4551812828125 0.3343338296875 0.4584978125 0.3388183765625 0.4602455984375 0.3408970375 0.46388697187499994 0.33689035 0.4627978265625 0.32996385156249997 0.4611213046875 0.32742984062499997 0.45726836718749997 0.32465242656250004
8 0.5593465125 0.338892496875 0.5581704953125 0.3112863515625 0.551542815625 0.27222408124999997 0.5417068015625001 0.2528465484375 0.5224492109375001 0.22452506093750002 0.5048321609374999 0.2126141921875 0.48671707968750005 0.21005223593750003 0.4628971125 0.20658109218749998 0.456804334375 0.20882541093749998 0.43943693437500003 0.216643284375 0.42794489531249996 0.234610015625 0.40924875 0.26118220625 0.4027677953125 0.2665786609375 0.38424368124999997 0.2721165828125 0.372078496875 0.27165897499999997 0.3655163515625 0.26656810000000003 0.3603218640625 0.2631029828125 0.3560382875 0.29099646875 0.3650318859375 0.3674145859375 0.3740589296875 0.38562938281250003 0.38616734375 0.41945794375 0.40838545000000004 0.45717508906250004 0.42608348906250004 0.47957615468750003 0.4511754328125 0.49766393437499995 0.475785084375 0.5016207968749999 0.50285209375 0.50579014375 0.5343989328125 0.504892884375 0.5563003234375 0.48891014374999997 0.568895196875 0.476322996875 0.5907965875000001 0.46034025625 0.6034541171875001 0.4329141234375 0.584624659375 0.421821815625 0.5649453859375 0.394805853125 0.55943290625 0.3679161515625 0.5593465125 0.338892496875