2 0.17291870625 0.3326196265625 0.2807941328125 0.8300034281249999 0.2920567515625 0.8757003921875001 0.29934435625 0.8894801875 0.79651490625 0.887738009375 0.832259184375 0.3280409984375 0.827294446875 0.2933596890625 0.7933165671875 0.24666929999999998 0.780211778125 0.238554153125 0.7471508375 0.2349602328125 0.332580121875 0.24499277031250002 0.244058071875 0.240978171875 0.21084764687500002 0.24573121874999998 0.19417575468749998 0.26271153125 0.17128268124999999 0.3006615453125 0.17291870625 0.3326196265625
5 0.25792202343750004 0.4243115046875 0.2593641109375 0.47435241406250006 0.2666072609375 0.4978680671875 0.26840889218749997 0.5423397875 0.27644782968750004 0.5867024109375001 0.318250671875 0.602659965625 0.3283257140625 0.5913579390625 0.32871358906250003 0.55519228125 0.348532465625 0.5075609546875001 0.3862997140625 0.48047659062500003 0.40270097031249996 0.449593753125 0.38329438437499996 0.3581452734375 0.3678506078125 0.35007103906250003 0.35381667031249997 0.350316503125 0.2799020734375 0.4155827046875 0.26814655 0.4046625078125 0.25792202343750004 0.4243115046875
10 0.7308741859375 0.6288203578125 0.720233453125 0.7152314765625001 0.703307046875 0.7391698703125 0.7008791515625 0.7586824984375 0.704329015625 0.7836552250000001 0.7149008796875 0.8098941109375 0.73061529375 0.8318708703125001 0.74548946875 0.84273651875 0.756404753125 0.8425456046875001 0.7699579921875 0.8256198390625 0.7755328734375 0.7754561984375 0.7851433421875 0.768334475 0.7828932609375 0.7489036671875 0.8009105046875 0.656800625 0.8037868515625 0.6122470859375 0.798640384375 0.54419153125 0.7772543546875 0.44721477031249995 0.78819796875 0.4164273890625 0.7833988375 0.39425971406250004 0.72543313125 0.3813663109375 0.7011868734375 0.3498036953125 0.656309834375 0.32416482812499997 0.6276117828125 0.31632241875 0.5478316328124999 0.3246714515625 0.49396209375 0.3659447109375 0.4689684203125 0.3761169484375 0.46639104062500003 0.4039765453125 0.44841433437499995 0.4140260515625 0.4397774640625 0.4030513078125 0.43530954531250005 0.40591090625000004 0.4380725703125 0.4837432296875 0.459769775 0.512568978125 0.476982940625 0.5233937171874999 0.4963694890625 0.521663909375 0.49906802031249997 0.51605380625 0.5049457828125 0.5215139046874999 0.5194887453125 0.5073522796875001 0.5354254296875001 0.4806497453125 0.5566702703125 0.46219872500000003 0.5722029562500001 0.450801240625 0.60364399375 0.44329768906250006 0.6480403375 0.45225625156250004 0.671026234375 0.4671522 0.695947121875 0.49731229062500004 0.721409284375 0.5552774296874999 0.7308741859375 0.6288203578125
9 0.56184898125 0.5719754921875 0.55651249375 0.5943204453125001 0.553620021875 0.618013378125 0.5558256515625 0.6471800437499999 0.5656784265625 0.6845573125 0.5845114953125 0.7064795265625 0.599280640625 0.7159562859374999 0.627663603125 0.71963203125 0.6466300296874999 0.71234666875 0.6682788687500001 0.67859059375 0.6746495343750001 0.6492739234375 0.6749929546875 0.6228441234375001 0.66669950625 0.58543958125 0.6427077625 0.5469188843749999 0.6197218671875 0.5320229375000001 0.5963319734375 0.5324320390625 0.5784602984375 0.5438704328124999 0.56184898125 0.5719754921875
11 0.34216133437499996 0.8052877390625 0.35052756875 0.8023599546875 0.35379570625 0.7939584375 0.3530604953125 0.784236215625 0.3436439625 0.773275109375 0.33455864218750003 0.7873412765625 0.3330598921875 0.798493296875 0.34216133437499996 0.8052877390625
11 0.42988368593750004 0.7161376890625 0.419057309375 0.696856884375 0.4105415921875 0.7081316375 0.41060216875 0.7192563843750001 0.41668998906250004 0.7274942625 0.42604594687499997 0.7273306203125001 0.42988368593750004 0.7161376890625
11 0.43938567500000003 0.3668992859375 0.437947503125 0.38917605625 0.44357075 0.4015942359375 0.4572451421875 0.4069179640625 0.4644115953125 0.398448265625 0.46528016406250006 0.37896290781249997 0.4596569171875 0.3665447296875 0.449775809375 0.3597639265625 0.43938567500000003 0.3668992859375
11 0.7532909421875 0.37809760937500003 0.7523173421875 0.39619407500000003 0.7588252843750001 0.40998750624999997 0.769065934375 0.411199115625 0.7824091140625 0.39149557343749997 0.7778200421875 0.372105678125 0.770382953125 0.3666728515625 0.760247334375 0.3668501296875 0.7532909421875 0.37809760937500003
11 0.7703458671875001 0.78945418125 0.771396165625 0.8033430703125 0.7821619656250001 0.8114991234375 0.788968875 0.8085986171874999 0.79405085 0.7932117453124999 0.7925359765625 0.783503159375 0.7857735234375001 0.776667809375 0.7765225953125 0.7782203390625 0.7703458671875001 0.78945418125
0 0.5597562125 0.688833075 0.5372793421875001 0.6600209640625 0.4651868796875 0.5945270578125 0.4359475546875 0.5588795984375 0.38559675000000004 0.5124755828125 0.354305196875 0.5116321640625 0.34724377500000003 0.5214907531249999 0.34369279375 0.5674468187499999 0.35655919375 0.603380653125 0.36608075625000003 0.615730646875 0.5260206390625 0.686641678125 0.5597562125 0.688833075
1 0.40806141250000005 0.592744765625 0.4105943390625 0.5746210265625 0.40491051406249995 0.5510781 0.3961686140625 0.5387144671875 0.3856128734375 0.5333361890625 0.36430745625 0.5406624640625 0.3584458171875 0.556062971875 0.3599162359375 0.575507415625 0.36486485156250004 0.589328121875 0.3800541171875 0.6043604390625 0.4003253578125 0.60400588125 0.40806141250000005 0.592744765625
11 0.60854684375 0.6739097234375 0.6017422828125001 0.6769548265625 0.598581815625 0.68787445625 0.6069364578124999 0.70068155 0.6145067234375 0.6984602703125 0.616059846875 0.6879859734375 0.6135774046875 0.678418084375 0.60881235625 0.6743236875 0.60854684375 0.6739097234375
11 0.6488076 0.6807279765625001 0.651884578125 0.6733603296874999 0.6515038875 0.665218725 0.6482586828125 0.6579630484375001 0.6430249531250001 0.6538754578125 0.6407552640625 0.6564226359374999 0.6412304062499999 0.6549526718750001 0.6374637609375 0.6594049015625 0.63613601875 0.66820360625 0.6384877125 0.680698475 0.645252640625 0.6864309375000001 0.6488076 0.6807279765625001
11 0.6575886796875 0.6216535046875 0.6587364531250001 0.6120235125 0.6563421843749999 0.6051701703125001 0.6539033843750001 0.6008250859375 0.649796178125 0.5992252703125 0.6466124328125 0.6005353921875 0.6439557781249999 0.607267078125 0.6444562578124999 0.6185412828125 0.6469423203125 0.62351136875 0.651653646875 0.628443921875 0.6575886796875 0.6216535046875
11 0.612093540625 0.570424965625 0.613272225 0.579807046875 0.615726778125 0.584360465625 0.6195769890625 0.58721781875 0.6222541890625 0.586962384375 0.6278829046875 0.5776698453125 0.6282670328125 0.570350690625 0.6265780796875 0.5666197078125 0.6223669453125 0.562097015625 0.6213674453125 0.56127866875 0.6183386171875 0.5615402546875 0.6156614140625 0.5617956890625 0.613765671875 0.5630832828125001 0.612093540625 0.570424965625
11 0.575422559375 0.590914803125 0.5770912546875 0.5990338796875 0.58018526875 0.602741678125 0.5835741375 0.60414405625 0.5894444875 0.60425138125 0.5907879828125 0.5956610109375 0.589048821875 0.5881689921875 0.5865561953125 0.5846606765625 0.5837973843750001 0.580739796875 0.582914834375 0.5799194078125 0.5817387640625 0.5797703078125 0.5786072984375 0.5818750109375 0.5769396703125 0.5846202671875 0.575422559375 0.590914803125
11 0.5708377453125 0.6465725734375 0.57163113125 0.652408090625 0.5736171062500001 0.6569697046874999 0.5759462984375 0.6598550515625 0.5813722359375 0.6618490203125 0.584110503125 0.6592936468749999 0.5862512125 0.65194376875 0.5863791234375 0.6458821390625 0.5833994328125 0.6390404265625 0.5822356156249999 0.6375977390625 0.5792908828125001 0.6367105046875 0.57459293125 0.6373128046875001 0.5714657437499999 0.640919415625 0.5708377453125 0.6465725734375
7 0.3229089625 0.737165990625 0.328652634375 0.779432603125 0.3311924375 0.798048940625 0.3701376234375 0.7928284390625 0.4096161515625 0.7946607109375 0.43190757656249995 0.7937659890625001 0.43675412031249994 0.7755239015625001 0.43149955625 0.7322404578125 0.42761704375000004 0.70709033125 0.419674796875 0.695627809375 0.4019393671875 0.7078871296875 0.36709798125000004 0.7152095593750001 0.3315606765625 0.7168394046875 0.3229089625 0.737165990625