2 0.8061174828125001 0.450361196875 0.8309993625000001 0.1310173 0.8287422671875 0.11937495625000001 0.8152483953124999 0.10843793125000001 0.7832872625 0.10947818125 0.4567039171875 0.220965403125 0.42972442343750006 0.23135199218750002 0.4138850734375 0.2578460453125 0.41089459687499996 0.2727154796875 0.41400645156250004 0.3378151984375 0.43622388437500004 0.6505323078125 0.44023017343750004 0.661098953125 0.4502900828125 0.6629788546875 0.7869333390625 0.553371534375 0.794333128125 0.546338921875 0.8061174828125001 0.450361196875
5 0.7799275421874999 0.3907668484375 0.765014834375 0.35712356875 0.760944125 0.3577654421875 0.7471199000000001 0.370610365625 0.7474262921875 0.3846933171875 0.74056661875 0.3988397125 0.73065205 0.439064059375 0.71790805625 0.46613654374999997 0.71128210625 0.4733137671875 0.68722866875 0.48003944218749994 0.6831257500000001 0.48628557343749995 0.6814170171875 0.51401765625 0.6848914374999999 0.5497311640625 0.7007712484375 0.54989349375 0.76783679375 0.47266162187500005 0.7799275421874999 0.3907668484375
0 0.6667619953125 0.4355403015625 0.6958053203125 0.47042160937500005 0.707412909375 0.47259072656249995 0.7188834078124999 0.4649162390625 0.734214853125 0.42570414687499997 0.7363992796875001 0.41629436562500005 0.731715784375 0.388770334375 0.6200814171875 0.369311715625 0.6049110265625 0.38050250937499996 0.6131573234375 0.39466662656249996 0.6667619953125 0.4355403015625
1 0.717867596875 0.43948015937499996 0.7216641234375001 0.4191510734375 0.7147639906250001 0.4066410859375 0.6980781296874999 0.41193840625 0.6914199703125 0.42471988749999995 0.6903479875 0.4427529703125 0.6984249828125 0.4526777421875 0.7081140796875001 0.45168320937499995 0.717867596875 0.43948015937499996
10 0.47189905625 0.3065565375 0.4424692015625 0.338926340625 0.4458709515625 0.353587725 0.4358837125 0.37275994843750004 0.43807638750000005 0.39561080937500004 0.43361090312500006 0.43124315312499995 0.43338542812499997 0.47047296875000005 0.43322006562500004 0.48084632968749996 0.43810847031250005 0.5120076453125 0.44482205312499995 0.5370273578125 0.451806559375 0.5539964546875 0.46645154062499994 0.580442209375 0.5067316421875 0.6146182015625 0.5630526046875 0.620935228125 0.59473955625 0.600207765625 0.6562915968749999 0.5387764140625 0.660587778125 0.49890472499999994 0.65752463125 0.492722034375 0.634913990625 0.4842890609375 0.6313834 0.4920447140625 0.6177928953125 0.49792046562500003 0.600405865625 0.5241253015625 0.5655913484374999 0.5498785921875 0.5326548640625 0.5521391484375 0.5027732765625 0.52832175 0.487022309375 0.5057423812499999 0.47924345781250005 0.47763991875 0.47849357968749995 0.43963040781249996 0.4946550375 0.3570937625 0.49209154687499995 0.3313684671875 0.485392928125 0.3174935640625 0.47189905625 0.3065565375
9 0.598833440625 0.42705415625 0.595697625 0.399819340625 0.5899743578125001 0.3847241328125 0.574191178125 0.3677490234375 0.560262071875 0.3651460828125 0.5394732921875 0.3766895359375 0.5196681140625 0.4192733265625 0.516411703125 0.44671619375000005 0.5197490328125001 0.4725860953125 0.5264476515625 0.4864609984375 0.539167684375 0.4972534171875 0.5563936609375 0.499069875 0.570959515625 0.49197381875 0.5822607109375 0.48005998437499997 0.593827840625 0.45557271874999994 0.598833440625 0.42705415625
7 0.7026634234375 0.18698154843749998 0.6995358578124999 0.1920073765625 0.69349873125 0.26521540625 0.6977469921874999 0.30107352187499997 0.7264112546875 0.3008197546875 0.7473693359375 0.29351564531249996 0.7719224312499999 0.26724736875 0.7783064078125 0.234778675 0.7804099156250001 0.1720561234375 0.7554133359375 0.1743978453125 0.7231862703124999 0.1880115265625 0.7026634234375 0.18698154843749998
11 0.699157578125 0.2915191328125 0.70733120625 0.2846311265625 0.7081694656249999 0.2735672140625 0.7037601546875 0.2657303953125 0.69891560625 0.2662276609375 0.6944096609375 0.2752036203125 0.6943452406249999 0.2864121375 0.6983837390625001 0.2913745234375 0.699157578125 0.2915191328125
11 0.765175103125 0.1944554390625 0.7715351187499999 0.199851646875 0.7723089578125 0.19999625468749999 0.7783303703125 0.196913771875 0.7811193328125 0.18340925156250001 0.7798053796875 0.17615086093750001 0.7716961718750001 0.1718303484375 0.7664163875 0.1806617015625 0.7650058 0.190216090625 0.765175103125 0.1944554390625
11 0.65599345 0.55695410625 0.650237971875 0.5474631578125 0.6451919109375 0.5493253375 0.6397106171875 0.5595216 0.6427415515625 0.57130855 0.6473845875 0.572176196875 0.6528336718750001 0.56758419375 0.65599345 0.55695410625
11 0.4758102828125 0.603229628125 0.46961956718750003 0.602072765625 0.46376745625 0.6093945953125 0.463130709375 0.6190935921875 0.46696769531250004 0.6254208921875 0.4716107296875 0.6262885390624999 0.4790105203125 0.619255925 0.4758102828125 0.603229628125
11 0.42837904218749995 0.3643446984375 0.43319138125 0.3694516921875 0.43396521874999994 0.36959629843749997 0.43998663125000004 0.36651381562499996 0.4435172234375 0.3587581625 0.441090825 0.34287647187500003 0.43530313749999994 0.33898978281250003 0.4288787 0.34480209375 0.4266942734375 0.354211875 0.42837904218749995 0.3643446984375
11 0.5781368109375 0.41043440000000003 0.5779968796875 0.415270959375 0.5792320703125 0.419351834375 0.5816806765625 0.42142937343750003 0.5816589734375001 0.42102698906249997 0.5848484078125 0.420197990625 0.5879515703125 0.415509828125 0.589314596875 0.40705317812499997 0.5856216921875 0.4025130296875 0.5835522484375 0.40253165312499994 0.5781368109375 0.41043440000000003
11 0.5566858359375 0.3916259265625 0.556992409375 0.39654592499999997 0.5590904359375 0.4002817109375 0.5619731812500001 0.400921396875 0.5667189921875 0.3975542546875 0.5673487953125 0.3901752140625 0.5652589203125 0.384111284375 0.5620763203125 0.3831112046875 0.5582490453125 0.3872587078125 0.5566858359375 0.3916259265625
11 0.534156590625 0.40889342187500005 0.5324519546875 0.413437584375 0.53234124375 0.41807623125 0.53310924375 0.42065180468749996 0.5358631218750001 0.4241356640625 0.5390031921875 0.42195517968749996 0.5409306921875 0.41745266406250003 0.5414886828125 0.4128976 0.539587615625 0.40788160625 0.53795058125 0.405752353125 0.534156590625 0.40889342187500005
11 0.5377659703125001 0.45677559843750004 0.5372647749999999 0.451617259375 0.5361324828125 0.44917698437500003 0.53424705625 0.4463925984375 0.529966740625 0.4466067890625 0.52844741875 0.4530089234375 0.5288414484375 0.45733655000000006 0.5290855171875 0.4634608953125 0.5297277640625 0.4638235578125 0.5308448421875 0.46399163281250005 0.5345612046875 0.46448414062500004 0.5364262 0.461185971875 0.5377659703125001 0.45677559843750004
11 0.5510656375 0.46858099218750004 0.5487546562500001 0.47645655624999994 0.5489591046875 0.47973610000000005 0.5498975500000001 0.48193817968749997 0.551758225 0.484109228125 0.5545568249999999 0.48382151718750005 0.556805821875 0.4818111375 0.5577273328125 0.47712063125000004 0.5580286 0.47352884375000004 0.556501503125 0.46676079687499994 0.5510656375 0.46858099218750004
11 0.5783883296875 0.44451054531249995 0.57574078125 0.4476638796875 0.5739539312499999 0.4519893078125 0.5729492328125 0.4564622984375 0.5737663656249999 0.4602616765625 0.5762147703125 0.46234058125 0.5782947578125001 0.46341933593749995 0.5809756515625 0.4612035375 0.583126790625 0.4567428140625 0.5822415953125 0.450296690625 0.5815119203125 0.4459049390625 0.5783883296875 0.44451054531249995
8 0.4854489734375 0.30760750625 0.49638994375 0.3350175234375 0.49648743125 0.369576825 0.490461975 0.39381631562499997 0.48500622499999996 0.42248078125 0.47981103281250004 0.4576695984375 0.4824699609375 0.48731047031249997 0.493320375 0.5174021093750001 0.5061998937500001 0.5316816671875 0.5254717015625 0.5482357343750001 0.544677040625 0.550746071875 0.566015328125 0.5450193734375001 0.5889698375 0.5304190906249999 0.59723626875 0.517931134375 0.6101478890625 0.5009155437499999 0.6203152984375 0.4817671703125 0.6385224359375 0.476533928125 0.6520466093749999 0.4822997328125 0.6628647171875001 0.479464221875 0.670638821875 0.462027165625 0.6734303734375 0.4431190265625 0.6741160078124999 0.37632494375 0.6774250609375 0.35805349999999997 0.6777701265625 0.3370696203125 0.674531725 0.31757464999999996 0.66460135625 0.295750571875 0.6561190734375 0.26826001875 0.6324449578125 0.24008911562500002 0.6159811984375 0.22729832499999997 0.6019265515625001 0.223051953125 0.57982318125 0.219461475 0.56438485625 0.22251357968750002 0.5433191234375 0.23260972343750003 0.525307359375 0.24273517031249997 0.5007898109375 0.26999609687500004 0.4870503609375 0.2884769609375 0.4796117578125 0.2994996453125 0.4854489734375 0.30760750625