2 0.69474609375 0.4020235484375 0.5857113296875001 0.053177923437499997 0.5746820421875001 0.0280438625 0.521830475 0.0212629625 0.395704021875 0.016123703125 0.289901078125 0.126844009375 0.2873158078125 0.14604560625000002 0.3676652171875 0.4061015484375 0.46916294062499997 0.70933265 0.47707084999999994 0.70895200625 0.7057885265625 0.46064493281249996 0.7065598359374999 0.4440010734375 0.69474609375 0.4020235484375
7 0.341899859375 0.16002496093750002 0.3358190546875 0.19133519062499998 0.363597428125 0.28140374218750003 0.37513654375 0.28427945625 0.40286891718750006 0.25714237500000003 0.4097144609375 0.1924446234375 0.38803989375 0.1296686578125 0.37870532031250004 0.12847102500000002 0.341899859375 0.16002496093750002
0 0.483173284375 0.072112609375 0.4715050703125 0.07061556718749999 0.456731903125 0.085462975 0.45558643749999994 0.1397301734375 0.4706900890625 0.30630570156250003 0.47991856093749996 0.36748482031249996 0.48705187499999997 0.3753762046875 0.5120938374999999 0.09954213437500001 0.49989936718749994 0.0784442828125 0.483173284375 0.072112609375
9 0.48938223125 0.3673037828125 0.48576416875 0.39753475 0.48836586718749997 0.42019230937499996 0.49861727499999997 0.44522656562499996 0.5101596765624999 0.45647410937500005 0.5310333640625 0.46054745625000004 0.545161034375 0.45259340468750003 0.5586366375 0.43478904687500003 0.5683486515625 0.406735175 0.570930634375 0.37916174687500004 0.5666407890625 0.3493114234375 0.5602820703125 0.3331480109375 0.5452375640625 0.3172654390625 0.5298090421875 0.3138907125 0.5142547093750001 0.3202664859375 0.49624420625 0.3444651875 0.48938223125 0.3673037828125
1 0.4721735671875 0.122325025 0.4703661765625 0.141626425 0.4804852015625 0.1596675234375 0.4893000890625 0.1580080109375 0.4975920109375 0.1451195234375 0.4982309359375 0.121482503125 0.4907070390625 0.109355303125 0.48227944687499996 0.10687880000000001 0.4721735671875 0.122325025
5 0.5402332234375 0.118500021875 0.5495645078125 0.11132582656250001 0.5658868671875 0.0799343609375 0.56160030625 0.058455867187499996 0.5280091828125 0.0220556953125 0.5218304734375 0.0212629625 0.4539042484375 0.01849518125 0.4423197484375 0.029199723437500002 0.440121775 0.044265303125 0.4440243234375 0.0782516421875 0.4486948953125 0.087222290625 0.4686186296875 0.073260334375 0.4947729140625 0.07326599375000001 0.5085319453125 0.0912243859375 0.5402332234375 0.118500021875
11 0.33685513437500003 0.1886776515625 0.34489214218750003 0.186918334375 0.3487782609375 0.17904551875000002 0.3494237578125 0.17215216093750002 0.345140484375 0.1590455 0.3428068421875 0.158746090625 0.33555100000000004 0.1689770390625 0.33685513437500003 0.1886776515625
11 0.407523059375 0.22425386718749998 0.40233937812500004 0.2291697359375 0.40143568281249997 0.2388204359375 0.40532837343750006 0.24769128125 0.4118096203125 0.2457323609375 0.414659659375 0.24051708125000001 0.4160830375 0.2337235296875 0.41219034531250004 0.224852684375 0.407523059375 0.22425386718749998
11 0.5809445171875 0.1293042578125 0.5717423296875 0.13509978281249999 0.56967345625 0.14878669375 0.5718812859375 0.1588366046875 0.579530996875 0.16121330312499998 0.5865286390625 0.153739696875 0.5874290484375 0.1357171671875 0.5825002796875001 0.1295038609375 0.5809445171875 0.1293042578125
11 0.6736207796875 0.4174512078125 0.66687805 0.4137956390625 0.6662292671875 0.41231716562500004 0.6581955453125 0.4224483109375 0.6559975734375 0.43751389375 0.6591123828125001 0.4462849359375 0.6692248359375 0.447582371875 0.674147034375 0.43705201562499996 0.675179828125 0.42602264375 0.6736207796875 0.4174512078125
11 0.5152799734375 0.6203735296875 0.5058195890625 0.6289263984375 0.5049158953124999 0.6385771 0.5099770484375 0.6517835640625 0.51801405625 0.6500242484375 0.5226780578125 0.642251234375 0.52319116875 0.62836471875 0.5176136171875 0.6206729390625 0.5152799734375 0.6203735296875
10 0.5496434328124999 0.5271299015625 0.5342858140625 0.5329770078125 0.5161759453125 0.53456294375 0.50284106875 0.5389938921875 0.4946973203125 0.5485598031250001 0.4890452515625 0.5584440046875 0.48013072343749996 0.5863378921875 0.4783717 0.59839725 0.48522592500000006 0.609327925 0.49893016875 0.6211374625 0.5033442015625 0.6278456109375 0.5045390046875 0.6319083546875001 0.5076560125 0.6390081859375 0.5118624484375001 0.6479248656250001 0.5212052078125 0.652473509375 0.530173615625 0.6307297562499999 0.531365121875 0.6247394078124999 0.539250415625 0.61793359375 0.5553325609375 0.6077119062499999 0.5757747296875 0.5980496093750001 0.5982847046875001 0.569667653125 0.6141525296875 0.5415496937500001 0.6281518875 0.5131920046875 0.6369125515625 0.4903040140625 0.6423028656249999 0.47312682187500005 0.64619170625 0.46525016875 0.6619658484375 0.4616888796875 0.6722366734375 0.4529553625 0.6740427234374999 0.4269427125 0.665266428125 0.41297356875 0.6556642859374999 0.407832159375 0.6552402609375 0.3854414390625 0.6576127734375 0.3500082875 0.659003615625 0.3250585546875 0.6513089703125 0.2894499671875 0.641490546875 0.2630620734375 0.63437260625 0.241488196875 0.62206459375 0.218130846875 0.6028043375000001 0.1983490625 0.5951709265625 0.1856427390625 0.585612015625 0.1598462359375 0.585448559375 0.1413983984375 0.582901940625 0.1315784859375 0.5711728734375 0.1289574484375 0.566143109375 0.1389214921875 0.5659880625 0.140577275 0.5476746546875 0.1510707875 0.535538784375 0.169616290625 0.5296367984375 0.2023628375 0.53203494375 0.23059056406249998 0.5452729859375001 0.244015965625 0.5768842078125 0.263148621875 0.5911081265625 0.2761424171875 0.60264115625 0.30777593125 0.60976750625 0.34945343125 0.61164360625 0.36979667968749996 0.6118081203125 0.3915960078125 0.6054939421875 0.4321071703125 0.5969422062499999 0.459489509375 0.5884430171874999 0.48631910312500004 0.5776049546875 0.5044730203125 0.5496434328124999 0.5271299015625
8 0.48743510937499995 0.55544555625 0.49817067187499997 0.5383946765625 0.5215696859375 0.527437465625 0.5464755640625001 0.5205816375000001 0.5653592296875 0.507369425 0.5798289921875 0.4874476875 0.5907164546875 0.4620407 0.60186028125 0.43052478125000004 0.6097865640625 0.3963622765625 0.6117997125 0.371492384375 0.6089829296875 0.33427585937500004 0.6018631546875 0.30935039531249997 0.595422178125 0.29400659375 0.5887230015625 0.281420134375 0.56593445625 0.2623018515625 0.54740096875 0.2448470828125 0.5343178453124999 0.229767275 0.5294323515625 0.2112716890625 0.532589440625 0.19101610625 0.533465590625 0.174934028125 0.5329933515625 0.163146490625 0.51519239375 0.1580707453125 0.5021169000000001 0.16309446249999998 0.485257809375 0.17824210625 0.4555390984375 0.21630993593749998 0.43749165 0.24414825156250003 0.4266570109375 0.27235387968749997 0.4168607953125 0.29957515625000003 0.40556653281250005 0.34614868125 0.402515740625 0.37200302500000004 0.399880696875 0.4001430859375 0.4029019265625 0.428450759375 0.4039584984375 0.47437653125 0.41206651875 0.5055706140625 0.4171587 0.521858946875 0.43008901718750003 0.545296140625 0.4507030515625 0.5741853078125 0.4656021 0.5900575859375 0.47728136093750007 0.5965816828125 0.48147609375 0.5753416484375 0.48743510937499995 0.55544555625