2 0.40422064999999996 1 0.55028233125 0.48278799843750003 0.5506338015625001 0.4688744625 0.5371895515625 0.45072262656250006 0.24086724375 0.2215198875 0.218151165625 0.230295596875 0.21190691562500003 0.23940540625 0.010882378125 0.9590706015625001 0.008633790625 0.9769701140624999 0.24400501874999997 1 0.40422064999999996 1
9 0.2630139796875 0.5753956109375 0.2516189453125 0.6090754875 0.24855437187499999 0.656185246875 0.25064058437500003 0.6787249375 0.258845665625 0.7033020015625 0.272842815625 0.7243019640624999 0.30832486718749996 0.7419771468749999 0.31200605625 0.7353883671875 0.3399613015625 0.7201874265625 0.3566962171875 0.6884631515625 0.36855576874999996 0.6394865640625 0.3718217703125 0.6091384671875 0.36973555937499997 0.5865987765625 0.35519784374999996 0.5529866796875 0.3405224203125 0.5402857734375 0.31749186875 0.533682996875 0.2816336828125 0.5494493640625 0.2630139796875 0.5753956109375
5 0.1121592484375 0.7869515609375 0.0869931578125 0.7968651234374999 0.071012565625 0.8481991875 0.06105013124999999 0.8931897953125001 0.07331459375 0.9642294187499999 0.055712306249999996 0.97772708125 0.1332721296875 0.9900541031250001 0.14930410624999998 0.986156896875 0.1493287703125 0.9666288828124999 0.14601138593750002 0.949540121875 0.1382338203125 0.938958365625 0.137253403125 0.922114928125 0.1498919453125 0.8732201171874999 0.16114927031249998 0.8604514312499999 0.1695290609375 0.8348252859375 0.168096459375 0.8235145546875 0.145014525 0.7694749187500001 0.12820355781249998 0.7732903484375 0.1121592484375 0.7869515609375
0 0.1442643109375 0.9228509031250001 0.1521179234375 0.9613415046875 0.1722216109375 0.9941428484375001 0.1913695453125 0.9905727437499999 0.210655190625 0.9660914484375 0.21792918593750002 0.9347690500000001 0.272933253125 0.828939690625 0.31028570312500003 0.775664021875 0.3158763390625 0.7553252546875 0.3116545859375 0.7493019015625 0.29974365000000003 0.7508416312499999 0.2733217203125 0.7857341359375 0.21849235937499997 0.8413602843750001 0.189519703125 0.86900980625 0.1478571171875 0.8981172859375001 0.1442643109375 0.9228509031250001
1 0.15872597500000002 0.9285541546875 0.15836217187499999 0.952231696875 0.1686904640625 0.9700564328124999 0.1764803609375 0.9708741812499999 0.1945348328125 0.9518438171874999 0.1957783390625 0.9366288796875001 0.1852362859375 0.9118064890625 0.1719934625 0.9104163156249999 0.15872597500000002 0.9285541546875
11 0.30173736875 0.582250709375 0.3024156453125 0.5739516546875 0.29429894375 0.567519425 0.28683585312500004 0.5723161546875 0.28604453125 0.5819983875 0.29315615156249997 0.5911151921875 0.30173736875 0.582250709375
11 0.27807992656249997 0.6313838484375001 0.273305275 0.6225123671875 0.2636182625 0.625680596875 0.26115591562499996 0.6365824546875001 0.26581752187499996 0.6468371125 0.2774016515625 0.6396829046875 0.27807992656249997 0.6313838484375001
11 0.2929197828125 0.6901384375 0.2888110734375 0.682731909375 0.28180016874999997 0.681995934375 0.277339990625 0.6885029390625 0.27821969375 0.6969655453125 0.2877813296875 0.7049445000000001 0.2929197828125 0.6901384375
11 0.3156111953125 0.7008907421874999 0.3269569015625 0.70626689375 0.33076346874999996 0.6885309296875 0.3287656375 0.684136078125 0.31919166875 0.68592113125 0.3156111953125 0.7008907421874999
11 0.3401730046875 0.6406921953125 0.343389678125 0.6494001265625 0.3511795734375 0.650217875 0.35354120624999996 0.6309351859375 0.343414340625 0.6298721109375001 0.3401730046875 0.6406921953125
11 0.3412397484375 0.5891875828125 0.3393672953125 0.573645546875 0.32768245 0.5724189234375 0.32500634375000004 0.5763231265625001 0.32621285312500004 0.5904002109375 0.332884621875 0.5952857125000001 0.3412397484375 0.5891875828125
8 0.1910596390625 0.4404761203125 0.16529633593749998 0.503070778125 0.154536390625 0.5484561671875 0.1479086765625 0.59874924375 0.14153796406250002 0.6705362203125 0.148592015625 0.7321047875 0.1569508453125 0.7777087375 0.1765600046875 0.8396996671875 0.19171626718749998 0.86991559375 0.2425329390625 0.9074532812499999 0.2407877890625 0.9020623859375 0.2676993484375 0.9199343796875 0.3225583453125 0.92032650625 0.363526321875 0.905841496875 0.41289359374999995 0.8501971890625001 0.45596303125000004 0.7545320171875 0.4736163734375 0.67408880625 0.4746563984375 0.58742909375 0.4728767203125 0.5290982703125 0.45917907031249994 0.47488308281249997 0.438200025 0.42348180781250006 0.409014940625 0.3739031640625 0.349767490625 0.34710953125 0.3073982625 0.3417675703125 0.2596498953125 0.35911769531250004 0.2242961140625 0.3911878703125 0.1910596390625 0.4404761203125