2 0.18671875 0.9986111109375001 0.33046875 0.9986111109375001 0.3484375 0.98194444375 0.41640625 0.8652777781250001 0.44375 0.8333333328125001 0.57890625 0.6152777781250001 0.60625 0.58055555625 0.6390625 0.5208333328125 0.6390625 0.4861111109375 0.63515625 0.46805555625000006 0.5703125 0.3541666671875 0.43515625 0.0986111109375 0.41484375 0.08194444375 0.3921875 0.10694444375 0.36484375 0.1611111109375 0.2703125 0.30694444375 0.22421875 0.36944444375 0.06953125 0.61944444375 0.0671875 0.6263888890625 0.06953125 0.652777778125 0.18359375 0.99444444375 0.18671875 0.9986111109375001
5 0.1734375 0.775 0.19765625 0.75 0.1984375 0.7194444437499999 0.19453125 0.7083333328125 0.1890625 0.6486111109375 0.20078125 0.5986111109375 0.2109375 0.58194444375 0.2109375 0.5541666671875001 0.21484375 0.540277778125 0.19140625 0.49583333281249997 0.17890625 0.5 0.16953125 0.5166666671875 0.16328125 0.5555555562500001 0.1484375 0.6 0.1328125 0.66944444375 0.13203125 0.684722221875 0.1578125 0.7791666671875 0.1625 0.7819444437499999 0.1734375 0.775
0 0.221875 0.70694444375 0.25078125 0.6833333328125 0.26328125 0.6805555562500001 0.26953125 0.66944444375 0.33046875 0.6236111109375 0.3484375 0.6166666671875001 0.3671875 0.5875 0.3609375 0.5791666671875 0.34140625 0.5791666671875 0.2859375 0.5958333328125 0.21171875 0.5958333328125 0.196875 0.6083333328125 0.19140625 0.6263888890625 0.190625 0.6458333328125 0.19609375 0.6861111109375 0.2078125 0.70555555625 0.221875 0.70694444375
1 0.23984375 0.6569444437499999 0.23984375 0.6388888890625 0.23515625 0.6208333328125 0.22421875 0.6125 0.2171875 0.6180555562500001 0.20390625 0.647222221875 0.20234375 0.659722221875 0.2125 0.6861111109375 0.23046875 0.6805555562500001 0.23984375 0.6569444437499999
7 0.271875 0.9930555562500001 0.346875 0.89305555625 0.31015625 0.7861111109375 0.29043437499999997 0.774040278125 0.26639765625 0.8007583328125 0.22890625 0.8638888890624999 0.22734375 0.872222221875 0.2359375 0.9263888890624999 0.2609375 0.99444444375 0.271875 0.9930555562500001
10 0.24296875 0.527777778125 0.26875 0.5208333328125 0.278125 0.5069444437499999 0.28515625 0.46944444374999994 0.290625 0.4583333328125 0.28828125 0.4458333328125 0.29453125 0.434722221875 0.296875 0.40972222187499996 0.31015625 0.39027777812500003 0.3140625 0.36944444375 0.32421875 0.3541666671875 0.32421875 0.34722222187499996 0.33359375 0.34305555625 0.33984375 0.32777777812500003 0.34921875 0.325 0.35078125 0.31944444375000003 0.38828125 0.3 0.4203125 0.3013888890625 0.4359375 0.3083333328125 0.46640625 0.3416666671875 0.48359375 0.3861111109375 0.4890625 0.41805555625 0.48828125 0.434722221875 0.50078125 0.48472222187499997 0.51875 0.50555555625 0.53046875 0.5111111109375 0.55078125 0.5069444437499999 0.5625 0.4458333328125 0.57265625 0.434722221875 0.53203125 0.3111111109375 0.515625 0.2736111109375 0.484375 0.23333333281250002 0.4453125 0.20555555625 0.42864218750000005 0.1969458328125 0.42463671875 0.1622138890625 0.411115625 0.147965278125 0.39659374999999997 0.14885555625 0.3930890625 0.20139861093750003 0.3625 0.21111111093749999 0.32109375 0.24305555625 0.296875 0.275 0.2734375 0.32083333281250004 0.24375 0.4 0.2234375 0.46944444374999994 0.228125 0.49444444374999996 0.2375 0.522222221875 0.24296875 0.527777778125
9 0.38828125 0.5638888890625 0.415625 0.55694444375 0.4328125 0.5291666671875 0.4421875 0.502777778125 0.4421875 0.4583333328125 0.4359375 0.41805555625 0.421875 0.39027777812500003 0.40703125 0.3791666671875 0.384375 0.3791666671875 0.365625 0.3916666671875 0.35078125 0.415277778125 0.33984375 0.4583333328125 0.340625 0.51805555625 0.3546875 0.5486111109375 0.37265625 0.5611111109375 0.38828125 0.5638888890625
11 0.2703125 0.99444444375 0.2734375 0.9861111109375 0.27109375 0.9666666671874999 0.26328125 0.9638888890624999 0.2578125 0.9708333328125001 0.25625 0.9861111109375 0.25859375 0.99444444375 0.2609375 0.9986111109375001 0.2703125 0.99444444375
11 0.309375 0.815277778125 0.31171875 0.8 0.30859375 0.7888888890625 0.3015625 0.784722221875 0.296875 0.790277778125 0.29453125 0.7986111109375 0.29609375 0.8138888890624999 0.3 0.81805555625 0.309375 0.815277778125
11 0.23203125 0.45416666718750004 0.2359375 0.4388888890625 0.23125 0.42222222187499997 0.2234375 0.42083333281249996 0.21640625 0.43194444374999996 0.21484375 0.447222221875 0.2171875 0.45694444375 0.2265625 0.459722221875 0.23203125 0.45416666718750004
11 0.41484375 0.16944444375 0.41328125 0.15694444375 0.40859375 0.1513888890625 0.4 0.1541666671875 0.39453125 0.165277778125 0.3953125 0.18055555625 0.40390625 0.1875 0.41015625 0.1833333328125 0.41484375 0.16944444375
11 0.58125 0.41805555625 0.58125 0.40416666718750005 0.5765625 0.39444444375 0.5671875 0.3916666671875 0.5578125 0.40277777812500004 0.55859375 0.42083333281249996 0.56796875 0.43194444374999996 0.578125 0.427777778125 0.58125 0.41805555625
11 0.3765625 0.515277778125 0.36640625 0.515277778125 0.36640625 0.5305555562500001 0.37421875 0.5333333328125 0.378125 0.527777778125 0.3765625 0.515277778125
11 0.41171875 0.515277778125 0.40625 0.5111111109375 0.4 0.5138888890625 0.39921875 0.522222221875 0.40234375 0.5291666671875 0.41171875 0.5263888890625 0.41171875 0.515277778125
11 0.43046875 0.47361111093749997 0.43125 0.46666666718750005 0.42734375 0.4583333328125 0.41875 0.4611111109375 0.41796875 0.47083333281249995 0.42109375 0.477777778125 0.4265625 0.4791666671875 0.43046875 0.47361111093749997
11 0.415625 0.4166666671875 0.41171875 0.40833333281249995 0.403125 0.41111111093749997 0.4015625 0.41944444374999995 0.40625 0.4291666671875 0.4140625 0.4263888890625 0.415625 0.4166666671875
11 0.3828125 0.4236111109375 0.38203125 0.415277778125 0.3765625 0.40833333281249995 0.36953125 0.415277778125 0.36875 0.425 0.37265625 0.43055555625 0.3765625 0.43194444374999996 0.3828125 0.4236111109375
11 0.3609375 0.4611111109375 0.35078125 0.46805555625000006 0.35 0.47361111093749997 0.35703125 0.48333333281249996 0.36484375 0.47361111093749997 0.3609375 0.4611111109375
8 0.3480125 0.76533194375 0.364428125 0.768575 0.39087578125 0.768575 0.42416328124999997 0.7547888890625 0.43738671875 0.74505694375 0.4674828125 0.7191069437500001 0.49165000000000003 0.6850458328125 0.507609375 0.6558513890625 0.52676171875 0.6080041671874999 0.5386171875 0.57313194375 0.5472812499999999 0.5382611109375001 0.546825 0.5260958328124999 0.5445453125 0.5196083328125 0.51764140625 0.5106875 0.4998578125 0.49446805625 0.49210624999999997 0.46121944375 0.485721875 0.4271583328125 0.47751406249999995 0.3849875 0.46657031250000003 0.34930555625 0.45699453125 0.3314638890625 0.43556328125 0.314434721875 0.40273203124999996 0.307134721875 0.376284375 0.306325 0.36032421875 0.3136236109375 0.33706875 0.344440278125 0.32247734375000003 0.37525694375 0.31062109375 0.40526249999999997 0.30241328125 0.4320236109375 0.30058984375 0.46446249999999994 0.29785390624999997 0.4936583328125 0.2905578125 0.5074444437500001 0.27094999999999997 0.5196083328125 0.25316640625 0.5252847218750001 0.24176640625 0.5366388890625 0.2408546875 0.5707 0.24450234375000002 0.5861083328125 0.27307265625 0.687027778125 0.27824609375 0.70613055625 0.28599765625 0.72559444375 0.30514921875 0.7499236109375 0.3480125 0.76533194375