2 0.45 0.715277778125 0.475 0.42083333281249996 0.4671875 0.40972222187499996 0.196875 0.33888888906250003 0.1890625 0.3708333328125 0.1578125 0.6458333328125 0.1578125 0.6861111109375 0.16171875 0.690277778125 0.44296875 0.7569444437499999 0.45 0.715277778125
5 0.2203125 0.5041666671875 0.23125 0.47361111093749997 0.24375 0.45416666718750004 0.2671875 0.4513888890625 0.27109375 0.44166666718750003 0.275 0.44444444375 0.27890625 0.4388888890625 0.2796875 0.3916666671875 0.26796875 0.384722221875 0.259375 0.397222221875 0.2328125 0.3958333328125 0.2203125 0.41944444374999995 0.21640625 0.4125 0.209375 0.427777778125 0.21015625 0.440277778125 0.2015625 0.47361111093749997 0.20078125 0.490277778125 0.2203125 0.5041666671875
10 0.31796875 0.48333333281249996 0.34765625 0.4583333328125 0.365625 0.45416666718750004 0.39453125 0.46944444374999994 0.4109375 0.497222221875 0.4203125 0.525 0.42109375 0.5791666671875 0.4125 0.6152777781250001 0.40546875 0.627777778125 0.4046875 0.6375 0.4 0.6416666671875 0.4 0.684722221875 0.41171875 0.6986111109375 0.4234375 0.6875 0.43125 0.6875 0.4328125 0.6736111109375 0.4375 0.66944444375 0.44296875 0.627777778125 0.4484375 0.622222221875 0.4515625 0.6111111109375 0.45546875 0.5736111109375 0.45234375 0.5097222218749999 0.4453125 0.48472222187499997 0.44609375 0.475 0.45390625 0.4625 0.4515625 0.45416666718750004 0.43984375 0.45555555625000005 0.40546875 0.40972222187499996 0.37109375 0.39305555625 0.35234375 0.39305555625 0.32578125 0.40694444374999994 0.3140625 0.40555555625000006 0.30625 0.41805555625 0.3015625 0.40833333281249995 0.2953125 0.4236111109375 0.28984375 0.447222221875 0.29296875 0.4625 0.30390625 0.4791666671875 0.31796875 0.48333333281249996
9 0.36015625 0.6138888890625 0.36953125 0.6125 0.38046875 0.602777778125 0.38984375 0.5861111109375 0.39375 0.5625 0.3921875 0.5375 0.38828125 0.5263888890625 0.38046875 0.5125 0.36640625 0.5041666671875 0.35546875 0.50555555625 0.34453125 0.515277778125 0.33671875 0.5305555562500001 0.3328125 0.55 0.33203125 0.565277778125 0.33671875 0.5888888890625 0.346875 0.60555555625 0.36015625 0.6138888890625
0 0.2625 0.534722221875 0.26640625 0.54444444375 0.29375 0.5611111109375 0.3125 0.5833333328125 0.33203125 0.5916666671875 0.32421875 0.5722222218749999 0.28828125 0.5138888890625 0.27734375 0.48333333281249996 0.26328125 0.45694444375 0.259375 0.45277777812500003 0.24375 0.45416666718750004 0.234375 0.46527777812500004 0.228125 0.48055555625 0.22421875 0.49444444374999996 0.22578125 0.5013888890625 0.240625 0.5208333328125 0.2625 0.534722221875
1 0.2671875 0.497222221875 0.2671875 0.4861111109375 0.259375 0.47222222187499996 0.25078125 0.47222222187499996 0.24375 0.48333333281249996 0.2421875 0.497222221875 0.25078125 0.5111111109375 0.259375 0.5111111109375 0.2671875 0.497222221875
11 0.20234375 0.640277778125 0.19296875 0.6416666671875 0.19296875 0.6541666671875 0.1984375 0.6569444437499999 0.203125 0.652777778125 0.20234375 0.640277778125
11 0.25546875 0.6 0.24765625 0.602777778125 0.24921875 0.6166666671875001 0.25625 0.6152777781250001 0.2578125 0.60694444375 0.25546875 0.6
11 0.31484375 0.40694444374999994 0.31015625 0.39444444375 0.3046875 0.39444444375 0.3 0.40138888906250003 0.3 0.4125 0.30390625 0.41805555625 0.3109375 0.4166666671875 0.31484375 0.40694444374999994
11 0.4515625 0.4486111109375 0.45 0.4388888890625 0.43984375 0.434722221875 0.43828125 0.4513888890625 0.44140625 0.45694444375 0.44765625 0.45555555625000005 0.4515625 0.4486111109375
11 0.4421875 0.66944444375 0.43359375 0.675 0.434375 0.690277778125 0.4390625 0.69305555625 0.44375 0.6875 0.4421875 0.66944444375
7 0.20383359375 0.6587388890625 0.25265546875 0.671872221875 0.2618859375 0.6248111109375001 0.259834375 0.601827778125 0.25224453125 0.58869444375 0.245065625 0.6036513890624999 0.23029609374999999 0.5948958328125 0.19706484375 0.5879638890625001 0.19070546875 0.63210694375 0.19070546875 0.632472221875 0.1868078125 0.6529013890625001 0.20383359375 0.6587388890625
8 0.27111718749999997 0.6277291671875 0.27809140625 0.6539958328125001 0.28752734375 0.6758861109375001 0.29614296875 0.691572221875 0.30496328125 0.7036125 0.32096328125 0.7156513890625 0.33942578125 0.7225819437500001 0.3580921875 0.7265958328125001 0.38229765625 0.72440694375 0.4044515625 0.71236805625 0.4136828125 0.70069305625 0.40547734375 0.6919375 0.396246875 0.66530555625 0.39747734375 0.6507125 0.40404140625 0.627 0.41676015624999996 0.6007333328125 0.4239390625 0.5781138890624999 0.4239390625 0.5441861109375 0.4194265625 0.5131763890625 0.41183671874999994 0.496759721875 0.40281093749999997 0.48180138906250003 0.38742578125 0.46647916718750004 0.37696406250000003 0.4584541671875 0.3624 0.4580888890625 0.34886171875 0.46100694375 0.33388671875 0.46866805625 0.32342499999999996 0.47669444375000003 0.30968125 0.48216666718749995 0.30557890625 0.48180138906250003 0.2986046875 0.4756 0.29039921875 0.47158749999999994 0.28178359375 0.4836263890625 0.27809140625 0.49311111093750004 0.27378359375 0.5128111109375 0.27029609374999997 0.536890278125 0.2683359375 0.5475847218750001 0.26783515625 0.5635208328125 0.26783515625 0.58468055625 0.27009140625 0.6076638890625 0.27111718749999997 0.6277291671875
11 0.35920859374999997 0.6001055562500001 0.36103125 0.59434305625 0.36062656249999997 0.5887611109375 0.3585 0.5844388890625 0.3554625 0.582997221875 0.35262734375 0.5862388890625 0.35171562500000003 0.593622221875 0.35404453125 0.5993861109374999 0.35920859374999997 0.6001055562500001
11 0.37632187500000003 0.5916416671875 0.37844765625 0.5891208328124999 0.3797640625 0.5831777781249999 0.3787515625 0.5813763890625 0.37611875 0.578315278125 0.37551171875 0.5781361109375001 0.37449921875 0.5786763890625 0.3721703125 0.58245694375 0.3729796875 0.5885805562499999 0.37480234375 0.5914611109375 0.37632187500000003 0.5916416671875
11 0.38168828125 0.56120694375 0.38442265625 0.5597666671875 0.3860421875 0.555984721875 0.38594140625 0.551122221875 0.384625 0.54878194375 0.3835109375 0.5446402781249999 0.381384375 0.5446402781249999 0.37956171875 0.54608055625 0.37814453124999997 0.5529236109375 0.38057421874999997 0.5604875 0.38168828125 0.56120694375
11 0.37125859375000003 0.534375 0.37338515625 0.5320333328125 0.37429609375 0.5264513890625 0.37409375 0.5221291671875 0.37267656250000003 0.5201486109375 0.3694359375 0.518347221875 0.367309375 0.5206888890625 0.36599296875 0.5271708328125 0.36862578125 0.5311333328125001 0.37125859375000003 0.534375
11 0.351209375 0.5410375000000001 0.3528296875 0.5394166671875 0.35465234375 0.5359958328125 0.3543484375 0.530052778125 0.35313359375000003 0.5271708328125 0.35151328125000003 0.5246500000000001 0.34634921875 0.529872221875 0.34634921875 0.5356361109375001 0.348678125 0.5392375 0.351209375 0.5410375000000001
11 0.3412859375 0.5698513890625 0.3435140625 0.572372221875 0.34564062500000003 0.5711125 0.34776640625 0.5678708328125001 0.348678125 0.5621083328125 0.34796953125 0.5590458328125 0.34584296875 0.5568861109375 0.3430078125 0.5574263890625 0.34270390625 0.5572458328125001 0.3417921875 0.5583263890625 0.34017265625 0.5610277781249999 0.3397671875 0.565709721875 0.3412859375 0.5698513890625