2 0.6665550640625 0.26707915 0.61327914375 0.2905712625 0.3412183859375 0.44432181406250004 0.40382507343749996 0.832252878125 0.4108106796875 0.8404341890625 0.42097105468749996 0.8401974624999999 0.7345357203125 0.671573140625 0.739297878125 0.6589460890625001 0.7386052296875001 0.6436647718749999 0.6918375234374999 0.3541027859375 0.677432340625 0.2779511421875 0.6665550640625 0.26707915
5 0.671398515625 0.6438399375 0.6877386796875 0.655975328125 0.7010899937499999 0.6445388359375 0.7035317 0.6277938140625 0.6816018515625 0.50175309375 0.6707730781250001 0.48253590625 0.652797028125 0.482954728125 0.64099268125 0.49713653437499994 0.6409118453125 0.51104519375 0.651627446875 0.549734503125 0.6333361359375 0.6043971 0.6020168531250001 0.614861546875 0.5994538953124999 0.6524695578124999 0.5939020875 0.6665056859375 0.600863440625 0.678859590625 0.6257523453125 0.699139871875 0.653977690625 0.6831847984375 0.6619550375000001 0.65518538125 0.671398515625 0.6438399375
9 0.5264069046875 0.5818562375 0.5203968734375 0.5402759359375 0.5157721375000001 0.5292582671875 0.5010031921875 0.515695590625 0.48459027812500005 0.51607799375 0.47203669687499994 0.5247145453125001 0.4657437390625 0.531814553125 0.455397440625 0.564041196875 0.4537373015625 0.5807680046875 0.4581841984375 0.6223847265625 0.464363984375 0.63475684375 0.482251115625 0.649637546875 0.49788246562499994 0.649273353125 0.5120153468749999 0.6378186515625 0.52552025 0.59995570625 0.5264069046875 0.5818562375
7 0.6003860515625 0.3576241859375 0.5986531609375 0.3868687890625 0.595502640625 0.39111422500000004 0.609980575 0.45474807500000003 0.618505065625 0.46706556250000003 0.6395427171875 0.477700828125 0.6614831890625 0.46745489687499997 0.65629514375 0.41890205468749997 0.64338034375 0.3552317859375 0.6363785703125 0.3498322078125 0.613713115625 0.3503602890625 0.6003860515625 0.3576241859375
11 0.6577046890625 0.445292090625 0.64909128125 0.4482741296875 0.64824504375 0.45941926562499996 0.652885946875 0.4676552015625 0.659170821875 0.4619460609375 0.6577046890625 0.445292090625
11 0.59800093125 0.3646331421875 0.5893713546875 0.37039691406249997 0.5885493687500001 0.3773694515625 0.5931821890625 0.3869962578125 0.597090025 0.38690520781250004 0.6010382812499999 0.3798598296875 0.601094865625 0.37012376874999997 0.59800093125 0.3646331421875
11 0.694193309375 0.621058003125 0.6879569375 0.6184219484375 0.6855798984375 0.624040040625 0.68628063125 0.6379304890624999 0.691727353125 0.6419756203125 0.6964410062499999 0.6376937640625 0.6972710765625 0.629330359375 0.694193309375 0.621058003125
0 0.6447388453125 0.524862803125 0.6268274640625 0.5141546984375001 0.603315771875 0.5258279156250001 0.53618989375 0.5120944234375 0.521307778125 0.518003871875 0.5204938765625 0.5235855453125 0.5274633140625 0.5345485859375 0.5827848453125 0.562463884375 0.6255285453125 0.6031883296875 0.631781084375 0.6030426531249999 0.635729340625 0.595997275 0.644552921875 0.556852721875 0.6477034421875 0.552607284375 0.6447388453125 0.524862803125
1 0.629589971875 0.5766708281249999 0.633546309375 0.5682345843750001 0.6336190625 0.555716790625 0.6297597265625 0.5474626437500001 0.6219763875 0.5420812749999999 0.6117513406249999 0.5534449296874999 0.6124439890625 0.5687262453125 0.616303325 0.5769803921875 0.629589971875 0.5766708281249999
8 0.38614150468749997 0.52741393125 0.38332666406250004 0.571384596875 0.38147397031249997 0.6099481421874999 0.3799432578125 0.6331803078125 0.39090721093749997 0.6681312546875 0.39939897812499997 0.688230346875 0.41228318750000004 0.7131959890624999 0.4235723125 0.732401059375 0.4381086015625 0.753186775 0.44854874999999994 0.7583268421875 0.47106021875000004 0.7681587265625 0.48709429374999996 0.771512165625 0.5106032453125 0.7697225578125 0.5292764078125 0.7593455375 0.545460528125 0.73701661875 0.561365221875 0.7225626640625 0.5684111921875 0.711214671875 0.5790006046875 0.6906724 0.5837696203125 0.6706801609374999 0.5897264703125 0.6465174171875 0.5973104796875 0.6227311828125 0.6002563296875 0.59615345 0.601048165625 0.579980890625 0.59841290625 0.5531187703125 0.59584484375 0.5203419234375 0.5921931218750001 0.5023162109375 0.5874030625 0.4858606703125 0.57686803125 0.4571118875 0.5685819000000001 0.44156525625 0.5556455078125 0.4257125484375 0.5418184140625 0.40283959375 0.5272355984375 0.38992480937499996 0.5123941750000001 0.38157190937499996 0.4910007078125 0.3795852140625 0.46930210624999996 0.3900313328125 0.4553072578125 0.396156521875 0.43216944062499996 0.41409159375 0.413651359375 0.4377195484375 0.400730403125 0.4591449859375 0.38913147187499997 0.4933797484375 0.38614150468749997 0.52741393125
11 0.5003780250000001 0.5517300984375 0.5059917125 0.5476191859374999 0.5050656874999999 0.5359201312499999 0.4991344671875 0.5305289875 0.495268253125 0.53327386875 0.493707609375 0.5452519812500001 0.49481446562500003 0.5472162515625 0.5003767406249999 0.5519512453125001 0.5003780250000001 0.5517300984375
11 0.474019915625 0.5556623703125 0.47998791250000006 0.55485996875 0.47928986250000005 0.5466934859375 0.4764697328125 0.5403453875 0.472004534375 0.539122715625 0.469375096875 0.5427218609375 0.46858834531250004 0.54981735 0.4706790703125 0.5535276390625 0.474019915625 0.5556623703125
11 0.46075317499999996 0.5942290125 0.46211421406250003 0.5950817734375 0.46429830625 0.5972490171875 0.46808271562500003 0.5940582421875 0.467644265625 0.58411676875 0.464077228125 0.57800858125 0.4600949671875 0.57920695 0.45868894375 0.5860943609375 0.45854153281250004 0.590079303125 0.46075317499999996 0.5942290125
11 0.47298929375 0.6262312875 0.4748371265625 0.628841646875 0.4791639109375 0.63250123125 0.4822801421875 0.6306596828125001 0.48341450156250004 0.6277573328125 0.48295983906249995 0.620471040625 0.4791437671875 0.61458838125 0.47491939375000003 0.6146868046875 0.47289844375 0.6204843421875 0.47298929375 0.6262312875
11 0.49796294531249996 0.6252071906250001 0.5008126421875 0.626467503125 0.50491403125 0.626150828125 0.5062925593750001 0.6241286500000001 0.5079342703124999 0.6194469265625 0.5068667625 0.610846815625 0.5021710265625 0.6065324765625 0.49818361875 0.60861683125 0.4973873734375 0.617480090625 0.49796294531249996 0.6252071906250001
11 0.508411621875 0.580071284375 0.509877146875 0.5844594953125 0.5135869421875 0.5872489812499999 0.5175756390624999 0.5849434812500001 0.5186096359375 0.578064740625 0.516794446875 0.5697031671875 0.513325971875 0.5680150359375 0.5088422765625 0.5701095609375 0.5075700140625 0.575226303125 0.508411621875 0.580071284375