2 0.84527183125 0.08595754375 0.8388394671875 0.06831994531249999 0.7960015640625 0.0620872390625 0.7736280328125 0.06579104687500001 0.6712465765625 0.15110535625 0.570548221875 0.22553006875 0.45501432656249996 0.3270242921875 0.54510853125 0.717313071875 0.5525458234375 0.7323132625000001 0.5721429546875 0.7240300687500001 0.8080853687499999 0.5384525765625 0.8967615734375001 0.4664541296875 0.89922354375 0.4556778546875 0.9005922203125 0.4294326 0.84527183125 0.08595754375
5 0.799338996875 0.41470074375 0.7789506625 0.4326114890625 0.7735746015625 0.45966549843750004 0.7867537578125 0.5102963515625001 0.8046801203125 0.5031618812499999 0.8356952124999999 0.44225935781250003 0.8556807531249999 0.39088656875 0.85031496875 0.321907184375 0.8450005624999999 0.30025681249999997 0.8151650781249999 0.308442184375 0.8108453250000001 0.38018779999999996 0.799338996875 0.41470074375
0 0.6668672265625 0.35784786875 0.6655232125 0.36461137187500003 0.667407709375 0.370452796875 0.75172716875 0.399422590625 0.7809728484375 0.417595796875 0.7945527421875 0.41539617656249994 0.8010220968749999 0.40381114843750004 0.807088659375 0.3587640734375 0.7981059546875 0.3337963640625 0.7818626921875 0.3300412359375 0.684127746875 0.3492247140625 0.6668672265625 0.35784786875
1 0.79348410625 0.3804454453125 0.7926291984375 0.35248486093750003 0.7846267609375001 0.3443614953125 0.771147565625 0.354926628125 0.7652310250000001 0.3693757078125 0.7679827609375 0.39343684375 0.774540484375 0.39995820000000004 0.7884594640625 0.3936324828125 0.79348410625 0.3804454453125
9 0.6680756062500001 0.45823400156250005 0.6707759671875 0.43496612187499994 0.666365790625 0.40231283281249997 0.6604862390624999 0.38753928593750003 0.6452602359374999 0.371405875 0.6241176921875 0.3697215484375 0.6107515265625 0.3789113140625 0.5975990890625 0.39509122812499997 0.5911174031249999 0.41641713437499994 0.58783956875 0.456302715625 0.5932546734375 0.486318596875 0.6014708375 0.5014321093749999 0.6125887578125 0.5100087624999999 0.63206053125 0.5128418109374999 0.6427509984374999 0.5074381734375 0.6557904078125001 0.492633625 0.6680756062500001 0.45823400156250005
10 0.550492809375 0.50793315 0.5515100687500001 0.4955548671875 0.5465100859375001 0.48926015468750006 0.5465224156249999 0.479519278125 0.5512942859375001 0.402272203125 0.5455277625 0.386123290625 0.545992209375 0.37088095625 0.5247612953125 0.351090240625 0.5160806874999999 0.35121906406250003 0.5102771734375 0.36429278125 0.501800015625 0.46744514531250003 0.512052753125 0.5440946062500001 0.525583325 0.5808584890625 0.56488034375 0.6589501359375001 0.6250917953124999 0.655184321875 0.6635071906250001 0.6385046171875 0.7019472453125 0.6023431609375 0.7548077171875 0.5153910265625 0.757608775 0.50048865625 0.7528718421875 0.4622205859375 0.7410880796875 0.45215524531250006 0.7190536359374999 0.45173296093750004 0.7077980265625 0.464013421875 0.70376598125 0.4843039296875 0.6917068390625001 0.5159528203125 0.6876994562500001 0.5167615765625 0.6830015703125001 0.5355633984375 0.669522375 0.5461285296875 0.657701621875 0.565285815625 0.6290847921875 0.5778239265625 0.6026031796875 0.573970978125 0.5643624671875 0.5405709390625 0.5577163734374999 0.5159431953125 0.550492809375 0.50793315
11 0.7840307906249999 0.1118425171875 0.7881265421875 0.1291401484375 0.7963673671875 0.124771909375 0.7983895546875 0.10975621875 0.7957261859375 0.103801471875 0.7902740875 0.1030082171875 0.7840307906249999 0.1118425171875
11 0.7459195453125 0.239911271875 0.744386465625 0.2202028765625 0.7335829687500001 0.22698188125000002 0.7367868203125 0.24554155625 0.7459195453125 0.239911271875
11 0.7436404765625 0.545777875 0.7520950281250001 0.5483997828125 0.758338325 0.53956548125 0.7574710859375 0.5213457734375 0.749908434375 0.5174618234375 0.74478309375 0.5222833515625 0.7436404765625 0.545777875
11 0.5680841953125 0.6775098109375 0.5770915609375 0.68299576875 0.5814380296875 0.67806091875 0.583900003125 0.66728464375 0.5801310078124999 0.65560179375 0.5696665984375 0.658254703125 0.5680841953125 0.6775098109375
11 0.4968863484375 0.3929643 0.48921066562500004 0.39045571562500003 0.48385926875 0.398027971875 0.48527932187499995 0.41911173437500004 0.494399715625 0.42322232812499994 0.499638084375 0.417025434375 0.5013211859375 0.40613583750000004 0.4968863484375 0.3929643
7 0.7484236390625 0.2222349640625 0.7477651390625 0.24685909375 0.762535871875 0.246281609375 0.8126772203125 0.2086729671875 0.8232902 0.1625879765625 0.7997042296875 0.10489383593749999 0.7659399484375 0.1295238546875 0.719870440625 0.16683416874999998 0.7330506812500001 0.22241028125 0.7484236390625 0.2222349640625
11 0.6203107765625 0.3999517140625 0.62309905625 0.4039357375 0.6280959859374999 0.4055201234375 0.6310505578125001 0.394360396875 0.62628650625 0.387889846875 0.6213780953125 0.3907526484375 0.6203107765625 0.3999517140625
11 0.601218878125 0.4351466859375 0.6026693 0.4364586375 0.606228184375 0.437328565625 0.6090944921875 0.43409070625 0.6093252609375 0.42559527187499996 0.607065878125 0.42086285625000003 0.6044264921875 0.420754415625 0.6011003406250001 0.425223928125 0.60012674375 0.4294845703125 0.601218878125 0.4351466859375
11 0.6121646171874999 0.48110318281250003 0.6150447234375 0.4754052171875 0.6144635375 0.465415146875 0.6107969421874999 0.460753565625 0.6045037 0.46341488125 0.60407605625 0.47050795624999997 0.6052777593750001 0.4767357796875 0.6074500656249999 0.4806287921875 0.6121646171874999 0.48110318281250003
11 0.6358241140625001 0.49345867656250003 0.6387556328125 0.4901370515625 0.6382616375 0.48098501093749996 0.6357370312499999 0.47759050625 0.6317798390625 0.4764649890625 0.6287159156250001 0.48152241875 0.6282467328125 0.4872315578125 0.629801515625 0.49296098906249997 0.6358241140625001 0.49345867656250003
11 0.6483636265625 0.45851566874999994 0.649679996875 0.4614588046875 0.6544442453125 0.46249853906249994 0.6561244609375 0.46074575468749995 0.658704246875 0.45589207187499997 0.6571099125 0.4468555140625 0.6539252390625 0.443916128125 0.65088890625 0.4448494671875 0.64732135 0.44845851249999996 0.6483636265625 0.45851566874999994
11 0.644402353125 0.4100610609375 0.64533805625 0.41762668124999996 0.6504872015625 0.4196702421875 0.6529468890625 0.4179083875 0.654844228125 0.4137821453125 0.6543421406250001 0.410406328125 0.6531188375 0.40445094218750005 0.6499111171874999 0.40178239062500004 0.6468098609374999 0.40160675 0.644402353125 0.4100610609375
8 0.59227039375 0.5631104687499999 0.6142601625 0.5739453421875 0.643911503125 0.5719712718750001 0.6590043296875 0.558449496875 0.6727121656249999 0.533948034375 0.6880365296875001 0.508334496875 0.7043054484375 0.4743252015625 0.71471019375 0.44979270781249997 0.7329803421875 0.45020454687499994 0.7496940390625 0.460271778125 0.7527047046875001 0.4360093625 0.7544716515625 0.40213648125 0.752320078125 0.37263300781250003 0.7488527765625 0.3344049140625 0.743719378125 0.32994467968749996 0.7392742625000001 0.30247358125 0.7254899203125 0.27531941249999997 0.6995786171875 0.2441558390625 0.6586951734375 0.2157520328125 0.6182736421875 0.2188536375 0.5896882375 0.22951320000000003 0.56104078125 0.2594764890625 0.5329412 0.310624896875 0.5193344828125 0.340081996875 0.5460079109375 0.3650696515625 0.5542369765624999 0.4134214625 0.551132515625 0.45428565781249997 0.5556054500000001 0.4926586734375 0.5622746125 0.525963534375 0.573230796875 0.5473171328124999 0.59227039375 0.5631104687499999