2 1 0.496350771875 0.9889886328124999 0.306657984375 0.774049778125 0.28115214375 0.492419640625 0.252910115625 0.45518581406249997 0.2800731125 0.444657971875 0.36137039843749996 0.42654866562500005 0.7179914703125 0.42898003593749995 0.7359984609375 0.46093805625 0.7612184703125 0.963851434375 0.7571135 0.97485308125 0.7556131296874999 0.9841501812500001 0.748626740625 0.9896790031249999 0.628967790625 0.9815672171875001 0.5608607250000001 0.9847275234374999 0.5436686703125 1 0.5275748765625 1 0.496350771875
8 0.6781091499999999 0.681909734375 0.6905427859375 0.6812000171875 0.7172508859375 0.6876142875 0.7574612000000001 0.6878490109375 0.8054457718749999 0.6787415671875 0.857977215625 0.6524501625 0.8851416953125 0.6189700218749999 0.887030059375 0.579866265625 0.877484171875 0.5586885625 0.8305248640625 0.513823596875 0.8437782890625 0.47947995624999995 0.8544165265625001 0.4717190984375 0.8497571468749999 0.46308664843749997 0.8271633093749999 0.4559141015625 0.8120928265625 0.4589553109375 0.7295588109375 0.4459568 0.723740003125 0.4412290609375 0.6795062781250001 0.4433177375 0.6151100890625 0.4562408578125 0.5503267140625 0.48637222187500007 0.5212759828125 0.5112361 0.494202359375 0.5462813640624999 0.4815394765625 0.59079829375 0.49433440937500006 0.64406908125 0.5284966703125 0.683383278125 0.5411574390625 0.686586365625 0.559797065625 0.6733961468749999 0.603576525 0.6634818609375001 0.6413317000000001 0.669178321875 0.6781091499999999 0.681909734375
9 0.6781371453125 0.5630009703125001 0.660974934375 0.5777644046875 0.66145085625 0.6098413 0.6990459812500001 0.63665880625 0.725844934375 0.644638196875 0.7605544234375 0.6456231046875 0.7906499625000001 0.6387581234375 0.8147449859375 0.6240351578125 0.8248835343750001 0.6076661359375 0.826702703125 0.591248546875 0.8186796578125 0.5724266203124999 0.7954952750000001 0.5550807796874999 0.7714694484375 0.5471175781250001 0.71739350625 0.5468019156249999 0.6781371453125 0.5630009703125001
10 0.5453625515625 0.6873932078125 0.5416571296875 0.695194534375 0.5714779953125 0.7313542046875 0.5781836765625 0.727481871875 0.592049303125 0.7275628109375 0.6190753890625 0.7394550046874999 0.684834371875 0.7500087062499999 0.7335003421875 0.7526396734375 0.7749609390625001 0.7505348093750001 0.9317117078124999 0.72876325 0.9169375531249999 0.7130310953125 0.92730323125 0.700574875 0.9280538234375 0.6896271171875 0.9532628515624999 0.6702168828125 0.973812503125 0.642174196875 0.9845437046875001 0.5882584453125 0.9708618984375 0.5435877312499999 0.9379736921875 0.4784652171875 0.8959679765624999 0.47117935468749994 0.866895590625 0.47179194375 0.8441417 0.48574044218749995 0.840639640625 0.5209233 0.8730973499999999 0.5547514765625 0.8830758484375 0.5595035 0.8900757453124999 0.5845778187499999 0.890984271875 0.6002290328125001 0.8621369031249999 0.65247444375 0.8178794093749999 0.67803185 0.764666571875 0.69258484375 0.7105452046875 0.6914866234375 0.6740857390625 0.684233134375 0.6428091140625 0.6707515359375 0.6079179171875 0.6666363859375 0.577595246875 0.6695885640625 0.5453625515625 0.6873932078125
0 0.6932768265625 0.537273590625 0.729714634375 0.520275790625 0.786474959375 0.47132250000000003 0.84821265 0.43647958437499995 0.8680117062500001 0.4193846546875 0.8612843703124999 0.3990057 0.81300558125 0.37916649062499996 0.790638875 0.3759067453125 0.737514775 0.43974487812499996 0.7129633734375 0.494362253125 0.6920048859375 0.515361890625 0.6932768265625 0.537273590625
1 0.8252791703125 0.3995778203125 0.8056401609374999 0.395551703125 0.78552311875 0.40716870624999996 0.7849088046875 0.42046414375 0.80786605625 0.43389717812499995 0.8271870796874999 0.432445371875 0.8405530140625 0.4239181421875 0.8397353375 0.4098320484375 0.8252791703125 0.3995778203125
5 0.9308179750000001 0.379071909375 0.90251995 0.3452680140625 0.8909731843750001 0.3373776546875 0.8252142015624999 0.326823953125 0.7973920953125 0.325096953125 0.789935821875 0.3399170453125 0.7935720500000001 0.35480188749999997 0.7869572203125 0.36023934375 0.808300778125 0.3697514796875 0.8194387046875 0.37059879218749997 0.8551475749999999 0.388800034375 0.870058009375 0.4068798703125 0.8742847812500001 0.43193800312499997 0.8943780531250001 0.44378972812499995 0.9056068312500001 0.44620216093750004 0.9567733671875001 0.444153953125 0.9646384796874999 0.436376909375 0.9638208046875001 0.422290815625 0.9448869625 0.4065343796875 0.9308179750000001 0.379071909375
11 0.54874313125 0.3158225421875 0.534832078125 0.31495904375 0.5240121359375001 0.31958965625 0.5230798375 0.32740716875000003 0.5302397828125 0.33136044375 0.5469693890625 0.333022690625 0.5537204953125 0.3299329171875 0.5545165140625 0.319767721875 0.54874313125 0.3158225421875
11 0.6218178828125 0.40464850625000004 0.6079976828125 0.405350128125 0.603132828125 0.4170561640625 0.625454109375 0.4195333484375 0.6289778265625 0.4086017796875 0.6218178828125 0.40464850625000004
11 0.962862621875 0.501297075 0.9707277328125 0.49352003125 0.9589538359375 0.48171686874999997 0.9451790625 0.4832010515625 0.9386550890625 0.4902036296875 0.9504289859374999 0.5020067906250001 0.962862621875 0.501297075
11 0.928962353125 0.70527833125 0.9210063875 0.7114902562500001 0.9243246296875001 0.720897171875 0.9424862234375 0.7233500734375 0.9516924687499999 0.7147985640625001 0.9499424953125001 0.7085299843749999 0.9399185734375 0.7029954015625 0.928962353125 0.70527833125
11 0.566567715625 0.7422776796874999 0.57677334375 0.75094250625 0.59063896875 0.7510234437500001 0.6000723484375 0.7463847375 0.6036869203124999 0.737018290625 0.59495870625 0.7299266796875 0.570091434375 0.7313461125 0.566567715625 0.7422776796874999
7 0.6258942546874999 0.3263496515625 0.5681595734375 0.322151221875 0.5277395140625 0.3175391140625 0.5204561890625 0.3571394265625 0.521457146875 0.39009477656249997 0.517497703125 0.40834843593750003 0.5412087734375 0.41595151093749994 0.5906085078125 0.41804228437499996 0.6112971125 0.42073680312499995 0.62900813125 0.4192959375 0.634822578125 0.4024103890625 0.639959165625 0.36427217343749996 0.6421094 0.330563090625 0.6258942546874999 0.3263496515625
11 0.6823639171875 0.5880591015625 0.683886759375 0.5904148765625 0.688182725 0.592786840625 0.6978886640625 0.5928434984375001 0.7033440609375 0.5913107515625 0.7057992015625 0.585849015625 0.70141238125 0.5819119296874999 0.6985938296875001 0.58111318125 0.688887890625 0.5810565249999999 0.68343249375 0.5825892703125 0.6821822109375 0.5849288593749999 0.6823639171875 0.5880591015625
11 0.719870303125 0.56559146875 0.7242116953125 0.5687459921875 0.7298033734375 0.5695609296875 0.7380318953125 0.5680443703125 0.73937303125 0.5672699031249999 0.741873596875 0.5625907265625 0.737486778125 0.5586536421875 0.7346682265625 0.55785489375 0.7263488515625001 0.5578063296875 0.7222800171875 0.5593471703125 0.719688596875 0.5624612250000001 0.719870303125 0.56559146875
11 0.7699682609375 0.569013090625 0.7702862453125 0.5744910171875001 0.7717636625 0.57606423125 0.7774007640625 0.577661728125 0.785720140625 0.577710290625 0.7884478390625 0.57694391875 0.791130109375 0.5753949859375 0.7923349671875 0.5722728359375 0.789289284375 0.567561284375 0.7864253046874999 0.5659799734375001 0.7753328046875 0.5659152234375 0.7712639703125 0.5674560640624999 0.7699682609375 0.569013090625
11 0.7916968843750001 0.609037003125 0.7986296984375 0.6090774718749999 0.80408509375 0.6075447265625 0.8065856609375001 0.60286555 0.8034945499999999 0.5973714359375 0.8006759999999999 0.5965726874999999 0.792356625 0.596524125 0.786946653125 0.5988394312499999 0.7844006609374999 0.6027360484375001 0.7888329046875 0.60745569375 0.7916968843750001 0.609037003125
11 0.752758509375 0.6307139828125 0.7583956125 0.6323114796875 0.7667149875 0.6323600421875 0.770738396875 0.6300366421875 0.7718524 0.6253493703124999 0.7702841312500001 0.6222110328125 0.766033590625 0.6206216296875 0.760441915625 0.6198066953125 0.7535999546875 0.621331346875 0.749576546875 0.623654746875 0.7498491046875 0.6283501109375 0.752758509375 0.6307139828125
11 0.699569440625 0.6217982453124999 0.7066385328125 0.6241863984375 0.713571346875 0.6242268671875 0.71907216875 0.62347668125 0.721709015625 0.6211451875 0.7214818828125 0.6172323828125 0.7171404906250001 0.614077859375 0.7143219375000001 0.6132791109375 0.7046160015625 0.6132224546875 0.7018883015624999 0.6139888265625 0.6992968828125 0.61710288125 0.699569440625 0.6217982453124999