2 0.670382365625 0.153271196875 0.659937396875 0.14239152187499998 0.41335808749999997 0.0169770546875 0.3999235859375 0.01223008125 0.328150925 0.0244304265625 0.32217982031250003 0.0816906390625 0.31368563125 0.3278011796875 0.3135210390625 0.351733371875 0.3210739375 0.374353696875 0.6300530421875 0.53837563125 0.636346875 0.5330873796875 0.67074984375 0.185549725 0.67144650625 0.1699638703125 0.667175528125 0.1580347046875 0.670382365625 0.153271196875
5 0.35000108124999996 0.1571108328125 0.356302875 0.1968173921875 0.374562796875 0.21199315312499997 0.383269340625 0.2119192921875 0.3894657078125 0.2010230859375 0.38589139375000003 0.173508065625 0.387696946875 0.15492145468750002 0.411883221875 0.132530434375 0.43740365312499996 0.1535026640625 0.44555575000000003 0.15492918125 0.46127516249999995 0.1241345 0.45912450624999995 0.1005958671875 0.44715841562499997 0.080131853125 0.4443334734375 0.062332359375 0.3611939171875 0.0328748828125 0.35499755 0.043771089062500004 0.35000108124999996 0.1571108328125
0 0.418491821875 0.1342193265625 0.409013528125 0.1344243734375 0.38735980312499996 0.1577910265625 0.3888361734375 0.187068796875 0.39935623124999997 0.21340313906250002 0.4458864375 0.2518959515625 0.485111384375 0.304285728125 0.5003066875 0.3101395203125 0.43272840781250005 0.1739832140625 0.418491821875 0.1342193265625
1 0.41654405156249996 0.166891415625 0.4072830640625 0.168465653125 0.404510834375 0.17596754375 0.41360723281249995 0.198325496875 0.4215420265625 0.1983828234375 0.42520584375 0.186510984375 0.41654405156249996 0.166891415625
9 0.5314019140624999 0.3512560640625 0.544184503125 0.3518954640625 0.5683707796874999 0.32950444375 0.5716223671875 0.3050475078125 0.5703633 0.2771389265625 0.555017821875 0.24037579843749998 0.5438011046875 0.22962731249999999 0.53058390625 0.22624952812500002 0.5133657484375 0.23761315624999998 0.5028536515625001 0.25627362656249997 0.49981936875 0.282099753125 0.5011008125 0.30016162031250004 0.5136964359375 0.334579925 0.5314019140624999 0.3512560640625
11 0.39817375781250003 0.3457803796875 0.4018902875 0.359209921875 0.40994491875000005 0.3550284875 0.40700013906250004 0.34146775625000003 0.39817375781250003 0.3457803796875
11 0.36535452031250004 0.23886877499999998 0.3735066171875 0.24029529218749998 0.374952653125 0.234424965625 0.37244247656249996 0.22360262031249997 0.36339879218750004 0.22654605 0.36535452031250004 0.23886877499999998
7 0.3650332984375 0.33172796875 0.3824016328125 0.351273678125 0.398803290625 0.35973466875 0.3971847046875 0.3445423734375 0.4072174421875 0.34283695000000003 0.40212200625000005 0.3057375875 0.40713439375 0.28238746875 0.4063850203125 0.272671940625 0.3845060328125 0.2496745875 0.374757725 0.2232090609375 0.36441022031250003 0.21793733906249999 0.3606041875 0.2438946546875 0.358589290625 0.3061068859375 0.3597732703125 0.31856079843749996 0.3650332984375 0.33172796875
8 0.634833375 0.3925024359375 0.6441526578125 0.3463608359375 0.644300503125 0.3152967859375 0.645677471875 0.25999163125 0.6355807546875 0.21414698593749998 0.6188072015625 0.1724408015625 0.604021546875 0.15392688593749998 0.5800241703125 0.132473590625 0.5655407593749999 0.119414703125 0.544549840625 0.1044599109375 0.5237252109375 0.10299257656250001 0.5057168484375001 0.1050525796875 0.4797352984375 0.111971990625 0.4611388265625 0.13165516093750002 0.450620190625 0.1524667171875 0.442692934375 0.17183801406250002 0.43876679531249996 0.1915303453125 0.4313154859375 0.22634019843750003 0.4299029328125 0.24410210000000002 0.43141435625 0.24602468125 0.4293225734375 0.2582184640625 0.43381392500000004 0.302513034375 0.437005871875 0.331509025 0.444112065625 0.36384430624999997 0.462739421875 0.40123070937499994 0.4752503328125 0.41962931406250004 0.492345215625 0.44025360625000004 0.511363515625 0.46055235000000005 0.5306712828125 0.47379092343749996 0.5498402609374999 0.47904377187499997 0.57176364375 0.480322928125 0.58771001875 0.47060411406249997 0.5979734515625 0.45884642343750004 0.6184149875 0.4383490375 0.62759538125 0.41976729375 0.634833375 0.3925024359375
11 0.5441860984375 0.3272358875 0.5419256765625 0.325472965625 0.5388178421875 0.3260012546875 0.5374627046875 0.3299423875 0.5370054046875 0.33607491875 0.5408151859375 0.3434352203125 0.541166221875 0.34356959531250003 0.5468045421875 0.340268546875 0.5472785 0.3335468296875 0.5441860984375 0.3272358875
11 0.5622381078124999 0.32240963749999996 0.5651572640625 0.3172267890625 0.5648444375 0.313178284375 0.563158590625 0.30741005781249997 0.561815771875 0.30588065468750003 0.5601042734375 0.30480482656249996 0.5587581296875 0.3046427484375 0.555861515625 0.306501890625 0.55419555 0.3126444265625 0.5560657375 0.318185865625 0.559103396875 0.321380284375 0.5622381078124999 0.32240963749999996
11 0.52346000625 0.32353293125000004 0.52451408125 0.317689859375 0.523239896875 0.3124380109375 0.5209380593749999 0.30833670625 0.51902944375 0.3067080296875 0.5170706390625 0.3068455484375 0.516100125 0.3071975359375 0.5152428718750001 0.30989116562499996 0.5151199515625 0.316747259375 0.5174788703125001 0.3225965234375 0.5216824296875 0.324812353125 0.52346000625 0.32353293125000004
11 0.5163612328125 0.26770838750000003 0.5145289125 0.265871290625 0.51217403125 0.264986384375 0.510025734375 0.26800493125 0.510345453125 0.275567590625 0.5127376875 0.28023848125 0.5170206546875 0.2808771953125 0.5182661796875 0.2783228609375 0.5175609046874999 0.27180159531250003 0.5163612328125 0.26770838750000003
11 0.5346637609375 0.246432825 0.5334107890625 0.24547450624999997 0.5301662765625 0.24271459218749997 0.52629494375 0.2457082453125 0.5267050609374999 0.2538404890625 0.5292818546875 0.2582859609375 0.532952159375 0.2592242703125 0.53679603125 0.25779046562499996 0.5363990281250001 0.2504349890625 0.5346637609375 0.246432825
11 0.558879259375 0.2638022 0.5560051859375 0.2623376375 0.5528208390625 0.2630729765625 0.550353534375 0.26486055 0.5508934640625001 0.26965085312500003 0.5533069125 0.2786152703125 0.5582329625 0.279146075 0.5613221390625001 0.2729570671875 0.5617602265625 0.2687809171875 0.558879259375 0.2638022
11 0.3628875921875 0.0635218453125 0.36761555 0.06834267968749999 0.37202874218750004 0.06618636875 0.373692078125 0.061685234374999995 0.369997925 0.0384089765625 0.3597478828125 0.0387452078125 0.3569756546875 0.0462471015625 0.3628875921875 0.0635218453125