2 0.47655978125000004 0.5487829984375 0.5934865671875 0.49820290624999997 0.567055009375 0.253524978125 0.5599506765625 0.2413183015625 0.3540780796875 0.31634708125 0.35021203437500004 0.3234467265625 0.3544093890625 0.373259721875 0.3789955421875 0.5694173218749999 0.3845130546875 0.5775232906250001 0.393123403125 0.57994954375 0.47655978125000004 0.5487829984375
1 0.42730366875000003 0.4105561421875 0.4304045859375 0.40626454062499995 0.43036418281250005 0.399323975 0.427166296875 0.38695821874999997 0.420118528125 0.38446833593749996 0.41466566250000003 0.38746726875 0.413892453125 0.3888871984375 0.413191971875 0.4028001453125 0.4179281921875 0.41093793125 0.42028014375 0.412230596875 0.42496788125 0.41203970312499993 0.42730366875000003 0.4105561421875
9 0.48277523593750005 0.4082972265625 0.486778653125 0.4247955046875 0.49307745468749997 0.43286965781250003 0.5032746234375 0.439396621875 0.5134233078125 0.4375949046875 0.5227341375 0.426108209375 0.5288551640625 0.4036438734375 0.5279688250000001 0.3856302171875 0.5255683921875 0.376008871875 0.5192534281250001 0.36515849375 0.5082507265625 0.3544990078125 0.49888333124999995 0.356268909375 0.4918840484375 0.362107703125 0.48724479374999996 0.3706272765625 0.48264594531249994 0.386087415625 0.48277523593750005 0.4082972265625
11 0.4018362578125 0.465742475 0.4026013875 0.46293443281249996 0.40179585468749995 0.458801909375 0.397857084375 0.4534085359375 0.396302584375 0.4548602796875 0.393982959375 0.4591200671875 0.3940072 0.46328440625 0.394804653125 0.4660288171875 0.3963753125 0.4673532984375 0.40028176093749995 0.46719421875 0.4018362578125 0.465742475
11 0.43729328125 0.5156709562499999 0.433354509375 0.51027758125 0.431018721875 0.5117611421875 0.429472303125 0.5146009984375 0.4295207875 0.522929678125 0.43188081718750004 0.5256104578125 0.43500597656249995 0.5254831953125 0.436560475 0.5240314500000001 0.437333684375 0.5226115203125 0.43729328125 0.5156709562499999
8 0.4362510125 0.3695187609375 0.43600118125 0.38258168124999997 0.43600624843749997 0.383452028125 0.43775454687500004 0.43153478749999996 0.4396225484375 0.4439324828125 0.4432911375 0.4574162046875 0.447947909375 0.4723106078125 0.4547267890625 0.4874087796875 0.4605139921875 0.500227246875 0.46988874999999997 0.5126094359375 0.4908434046875 0.5236495171875 0.5019578499999999 0.526387553125 0.515158946875 0.5232383171875 0.5289963281250001 0.5171641046875 0.541331115625 0.5053487796875 0.5487896937500001 0.4969226625 0.5567035875 0.48267570624999995 0.5633178046875 0.46935361562500005 0.5660272296875 0.458220440625 0.5719190625 0.43303298124999995 0.5752428171874999 0.4152033234375 0.5767432390625 0.39251478125 0.5758103078125 0.3725383765625 0.5717965609375 0.35587668125 0.56514473125 0.3346808515625 0.558684903125 0.3184103390625 0.5501291875 0.306575165625 0.5397670296875 0.29278226093750004 0.52844786875 0.282800728125 0.5182996515625 0.2777018671875 0.4969108453125 0.27625277656249997 0.48844123125000005 0.27920794843749996 0.47526376875 0.2864174140625 0.466504715625 0.295765653125 0.4588929828125 0.30593911406249996 0.4521145765625 0.31897909375 0.44775783750000003 0.32756769218750004 0.44229431874999997 0.3422952328125 0.4378307875 0.360461490625 0.4362510125 0.3695187609375
0 0.47658956406249997 0.419656659375 0.4522726171875 0.4039855859375 0.4216164625 0.373299796875 0.40919663437500003 0.3876899796875 0.4053952359375 0.40589453124999997 0.4046785921875 0.4170312515625 0.4172357921875 0.4262389921875 0.45241806875 0.42897162499999997 0.47748398437499995 0.4390584265625 0.486062009375 0.435932228125 0.47658956406249997 0.419656659375
5 0.3812883859375 0.42631440156249994 0.38842504375 0.4440735328125 0.39780051875 0.4436917421875 0.405605334375 0.4419854734375 0.407135590625 0.4363693875 0.403776090625 0.3962413703125 0.413803565625 0.373617953125 0.4356311921875 0.3643984359375 0.44169565312500003 0.33221730625 0.4243699078125 0.3093193296875 0.404112940625 0.31986332968750003 0.40026305781250004 0.3297392 0.3893734859375 0.3385132984375 0.37762181875 0.3334380828125 0.37297448437499997 0.340569540625 0.3812883859375 0.42631440156249994
11 0.5019766234375 0.37644196874999997 0.5014272125 0.37160340625 0.5002431484375001 0.369567571875 0.49749594531249997 0.3673649109375 0.49620633437499995 0.36961671875 0.49504383125 0.37128436875 0.4946125890625 0.37546864687500003 0.49567560000000005 0.379128334375 0.49777075000000004 0.38101043749999997 0.49978680156250005 0.3805812296875 0.5019766234375 0.37644196874999997
11 0.49268853281249997 0.40297706250000004 0.49364762500000003 0.3999278640625 0.4935578578125 0.3956495625 0.4914567484375 0.3926097421875 0.4909984578125 0.39228129375 0.4887877625 0.3928350578125 0.48792436562499997 0.393395046875 0.48705007031249997 0.3963783125 0.48727233437499995 0.400998328125 0.48878622656250004 0.40371356406250003 0.49048187031249996 0.4042234953125 0.49268853281249997 0.40297706250000004
11 0.500914009375 0.41768726406249995 0.49941436718750004 0.41728598281249996 0.4966192546875 0.4173998046875 0.49396217968749995 0.42040151875 0.494699503125 0.42395922812500003 0.4959551453125 0.42714872187499997 0.498315175 0.42982950000000003 0.5009827203125 0.429490390625 0.502782565625 0.42548225312500004 0.5020352453125 0.4200727671875 0.500914009375 0.41768726406249995
11 0.5129553921875 0.42796150781250003 0.5151741671875001 0.42879585625 0.5168598125 0.4274540125 0.5181371984375 0.42323666875 0.51804608125 0.41872655312499996 0.5168653875 0.4172695609375 0.514646603125 0.4164338234375 0.512047284375 0.41735052499999997 0.51088881875 0.41971223125 0.5107792250000001 0.4233044296875 0.51131785625 0.42629124999999995 0.5129553921875 0.42796150781250003
11 0.5235579031250001 0.40357079218749997 0.52485145 0.402129675 0.525674796875 0.39804605937500004 0.52566131875 0.3957306859375 0.5243413968749999 0.3927756828125 0.5238142156250001 0.39175581875 0.5212813953125 0.39134246093749997 0.5197827859374999 0.39272945 0.5189541671875 0.3957733359375 0.519565725 0.4001456265625 0.5212099921875 0.40297218125 0.5235579031250001 0.40357079218749997
11 0.51651396875 0.379321084375 0.517536678125 0.3759235734375 0.5176488609375001 0.37291025 0.51704874375 0.370503525 0.51560451875 0.3684796734375 0.5142995203125 0.3679538359375 0.51202251875 0.36839367031250003 0.510017246875 0.370674621875 0.5098407859375 0.37392243125 0.5114336749999999 0.3790656125 0.514241796875 0.3804563328125 0.51651396875 0.379321084375
7 0.393536546875 0.46311474375 0.3972980859375 0.5018282296875001 0.40160359687499997 0.52216158125 0.40519283906250003 0.53127771875 0.4240887578125 0.532327096875 0.432897834375 0.52700746875 0.43799909843749996 0.5241533640625 0.4355777234375 0.5077128421875 0.43161580624999996 0.498611884375 0.42652297499999997 0.4549903171875 0.42228390625 0.44486208749999995 0.4000741828125 0.4512702984375 0.393681096875 0.45599586875 0.393536546875 0.46311474375
11 0.3842360984375 0.35033126875 0.3836265765625 0.3437582125 0.37875400312499996 0.3406576953125 0.376910953125 0.3430167359375 0.37639300000000003 0.35217377656250004 0.3798418953125 0.35584044062500003 0.3842360984375 0.35033126875