10 0.39863034218750004 0 0.2441985234375 0.0099115703125 0.23172915781249998 0.0441782359375 0.22016093125 0.0965146828125 0.2071813265625 0.1085031828125 0.20627032031249998 0.11553381250000001 0.21287946249999998 0.13602611250000002 0.20858941875 0.15721793281250002 0.1937943765625 0.16653408593750002 0.21336339531249998 0.2252387078125 0.224385209375 0.2426589359375 0.24008139062499997 0.25141256562500003 0.2661632296875 0.24555531249999998 0.27563788125 0.23797506093749998 0.28849485937499997 0.207866815625 0.287855415625 0.184202509375 0.2981316 0.118004665625 0.32163593125 0.0676910140625 0.3669320609375 0.03271193125 0.397294078125 0.03076326875 0.41753213593750005 0.037830965625000004 0.43932393125 0.053165534375000004 0.4637063859375 0.0794892875 0.48315606562499996 0.1117073609375 0.5014330421875 0.1565505875 0.5111496609375 0.19357663281249998 0.5251267265624999 0.2847120890625 0.5492441984374999 0.32499717031249997 0.561697121875 0.3325645234375 0.5811599546874999 0.3313153828125 0.581815840625 0.31314566875 0.5920788703125 0.2804150421875 0.6012951140625 0.270062509375 0.5948085984375 0.26768995625 0.588845478125 0.2541283546875 0.5865165140624999 0.23754464375 0.590674065625 0.22333348593750002 0.5863938875 0.21942489843750002 0.5519335078125 0.08498224843749999 0.5317118921875 0.036080534375 0.5112857749999999 0 0.39863034218750004 0
9 0.3473968859375 0.2180307515625 0.3542545703125 0.2663957421875 0.367605346875 0.30039967968750003 0.3882244390625 0.328359403125 0.40560685156250004 0.338399240625 0.43064848125 0.338186478125 0.448040759375 0.32312590625 0.46167625 0.29296769375 0.4664896875 0.26058682499999997 0.46170913437500005 0.2092996578125 0.45108150937499997 0.17930424218750002 0.43163183125 0.14708616875 0.4042612375 0.130715221875 0.3780501953125 0.1351863328125 0.3609163265625 0.1530191859375 0.34974557812499996 0.184413640625 0.3473968859375 0.2180307515625
5 0.19000141875 0.24347128593749998 0.152138984375 0.1817574546875 0.146301778125 0.17794879375 0.134233178125 0.1829066640625 0.125924653125 0.19459536875 0.1252589015625 0.2378654921875 0.1074658578125 0.2822348609375 0.1033017296875 0.31317962499999996 0.10367618906250001 0.3508052578125 0.09653049999999999 0.374969221875 0.0978225421875 0.3888306171875 0.1066413078125 0.3994200765625 0.13709964531250002 0.482525590625 0.149807690625 0.5012320265625 0.1647319359375 0.493302015625 0.196001671875 0.492689528125 0.1938019125 0.4774919578125 0.1873186859375 0.46675259999999996 0.1847346015625 0.43902980625000004 0.171254621875 0.4036397296875 0.16945562812499998 0.35913336406249996 0.18543652500000002 0.30372484375000003 0.1923172296875 0.2935222109375 0.19000141875 0.24347128593749998
2 0.39863034062499997 0 0.20994393906250003 0.0121100609375 0.010692429687500001 0.2624110171875 0.014241660937500001 0.3495153953125 0.24440952343750003 0.793568865625 0.2645150875 0.8076172234375001 0.2664564375 0.8200425156250001 0.271256721875 0.8211288625 0.2927999734375 0.8085907406249999 0.58358195 0.441320071875 0.6534226203125 0.350382846875 0.6580969875 0.341716246875 0.658103565625 0.324982640625 0.535740240625 0.020483240625 0.5241807015625 0 0.39863034062499997 0
0 0.2039357375 0.44337518906250006 0.22962667812499998 0.44172632343749996 0.3656278234375 0.380009228125 0.3752349671875 0.3654483125 0.39535039843750003 0.3543962609375 0.3949627859375 0.3502378421875 0.3710905703125 0.3461922546875 0.25237551406250003 0.332895009375 0.1984062671875 0.31683675624999996 0.1808880734375 0.322144384375 0.1734774 0.3602696734375 0.1822797234375 0.41269315312500005 0.1891505625 0.42759092968749995 0.2039357375 0.44337518906250006
1 0.19280773906249998 0.3660011984375 0.1951334140625 0.3909517109375 0.213158559375 0.41628905156249996 0.22859962031249997 0.4139035984375 0.2389885671875 0.39092591250000003 0.2361427859375 0.3687976421875 0.2264195921875 0.34850520625 0.205532225 0.34287361562499996 0.19280773906249998 0.3660011984375
7 0.3582740109375 0.6035903375 0.3329937015625 0.550829996875 0.3166547890625 0.5267788671875 0.288760803125 0.5215969671875 0.23812784374999998 0.6001459687499999 0.23798877499999999 0.6238602375 0.2550963375 0.672961815625 0.28427250000000004 0.717105521875 0.2949132765625 0.713633725 0.3644922515625 0.628291021875 0.3582740109375 0.6035903375
11 0.2759771265625 0.6953270125000001 0.275844634375 0.7023076781250001 0.28336478125000003 0.7157693484375 0.2910207109375 0.713883553125 0.29478736250000004 0.7038807796875 0.293753728125 0.6927916625 0.286750396875 0.6848745515625 0.280522290625 0.6852742765625 0.2759771265625 0.6953270125000001
11 0.305752315625 0.5358451890625 0.30574902656249997 0.5442119937500001 0.31171214687500004 0.5577735953125 0.31962648437499996 0.558660078125 0.32495016250000003 0.5485573765625 0.323916528125 0.537468259375 0.3174333015625 0.5267288999999999 0.30886965625 0.527278521875 0.305752315625 0.5358451890625
11 0.182782428125 0.1240134453125 0.183166753125 0.13653866875 0.190034303125 0.1598032484375 0.2043059515625 0.16167614531250002 0.20988803749999999 0.1543457234375 0.2098979015625 0.1292453125 0.20199014062499998 0.1116252203125 0.190832546875 0.1095524609375 0.182782428125 0.1240134453125
11 0.5874242328125 0.2388808171875 0.5885870703125 0.2513560734375 0.5976642437499999 0.26471781562499996 0.607006403125 0.2641182265625 0.611293159375 0.251293209375 0.6088349921875 0.233323359375 0.5992377125 0.2227838640625 0.5904123703125 0.22892801093749998 0.5874242328125 0.2388808171875
11 0.395118296875 0.284689553125 0.388114965625 0.276772440625 0.383573090625 0.278458375 0.380975853125 0.28420279531250003 0.3836957171875 0.2965781203125 0.39407479843750004 0.298700846875 0.395118296875 0.284689553125
11 0.423134909375 0.3079911984375 0.4287137078125 0.3090275796875 0.4335172796875 0.30174712187499997 0.43274205468750004 0.2934302828125 0.4282034671875 0.2867494140625 0.42145525624999997 0.2899713859375 0.41976573593750005 0.2970519796875 0.423134909375 0.3079911984375
11 0.44872295156249997 0.23802176406250003 0.44301494999999996 0.23559924531249998 0.438989890625 0.2428297375 0.43885739843750005 0.2498104015625 0.44170975468749996 0.2552050625 0.450922709375 0.253219334375 0.44872295156249997 0.23802176406250003
11 0.3801141734375 0.165731371875 0.3802400890625 0.1754843140625 0.3859448015625 0.1862736375 0.3913943953125 0.185923878125 0.3946409390625 0.1787433515625 0.3937365109375 0.169040375 0.3890687203125 0.1609733640625 0.3827114109375 0.15998695000000002 0.3801141734375 0.165731371875
11 0.369844565625 0.21519560625 0.3664721046875 0.21262318906250002 0.362317840625 0.21846754375000002 0.3652961140625 0.23361514843750003 0.373859759375 0.23306552656249999 0.3745123578125 0.223262615625 0.369844565625 0.21519560625
11 0.432397190625 0.18050341718750001 0.42695088593749997 0.1724863734375 0.42150129375 0.172836134375 0.41980848593750003 0.18828353281250002 0.42421786875 0.19357826250000001 0.4313536921875 0.1945147109375 0.432397190625 0.18050341718750001
8 0.580007965625 0.359572184375 0.578410315625 0.3385755703125 0.5674106109375 0.332248028125 0.54428058125 0.3228643296875 0.537566834375 0.304753459375 0.522774515625 0.2615858015625 0.512918740625 0.21746266250000001 0.5087084953125001 0.183846784375 0.5017629109375 0.1478476828125 0.4854222109375 0.11117426562499999 0.46575054531250004 0.0772720234375 0.441495878125 0.051974734375 0.41961585625 0.0405920703125 0.39600764375 0.037631140625 0.37234025625 0.0340353578125 0.3477760609375 0.0439241171875 0.3306435171875 0.060368031249999995 0.316840040625 0.077876975 0.3047003296875 0.101674003125 0.29737174375 0.1385878421875 0.290701675 0.16714859843750002 0.2873024859375 0.192301996875 0.2851534359375 0.215457815625 0.2768226171875 0.23005813125 0.2649249890625 0.24105128593749997 0.24785398593750002 0.25045912812500004 0.23631593281250002 0.2537570390625 0.22614459999999997 0.26016466562499996 0.2250658765625 0.28325039531249996 0.2366479484375 0.32278800625000004 0.2388439015625 0.33479396562499997 0.2792137625 0.42813015937500004 0.28763007812499997 0.4422747578125 0.29850625937499997 0.45883838906249996 0.3167569421875 0.477487503125 0.3395857109375 0.49904022187499997 0.36366483125000004 0.514757871875 0.389707075 0.5284307890625 0.410993578125 0.53729415625 0.4285949203125 0.5412806578125 0.4563704796875 0.5311857875 0.475167778125 0.5171924171875 0.507345540625 0.5042576234375 0.527690440625 0.4837700609375 0.5472660640625 0.4550210578125 0.563274878125 0.422664890625 0.5716085843750001 0.4003908296875 0.580007965625 0.359572184375