2 0.35 0.44166666718750003 0.64765625 0.5083333328124999 0.6546875 0.497222221875 0.68671875 0.11944444375 0.684375 0.1125 0.665625 0.10555555624999999 0.37265625 0.0416666671875 0.365625 0.05694444375 0.3515625 0.2666666671875 0.34921875 0.3583333328125 0.34375 0.41805555625 0.3453125 0.434722221875 0.35 0.44166666718750003
5 0.421875 0.1875 0.43515625 0.175 0.45625 0.172222221875 0.4640625 0.14861111093749999 0.46328125 0.1 0.45703125 0.09305555625 0.44765625 0.09444444375 0.4140625 0.1166666671875 0.3921875 0.14305555625 0.38359375 0.2 0.384375 0.2236111109375 0.40390625 0.240277778125 0.4125 0.2236111109375 0.421875 0.1875
0 0.4546875 0.275 0.49140625 0.3 0.50625 0.31805555625 0.51953125 0.32083333281250004 0.5140625 0.3 0.46796875 0.222222221875 0.44765625 0.17916666718750002 0.434375 0.175 0.41640625 0.20694444375 0.415625 0.21805555625 0.43515625 0.25555555625 0.44921875 0.2625 0.4546875 0.275
1 0.4546875 0.22638888906250001 0.45390625 0.20833333281250002 0.446875 0.197222221875 0.43515625 0.1986111109375 0.42890625 0.21111111093749999 0.4296875 0.23055555625 0.43828125 0.2388888890625 0.44765625 0.240277778125 0.4546875 0.22638888906250001
7 0.41171875 0.40833333281249995 0.4390625 0.41944444374999995 0.44453125 0.3625 0.43203125 0.352777778125 0.428125 0.3291666671875 0.38984375 0.3236111109375 0.38515625 0.334722221875 0.3796875 0.38333333281250004 0.38359375 0.40833333281249995 0.38984375 0.4125 0.41171875 0.40833333281249995
11 0.44375 0.34027777812500004 0.43828125 0.34027777812500004 0.434375 0.34861111093749997 0.4375 0.35972222187499997 0.44453125 0.35694444375 0.44375 0.34027777812500004
11 0.38828125 0.40555555625000006 0.39140625 0.3916666671875 0.3890625 0.384722221875 0.384375 0.38194444375000003 0.38359375 0.38194444375000003 0.3796875 0.3875 0.38046875 0.4 0.38359375 0.40555555625000006 0.38828125 0.40555555625000006
11 0.50234375 0.1208333328125 0.503125 0.109722221875 0.49921875 0.10138888906250001 0.49375 0.10138888906250001 0.4890625 0.1111111109375 0.49140625 0.127777778125 0.49765625 0.127777778125 0.50234375 0.1208333328125
11 0.65625 0.165277778125 0.6609375 0.15555555625 0.659375 0.14444444375 0.6546875 0.1375 0.65 0.1375 0.64453125 0.1458333328125 0.6453125 0.1583333328125 0.65 0.1666666671875 0.65625 0.165277778125
11 0.65 0.434722221875 0.65390625 0.425 0.64921875 0.41111111093749997 0.6453125 0.41111111093749997 0.63984375 0.4236111109375 0.63984375 0.43055555625 0.64375 0.4361111109375 0.65 0.434722221875
10 0.51640625 0.20138888906250002 0.53671875 0.17916666718750002 0.55703125 0.1708333328125 0.58046875 0.1763888890625 0.60546875 0.1986111109375 0.6203125 0.23194444375 0.62734375 0.2736111109375 0.62109375 0.33194444375 0.603125 0.38333333281250004 0.60234375 0.4138888890625 0.60546875 0.4291666671875 0.6140625 0.4458333328125 0.6375 0.4291666671875 0.6484375 0.4 0.66484375 0.3125 0.665625 0.26805555625 0.65625 0.20138888906250002 0.6640625 0.1666666671875 0.6578125 0.140277778125 0.65 0.134722221875 0.6453125 0.1416666671875 0.6328125 0.1458333328125 0.6234375 0.13055555624999998 0.596875 0.10555555624999999 0.578125 0.097222221875 0.55546875 0.0958333328125 0.4859375 0.11944444375 0.48046875 0.15555555625 0.478125 0.18055555625 0.49140625 0.197222221875 0.503125 0.20416666718749998 0.51640625 0.20138888906250002
9 0.57578125 0.34444444375 0.5890625 0.325 0.59375 0.3083333328125 0.5953125 0.2791666671875 0.590625 0.25833333281250004 0.5828125 0.2416666671875 0.56875 0.22916666718749998 0.54609375 0.23472222187499997 0.53515625 0.2513888890625 0.52890625 0.272222221875 0.53046875 0.322222221875 0.540625 0.3416666671875 0.55546875 0.34861111093749997 0.57578125 0.34444444375
11 0.548509375 0.268690278125 0.5517601562500001 0.26274444375 0.5513882812500001 0.255972221875 0.55027421875 0.2544861109375 0.54665234375 0.2521736109375 0.54284453125 0.25399027812499997 0.54200859375 0.260597221875 0.5449804687500001 0.2670388890625 0.548509375 0.268690278125
11 0.5393148437499999 0.3068458328125 0.5423796875 0.3055236109375 0.54433046875 0.30073333281250003 0.54395859375 0.294952778125 0.5421945312500001 0.29214444375 0.539965625 0.2901625 0.53569296875 0.2906583328125 0.5343 0.2975958328125 0.53699296875 0.3045333328125 0.5393148437499999 0.3068458328125
11 0.5538031250000001 0.33459444375 0.5565890625 0.3342638890625 0.5587257812499999 0.3293083328125 0.5579828124999999 0.324352778125 0.556496875 0.32022361093749996 0.554825 0.3197291671875 0.55083125 0.32055416718749996 0.5494382812499999 0.32600555625 0.55055234375 0.33145555625 0.5538031250000001 0.33459444375
11 0.57265625 0.3274916671875 0.576278125 0.327822221875 0.5791578125 0.3225361109375 0.5797148437499999 0.3179111109375 0.57934296875 0.3147736109375 0.57739296875 0.3124611109375 0.57578828125 0.31053194375 0.5728421875 0.311965278125 0.57005625 0.3156 0.57061328125 0.3233625 0.57265625 0.3274916671875
11 0.5800859375 0.290327778125 0.58380078125 0.29165 0.5864015625000001 0.28933749999999997 0.58798046875 0.28273055625 0.58714453125 0.277940278125 0.58528671875 0.2761236109375 0.58315078125 0.274802778125 0.58064375 0.27595833281250004 0.57906484375 0.27744444375 0.5780429687499999 0.284547221875 0.5800859375 0.290327778125
10 0.565690625 0.259772221875 0.56810546875 0.2607625 0.5710773437500001 0.2599361109375 0.5734921875000001 0.255147221875 0.5732132812499999 0.248375 0.5718203125 0.2465583328125 0.5684773437499999 0.24375 0.565040625 0.24507083281250003 0.5639265625000001 0.25002638906249997 0.5639265625000001 0.25646805625 0.565690625 0.259772221875
8 0.45982031250000005 0.3226416671875 0.46171562499999996 0.3364013890625 0.46329453125000003 0.34707222187500003 0.465346875 0.35970833281250003 0.46771484374999994 0.37065972187499996 0.47245156250000003 0.38385694375 0.47608359375 0.39256250000000004 0.4781359375 0.40126805625 0.48129375 0.40744444375000005 0.4877671875 0.4175541671875 0.49297812499999993 0.42597777812500004 0.499609375 0.43524444375 0.506240625 0.44423055624999996 0.51429375 0.4509708328125 0.5247140625 0.4607986109375 0.536871875 0.46725694375 0.55360859375 0.469784721875 0.56592421875 0.4728736109375 0.5742921875 0.4723111109375 0.582503125 0.47062638906250004 0.60034453125 0.46332500000000004 0.6090289062500001 0.4568666671875 0.61345 0.4481625 0.6121867187500001 0.4453541671875 0.60808125 0.4372111109375 0.6038187500000001 0.42654027812499995 0.60145 0.410252778125 0.60145 0.39593194375 0.60223984375 0.390315278125 0.60666015625 0.37290555625 0.6102921875 0.3577416671875 0.61534453125 0.3490375 0.620396875 0.3380861109375 0.62466015625 0.32151805625 0.6262390625 0.29793055625 0.626396875 0.27321944375 0.6265546875 0.263672221875 0.6229234375 0.247384721875 0.6172390625 0.22548194375000002 0.613765625 0.2148111109375 0.6068179687499999 0.20357916718750002 0.5992398437500001 0.194875 0.5918187500000001 0.1878541671875 0.5812398437499999 0.1777458328125 0.5742921875 0.17521805625 0.56545078125 0.1701638890625 0.55881875 0.1701638890625 0.54745078125 0.173252778125 0.5430296875 0.17606111093750001 0.53750390625 0.17915 0.530871875 0.18280000000000002 0.5221882812499999 0.1934708328125 0.5144515625 0.1990861109375 0.5049781249999999 0.20189444375 0.49708281249999997 0.20049027812500003 0.49076718750000003 0.1929083328125 0.48524140625 0.18616944375 0.48239921875 0.1785875 0.47924140625 0.17943055624999998 0.4751359375 0.18981944374999998 0.47276796875000004 0.1974013890625 0.46803125 0.2049833328125 0.46676796875 0.2114416671875 0.4656625 0.216777778125 0.4588734375 0.2813625 0.456978125 0.28894444375 0.4588734375 0.3004583328125 0.45934687500000004 0.3091625 0.45982031250000005 0.3226416671875