2 0.7499968671875 1 0.7635739125 0.8125926296875001 0.778692359375 0.5320613437499999 0.7497875046875 0.49281443593749996 0.6679814796875 0.476574740625 0.3104375171875 0.43349677187499996 0.29253990937499996 0.43467777500000004 0.268804246875 0.4649731859375 0.2963563171875 0.9697341343750001 0.2983699234375 0.9808747375 0.305791290625 0.9906887390625 0.386109325 1 0.7499968671875 1
8 0.35825514687500004 0.6883585437499999 0.359544684375 0.700880346875 0.354374153125 0.7272232546875 0.35601401250000003 0.767541965625 0.367360540625 0.816311678125 0.39610679531250004 0.8708427921874999 0.4308607453125 0.9004303968749999 0.470061159375 0.9050562921875 0.4907984953125 0.8969601875000001 0.533484075 0.8529892703125 0.5684531703125 0.8686829703125 0.5767117015625 0.8798963734375 0.58512883125 0.875825571875 0.59124961875 0.8536626640625 0.587505140625 0.838332959375 0.5966587203125 0.7564508328125 0.601116225 0.75094423125 0.5969648765625 0.7064273171875 0.581036709375 0.6409285015624999 0.5478784546875 0.5738391828125 0.5216547265625 0.5429613765625 0.48533954531249995 0.5133555734375 0.4402224484375 0.497543575 0.3875364265625 0.5066568828125 0.3498062328125 0.5381787984375 0.34719269218750004 0.5506551015625 0.3612548125 0.57027400625 0.3732123140625 0.61488191875 0.36927477343750004 0.6523563296875 0.35825514687500004 0.6883585437499999
9 0.4771914296875 0.6966932296875 0.46162462812499994 0.6784464265625 0.429562846875 0.6766830296874999 0.40449214062500005 0.71252144375 0.397760378125 0.738846153125 0.398393434375 0.7735945625 0.40666300624999996 0.8042630703125001 0.4225125453125 0.829461375 0.43935784531250005 0.8407748796875 0.45586386250000005 0.8437465765625 0.47431589843750005 0.8370134734375 0.49058468906249997 0.8149688640624999 0.49742954531250005 0.7914247578125 0.4952242171875 0.7372030406250001 0.4771914296875 0.6966932296875
10 0.475709584375 1 0.5102559953125 0.991682615625 0.5738595921874999 0.9632415984374999 0.5791887234375 0.9216144843749999 0.5772206234375 0.8924090765624999 0.562208246875 0.8686101703125001 0.5268543640625001 0.8626394734374999 0.49453193281249996 0.8928347859375 0.49024406875000004 0.9025122906249999 0.46549056093749996 0.9077822953125001 0.4498782515625 0.907600296875 0.39627643749999997 0.87501369375 0.3686500765625 0.8288334828125 0.351613053125 0.77443886875 0.35018834062500004 0.720226253125 0.35574365937499997 0.684160340625 0.3677700890625 0.6537284296875 0.37025949375 0.6190164203124999 0.36589299999999997 0.5883934125 0.34658171875 0.5548169015625 0.33860592343749996 0.550555003125 0.30382855000000003 0.5779424140625 0.30801436249999997 0.5849394171875 0.30857983125 0.5988424218749999 0.297944990625 0.6251216312500001 0.2904546953125 0.69034745 0.290091990625 0.7389806671875 0.2941302453125 0.780716978125 0.3232144421875 0.9394751234375001 0.3382612828125 0.9257541171874999 0.3512035046875 0.9370221187500001 0.36218866875 0.9385398171875 0.382778446875 0.9651830234375 0.411785353125 0.9877554249999999 0.45764947500000003 1 0.475709584375 1
0 0.503630303125 0.71367713125 0.522330609375 0.751415440625 0.573940903125 0.8117716515625 0.61166975625 0.8761349671875 0.6296915000000001 0.8971896703125 0.6497613140625 0.8918650671874999 0.6673541046875 0.8448223499999999 0.6695718171875 0.8226139437500001 0.603242925 0.7648654359375 0.5474689046875 0.7364224328125 0.5254875359375 0.7139319296875 0.503630303125 0.71367713125
1 0.6475104796875 0.8557081562500001 0.6506219 0.83628945 0.6380644640625001 0.8152984453125001 0.6247374531250001 0.813753446875 0.6123717421875 0.8358435546875 0.61472463125 0.8553259609375001 0.62387686875 0.8693290640625 0.637927946875 0.8694928609374999 0.6475104796875 0.8557081562500001
5 0.672941209375 0.9630069859375 0.7054332828125001 0.936982575 0.7127870625 0.9259511703125 0.7202773578125 0.8607253484375 0.72070765 0.8329375406249999 0.7055366734375 0.824422840625 0.6908180749999999 0.8270305421874999 0.68507103125 0.8200153406249999 0.67655185 0.8407606484375 0.6762236109375 0.8518739515625 0.659683128125 0.8864221640625001 0.642294440625 0.9001158703125001 0.617427840625 0.9026052734375 0.606510265625 0.92193298125 0.6046207953125 0.933028084375 0.6090548765625 0.9844965 0.6172003140625 0.9929293031249999 0.631251390625 0.9930931 0.6461285906249999 0.9752011921875001 0.672941209375 0.9630069859375
11 0.7183919046875 0.584164765625 0.7186070515625 0.5702708609375 0.7134709828125 0.559093859375 0.70560828125 0.557612559375 0.7019879390625 0.5645185625 0.701105271875 0.58118396875 0.7045104671875 0.58817186875 0.7147150156250001 0.58968046875 0.7183919046875 0.584164765625
11 0.632953159375 0.651261196875 0.6316070734375 0.6373490937499999 0.6196716531249999 0.6316513921875 0.6182345578125 0.6538689 0.6293328140625001 0.6581671984375 0.632953159375 0.651261196875
11 0.5521830421875 0.986612809375 0.560328478125 0.9950456093750001 0.571585334375 0.9840597046875 0.569458634375 0.9701385 0.5621503609375 0.9631050999999999 0.5508935046875 0.9740910046875 0.5521830421875 0.986612809375
11 0.34657635937500003 0.9383578203124999 0.3399921546875 0.9299432171875001 0.3307378609375 0.93261461875 0.329131125 0.9506612249999999 0.3381137234375 0.9604934265624999 0.34430210156249996 0.9591759265625001 0.34937058125 0.949507521875 0.34657635937500003 0.9383578203124999
11 0.2926737453125 0.572253815625 0.2844828046875 0.58188581875 0.2850482734375 0.595788821875 0.2901277953125 0.6055755265625 0.299664821875 0.609855625 0.306351078125 0.601595721875 0.303772003125 0.5765521171875 0.2926737453125 0.572253815625
7 0.71145931875 0.6608199390625 0.7129670406249999 0.603199365625 0.7156957515625 0.5629760484374999 0.6757471546875 0.5529037640625 0.6428312046875 0.551605665625 0.624388928125 0.5463587875 0.61788960625 0.56961231875 0.6181014234375 0.6190193140625 0.6163708296875 0.6395838953124999 0.6186377125 0.6574505359375 0.6357980578125 0.6644626 0.6741841546875 0.6722793499999999 0.7080009125 0.67679106875 0.71145931875 0.6608199390625
11 0.4523248296875 0.699182634375 0.45003952968750005 0.700545634375 0.4478673234375 0.704689234375 0.448263153125 0.714421340625 0.450050571875 0.7200007390625001 0.4556279734375 0.722845040625 0.45936141093750005 0.7187196390625 0.4600289328125 0.7159481390625 0.459633103125 0.7062160343749999 0.45784568437499995 0.700636634375 0.455447290625 0.699219034375 0.4523248296875 0.699182634375
11 0.47654599218750004 0.7383749421875 0.4735931703125 0.74250944375 0.47303874375 0.748061546875 0.4749392546875 0.756421546875 0.47577641875000004 0.7578209484375 0.4805732046875 0.7606561484375 0.484306640625 0.756530746875 0.48497416250000003 0.753759246875 0.48463487968749996 0.7454174421875 0.482904009375 0.7412283421875 0.47966845312500006 0.7384113421875 0.47654599218750004 0.7383749421875
11 0.4754592203125 0.788389359375 0.4699949109375 0.788325659375 0.46849022656250006 0.789697759375 0.46715518281249996 0.795240759375 0.467494465625 0.8035825640625 0.468388175 0.8063722640625001 0.4700624984375 0.8091710640625 0.4732415078125 0.810597765625 0.47781210625000003 0.8078717624999999 0.47926024375000004 0.8051093625 0.47880786718749996 0.793986959375 0.477076996875 0.789797859375 0.4754592203125 0.788389359375
11 0.43643948750000006 0.80738946875 0.43672222187500004 0.814340971875 0.438509640625 0.8199203718750001 0.4433064265625 0.8227555734375 0.44865764218750004 0.8200386703125 0.4493251640625 0.8172671703125 0.44898588281249996 0.8089253671875 0.4464178484375 0.8033368671875 0.44240167656249996 0.8005107656250001 0.437887625 0.804627065625 0.43643948750000006 0.80738946875
11 0.41294239375 0.7668159578125 0.41160735156249995 0.7723589609375 0.41194663125000003 0.7807007625 0.4144581203125 0.7848989640624999 0.419198359375 0.7863438640625 0.42226427343750006 0.7849899625 0.42365586562499996 0.7808372609374999 0.42421029218750006 0.7752851609375 0.42236632656250006 0.7683154578125 0.41985484062499995 0.7641172578125001 0.415171146875 0.7640626593750001 0.41294239375 0.7668159578125
11 0.41938038125 0.7140846421875 0.41732126875000003 0.72100884375 0.417604003125 0.7279603484375 0.4186108078125 0.7335306484374999 0.421065746875 0.7363385499999999 0.42496882343750003 0.7363840484375 0.4279216453125 0.732249546875 0.42858916718750006 0.7294780453125 0.4281933390625 0.7197459421875 0.4272996296875 0.7169562421875 0.42406407343749997 0.7141392421874999 0.41938038125 0.7140846421875