2 0.684721359375 0.652563140625 0.658906953125 0.37237305468750004 0.65331909375 0.36344100468749996 0.62899665625 0.36535453281249997 0.403965978125 0.34267102656250004 0.3549640609375 0.3400998859375 0.3316556640625 0.335864365625 0.3226686390625 0.3389812609375 0.322679275 0.3817330671875 0.333208628125 0.4548962125 0.34477328906250004 0.6074139203125 0.34662816875 0.6132926328125 0.354347640625 0.617862046875 0.42615093281250005 0.62774323125 0.684721359375 0.652563140625
5 0.3839134859375 0.56702648125 0.3715272984375 0.582192321875 0.379223546875 0.5954658203125 0.485810915625 0.6085011890625001 0.5121382109375 0.6029936578124999 0.512795209375 0.590446415625 0.5057095140625 0.5820338484375001 0.49786328593749996 0.5782330671875 0.4615813734375 0.5755983671875 0.45449567812499997 0.5671858000000001 0.4312105046875 0.5542461921874999 0.4278577875 0.5488869640625 0.4338955859375 0.529400859375 0.40151986093750003 0.511642690625 0.3919222828125 0.5098986531249999 0.3805501359375 0.518915446875 0.360214190625 0.5223450484375001 0.3637507453125 0.552279278125 0.3839134859375 0.56702648125
0 0.489890303125 0.575200915625 0.503140553125 0.563358746875 0.505572125 0.5400506734375 0.5353682562500001 0.4963819359375 0.5326493171875 0.48717955156250004 0.5168068828125 0.48905070625 0.5027961015625 0.505504659375 0.4645664140625 0.531807596875 0.4474564296875 0.541365059375 0.4299894015625 0.5445243265624999 0.43146401562500003 0.55270893125 0.45487594218750005 0.5648799078125 0.461834884375 0.5740611046875 0.489890303125 0.575200915625
1 0.48132999375 0.5586037453125 0.48247078906249996 0.551686065625 0.4696472546875 0.54381416875 0.4566737390625 0.5454149890625 0.4526640234375 0.5526030000000001 0.45726106718750004 0.558980009375 0.4679762140625 0.5625104578125 0.48132999375 0.5586037453125
7 0.58692654375 0.569084071875 0.5550113890625 0.5656595546875 0.541380875 0.5798076156249999 0.525158175 0.5839846625 0.5235103578125 0.5939768625 0.527980646875 0.601122503125 0.62359935625 0.6121646843749999 0.6356285015625 0.5906006484375 0.6336700937499999 0.5767864796875 0.6116292453125001 0.5648646515625 0.58692654375 0.569084071875
9 0.5506930375 0.4548335 0.5408883999999999 0.43721854843749997 0.51498781875 0.4230120140625 0.47347508749999995 0.41784345937499995 0.4632437359375 0.41994257656249995 0.44562673124999996 0.4325745625 0.44382893437500004 0.4520394796875 0.45203220312500003 0.46223845625 0.4714576390625 0.47289335781249997 0.5139611859375 0.480616953125 0.5344238890625 0.4764187203125 0.547420628125 0.46611381406249996 0.5506930375 0.4548335
11 0.544687140625 0.6025750203125 0.5457011828125 0.5964259734375 0.5322438703125 0.5923972296875 0.5272433390625 0.5970302000000001 0.52947848125 0.60060301875 0.544687140625 0.6025750203125
11 0.6115024921875001 0.5656332828124999 0.6094976359375 0.5692272890625001 0.6143481875 0.5740670359375 0.622447925 0.5763305562500001 0.6298103562499999 0.5745017734375 0.6280822328125 0.56785443125 0.6115024921875001 0.5656332828124999
8 0.5431769109375 0.37209014375 0.51721501875 0.364129784375 0.4894546046875 0.3595483828125 0.44770583437499994 0.35960466874999997 0.43318116093750003 0.359975996875 0.40597581875 0.36707434375000003 0.3885463921875 0.3750236796875 0.3776133921875 0.383689609375 0.35896176875 0.3990587875 0.3534964171875 0.40964452500000004 0.348709515625 0.42614377968749995 0.3490566453125 0.44658588281249995 0.3518015546875 0.457506146875 0.36321901562500003 0.47347617968750005 0.37457603906250003 0.48480320312499997 0.39237589375000004 0.5021641875 0.4311520421875 0.5226426203125001 0.44916327031250003 0.5286943 0.462990853125 0.5300495859375001 0.49023083281249996 0.5377782828125001 0.5024172375 0.5390665046875001 0.5084799515625 0.5392189953125001 0.5231758765625 0.5409861968749999 0.5435788374999999 0.5400617234375 0.567814315625 0.5384443125 0.593587221875 0.5350226140625 0.614441265625 0.5288537921875001 0.6310498578125 0.51334531875 0.644077984375 0.499501834375 0.652371196875 0.48178723906250004 0.6547071671875 0.46762214062499996 0.6529943390625 0.45295247656250004 0.6456689859375 0.434715346875 0.6300618359375 0.41659460781249996 0.613963725 0.40394292812500004 0.5961131453124999 0.39189904375 0.5651581109375 0.381641975 0.5431769109375 0.37209014375
11 0.5382155140625 0.44566835625 0.533285453125 0.44066849531249996 0.5259425156249999 0.4397244515625 0.5208428281249999 0.44104528906249996 0.5207432921875 0.44376398593750005 0.5239821874999999 0.4473814546875 0.5299529109375001 0.44924780625 0.5382155140625 0.44566835625
11 0.4931058453125 0.43053303906249996 0.49557699062499994 0.43352253906250005 0.5026417671875001 0.43510003125 0.5091273937499999 0.4338355015625 0.5094024265625 0.4289993265625 0.5033569828125 0.4265327734375 0.49752160156249997 0.42596084687499997 0.49402339375000004 0.42708424218749996 0.4931058453125 0.43053303906249996
11 0.4643285875 0.42950589062500005 0.46387829375 0.43118314375000005 0.462913846875 0.434916334375 0.4667260203125 0.43717260625 0.47340736093749997 0.437898259375 0.47739865000000004 0.4369618375 0.4787764734375 0.4338903890625 0.47479989375000003 0.42945408125 0.46818117031249995 0.42834872500000004 0.4643285875 0.42950589062500005
11 0.47392629062499997 0.45167251718749996 0.47088385781250003 0.4489702875 0.4652340828125 0.4483347125 0.45873498437500004 0.44861908906250003 0.4558337625 0.4514145046875 0.4572576265625 0.4544092375 0.4570597921875 0.4534937484375 0.4590705375 0.45610666875000005 0.46508466875 0.458763071875 0.4712125578125 0.4586059890625 0.47517802187499997 0.45571104843750004 0.47392629062499997 0.45167251718749996
11 0.49480281875000004 0.46465180625 0.49007508906249997 0.46477040625 0.48750254374999996 0.4655727625 0.48628313125 0.4666217953125 0.4830879265625 0.46798866875 0.48654807812499995 0.4713605515625 0.49293429531250005 0.4728139484375 0.4984957578125 0.4718699375 0.49980896875 0.47025211875000006 0.499154975 0.4668106609375 0.49480281875000004 0.46465180625
11 0.5299963421875 0.46166661875 0.5253348484375 0.46033030156250004 0.5204371015625 0.46041800468750005 0.5181561875 0.4615670640625 0.5179371546875 0.46289525625000005 0.5179907984375001 0.46573837031250004 0.5198628359375 0.4681305453125 0.5252051390625 0.468515496875 0.528534703125 0.46736145625000003 0.5310516125 0.4647899125 0.5299963421875 0.46166661875
11 0.3918878890625 0.584342096875 0.38540720156249997 0.5830077 0.3823960375 0.5843375578125001 0.3817948375 0.5879831734375001 0.38240339687499997 0.591066459375 0.389421571875 0.5942196046875 0.3984457671875 0.5936689140625 0.4006940765625 0.5918869359375 0.39816693281250004 0.5868906828125 0.3918878890625 0.584342096875