2 0.5203041515625 0 0.502352178125 0.013810349999999999 0.3109527125 0.189211871875 0.161201128125 0.31611878125000004 0.047724034375 0.42359515468750003 0.0420618765625 0.434041440625 0.043888709375 0.44292740625000004 0.0694164078125 0.481625028125 0.08329160937499999 0.542586709375 0.157605721875 0.7639805468749999 0.1713344 0.7892095328125001 0.1795037421875 0.8277591890625 0.17774031562499998 0.8417368890624999 0.1813108671875 0.846639796875 0.193149303125 0.8401191484374999 0.20250454687500002 0.8274555124999999 0.43040385781249996 0.6283775828125 0.56885083125 0.5123686000000001 0.5873359609375 0.491287203125 0.6254569921875001 0.47074799218749996 0.5795139875 0 0.5203041515625 0
5 0.25836095625 0.3957810625 0.277150275 0.3304752234375 0.2717331796875 0.32668099375000004 0.271424709375 0.318057840625 0.25232263593750004 0.32189293124999996 0.2414884453125 0.314304471875 0.23793760156250002 0.29940692343749997 0.232623328125 0.298487078125 0.1840399875 0.342924646875 0.1675676296875 0.388635421875 0.15581230937499999 0.4080250953125 0.1303283109375 0.40218578125000004 0.11608979999999999 0.415432465625 0.10821350468749999 0.44834820000000003 0.1368653265625 0.5532880671875 0.143678253125 0.56446536875 0.1452797328125 0.5775972078125 0.1707243140625 0.6034258046875001 0.21126512968750003 0.566165915625 0.2122693734375 0.5520568078125 0.2080424640625 0.549896878125 0.20676916250000002 0.53539355 0.196037796875 0.5306794734375 0.19466167343750002 0.5133017609375 0.20469298125000002 0.48790050625000003 0.2196666828125 0.43193227656250005 0.24020400468749997 0.415490971875 0.2471788796875 0.39955873125 0.25836095625 0.3957810625
7 0.1994309765625 0.6255341546875 0.2000479203125 0.6427804625 0.221945940625 0.706559103125 0.2302969375 0.7080045765625 0.2544048109375 0.6964661765625 0.2827593046875 0.677093065625 0.2768083828125 0.6689215546875 0.2795563453125 0.6508293875 0.2950878671875 0.6420913890625 0.28511568125000003 0.63750871875 0.2791696859375 0.6268385484375 0.264941671875 0.57974165625 0.24389023281250002 0.581811040625 0.2235388515625 0.61399575625 0.210304584375 0.6131333328124999 0.1994309765625 0.6255341546875
9 0.4016954828125 0.33203662500000003 0.390371165625 0.3529291921875 0.38062861875 0.3969482421875 0.384120340625 0.44182971562500006 0.412067821875 0.463806659375 0.42682045312500005 0.46493189687500003 0.4435421578125 0.45782819999999996 0.4659457296875 0.43028357812499995 0.47977294531250003 0.40553935625 0.4853519890625 0.3822240453125 0.4872773640625 0.341136803125 0.4827813984375 0.3103644375 0.4753318203125 0.291935471875 0.4651539890625 0.2816040328125 0.445415265625 0.2781874609375 0.420548209375 0.289594453125 0.4083618859375 0.3074812328125 0.4016954828125 0.33203662500000003
0 0.20883677656250002 0.47719140781249997 0.2081212953125 0.5099183109375 0.2203513171875 0.5248898421875 0.2182597125 0.540239034375 0.23137144843750002 0.5482217140625 0.24624660937499998 0.54222669375 0.2480100359375 0.5282489906250001 0.2728968 0.506847359375 0.375915865625 0.47611693749999995 0.38385556875 0.4660648734375 0.3793398953125 0.44528714843749995 0.3421202859375 0.44884286875 0.2552453984375 0.435234003125 0.23302348281250002 0.42567444375 0.219441328125 0.43617815000000004 0.20883677656250002 0.47719140781249997
1 0.22467676875000003 0.4770765625 0.22030761718749997 0.49203153437499997 0.227429015625 0.5118319875 0.240663284375 0.5126944109375 0.25186506875000003 0.49892210156249994 0.25580321562499997 0.48246423437499997 0.2507340078125 0.4673038734375 0.2381561 0.463698471875 0.22467676875000003 0.4770765625
11 0.301469790625 0.65176579375 0.29465686406249997 0.6405884921875 0.29237931875 0.6401942734375 0.28608050937499996 0.64338889375 0.281074709375 0.6510922 0.2787774578125 0.6606926203125 0.28331283749999997 0.6714757046875001 0.2893862921875 0.67252695625 0.29699781718749996 0.6638463796875 0.301469790625 0.65176579375
11 0.20133664375000002 0.594441553125 0.19372511875 0.6031221312499999 0.1921870484375 0.612853959375 0.195429421875 0.619128353125 0.2030212390625 0.6204424203125 0.2083552171875 0.611367625 0.20359448125 0.6048304156250001 0.202095825 0.5945729609375 0.20133664375000002 0.594441553125
11 0.40600979375 0.3999131703125 0.40276742031249996 0.39363877812500003 0.39821232812499996 0.3928503375 0.3903754484375 0.40577678749999996 0.3976193796875 0.41845698281250004 0.4051280796875 0.40690202343750004 0.40600979375 0.3999131703125
11 0.4190821140625 0.4278851375 0.415389028125 0.4301024875 0.41233259375 0.4395715015625 0.4144876078125 0.44708597968749997 0.41904269687499995 0.4478744203125 0.42372031874999994 0.4415426015625 0.42568939375000003 0.43331366875 0.422878021875 0.42854216875000006 0.4190821140625 0.4278851375
11 0.4601173375 0.414991809375 0.45687496406249994 0.40871741562499997 0.4538382375 0.40819178906250003 0.45123251406250003 0.4091690578125 0.44795072343750003 0.42288394531250006 0.454558003125 0.42831247968749997 0.4601173375 0.414991809375
11 0.47552204375 0.360526475 0.47303885156250003 0.3543834875 0.4684837609375 0.3535950484375 0.464114609375 0.36855001875000004 0.46953170625 0.3723442484375 0.47355296874999997 0.368755409375 0.47552204375 0.360526475
11 0.4143607734375 0.3363341625 0.4087447359375 0.34193223125 0.407129640625 0.3567240265625 0.41128580625 0.3616940171875 0.41771816250000005 0.3589424296875 0.42255162031250004 0.3485726640625 0.42098091562500006 0.3417320703125 0.4149490359375 0.3356632765625 0.4143607734375 0.3363341625
11 0.4554454953125 0.317706234375 0.44850037499999995 0.31519293125000003 0.443262075 0.3227874375 0.44296773749999996 0.3374222015625 0.44712977968749995 0.33968802187499997 0.45706895937500003 0.32942786874999996 0.4580123109375 0.32727303281250003 0.45626993593750004 0.31847024375 0.4554454953125 0.317706234375
8 0.5820056250000001 0.215216728125 0.5737891312500001 0.1865484140625 0.5592432421875 0.15072858125 0.546557334375 0.126735596875 0.5018135609375001 0.10930279218750001 0.46247819375 0.10007185468749999 0.4226474984375 0.10831462031250001 0.388711184375 0.1339258875 0.3681040375 0.1612387015625 0.34279278125 0.19560860625 0.3158294140625 0.2508855609375 0.295031259375 0.30420024687499997 0.281188625 0.3508489609375 0.273040715625 0.40030016562500004 0.27284970625 0.4263020328125 0.27309295625 0.4420867859375 0.28569086875 0.5084491437499999 0.2881167546875 0.5361165906250001 0.300471653125 0.56429145625 0.3362944984375 0.5826010968750001 0.3575101484375 0.5947502296875 0.386098328125 0.598487359375 0.40623583906249994 0.5983408078125 0.442172375 0.5839736375 0.46251812968749995 0.5717526296875 0.48845527187500004 0.54596798125 0.5133138453125 0.50788614375 0.5464334109375 0.4548873828125 0.5643968796875 0.41621766875 0.5899261640625 0.3431344796875 0.594604059375 0.3039819578125 0.5893181328125 0.2588670515625 0.5820056250000001 0.215216728125
11 0.13798353593749998 0.426363515625 0.1332227984375 0.41982630781249997 0.1309452546875 0.4194320875 0.1261648078125 0.4228895203125 0.1185335765625 0.4415647390625 0.1179800421875 0.44718210156250005 0.12729586875 0.45450774687499995 0.1328354953125 0.451181721875 0.13829200625 0.43498666874999997 0.13798353593749998 0.426363515625