2 0.47649099531249994 0.710460246875 0.4769755703125 0.7021675140625 0.6118954484375 0.5285733031250001 0.6561418828125001 0.48314766875000004 0.6640500953124999 0.4686797359375 0.6646430718749999 0.44510194375 0.633718078125 0.3431307609375 0.5615711296875 0.06023700625 0.5481520875 0.02128545 0.517460384375 0.0180701140625 0.43872082343749996 0.01532046875 0.0717723953125 0.46503583437499996 0.047671584375 0.5014473046875 0.0356743 0.5321738546875 0.027576921875 0.56330896875 0.032282290625 0.59022299375 0.27898130625 0.9345113125 0.290357975 0.9412654921874999 0.47649099531249994 0.710460246875
10 0.39612142499999997 0.2862561671875 0.433562675 0.2498516875 0.4883505140625 0.238904390625 0.521619771875 0.26046733906249997 0.5465770046875 0.303408828125 0.5609630343750001 0.36610160468749997 0.5588610578125001 0.4423634703125 0.570747778125 0.4672486671875 0.5797037390625001 0.4751398296875 0.599284028125 0.4758005234375 0.61935105 0.427841796875 0.6154787859375 0.413530296875 0.6161525250000001 0.38857038125 0.62233925 0.37670326875 0.6112877921875 0.3240939140625 0.6110476640625 0.2879135953125 0.61559366875 0.277265178125 0.5272243234375 0.0705445859375 0.5019164 0.047034521875 0.4865314234375 0.0551568375 0.4829247671875 0.1034494078125 0.4669744578125 0.1212465796875 0.4446780546875 0.113348425 0.4285938609375 0.12000690624999999 0.396102425 0.13885235625 0.3626418421875 0.174283278125 0.3456692640625 0.1961451046875 0.318259365625 0.24889690781249998 0.297384721875 0.310676859375 0.27430617968750004 0.3430236765625 0.2655648625 0.3448890828125 0.27833996875 0.35457093125 0.28127072656249996 0.3715649640625 0.2765632 0.3849776234375 0.2615543953125 0.40009226406250004 0.26152675468750003 0.4139952015625 0.2737896453125 0.445872721875 0.285837890625 0.46799367031249994 0.3204801046875 0.46606053750000004 0.343074075 0.44200645468750005 0.355152121875 0.40989778125000004 0.358678015625 0.36298733437499997 0.36360018906249997 0.3593312421875 0.3671515640625 0.33884454375 0.3748174921875 0.328522978125 0.377185075 0.31486518124999996 0.39612142499999997 0.2862561671875
5 0.236860609375 0.4600815296875 0.2314815046875 0.4581274171875 0.2080034703125 0.4167314765625 0.1859748359375 0.4311107015625 0.16913398125 0.5044379078125 0.15304762656249998 0.551423075 0.14876939218750002 0.584348875 0.14156039843749998 0.6002806406250001 0.1428227921875 0.6323963078125 0.1589324671875 0.6521615749999999 0.17678910781249998 0.695749775 0.1900211453125 0.7110418265625 0.228780071875 0.6789471390624999 0.23082460781249997 0.6708178296875 0.22706074531249998 0.641221271875 0.21719091875 0.622109703125 0.21668086562500002 0.6039786890625 0.2223044171875 0.5614597453125 0.2316918296875 0.548537359375 0.24463061874999997 0.515128278125 0.246111978125 0.476347140625 0.236860609375 0.4600815296875
0 0.2551400625 0.6441629265625 0.2738596078125 0.6461240312500001 0.32924042187499997 0.611598940625 0.369720834375 0.5769034343749999 0.40837135625 0.5600938046875 0.42620467812499996 0.53693156875 0.4266084890625 0.53002095625 0.415931040625 0.5247306140625 0.30745839531249997 0.5411784265625 0.254096634375 0.5411504578125 0.2333049140625 0.5612216 0.2272520703125 0.584227403125 0.231768271875 0.6278086109375 0.2551400625 0.6441629265625
9 0.4215269515625 0.49611460625000003 0.4408373140625 0.514824603125 0.46439826875 0.5145117375 0.485727684375 0.49866867499999995 0.5058478265625 0.46323076093750004 0.5134882734375 0.426485446875 0.513167384375 0.39168725000000004 0.5032444375 0.36005486875 0.48371942968750004 0.331588303125 0.4538378625 0.3326295875 0.43767290625 0.34067019374999996 0.419758825 0.3652145515625 0.405366315625 0.42350183750000003 0.40461181562500004 0.449843875 0.4215269515625 0.49611460625000003
11 0.49664353749999995 0.0701220390625 0.4945713609375 0.0921542828125 0.49868591249999994 0.102319415625 0.5078841609375 0.1060642125 0.5144470578125 0.1011894234375 0.5196391578124999 0.0794840296875 0.515067675 0.06370869375 0.5059501890625 0.0585817765625 0.49664353749999995 0.0701220390625
11 0.25445596406250004 0.360412284375 0.25394375 0.3826079578125 0.2603174828125 0.39440035 0.2681172921875 0.3952174765625 0.2791454296875 0.3810763953125 0.2793345953125 0.36440921249999997 0.2714816625 0.3510712734375 0.261261146875 0.35139112968749997 0.25445596406250004 0.360412284375
11 0.622256328125 0.4184120765625 0.6293569203125 0.41776536875000003 0.636323628125 0.40597996875 0.63215595625 0.3832940234375 0.6242753828125001 0.38385902031249997 0.6182501796875 0.3929618875 0.6166625781249999 0.40670139843750003 0.622256328125 0.4184120765625
11 0.2967381859375 0.832077825 0.3070394640625 0.8303758437500001 0.311585465625 0.8197274296874999 0.30623400156249997 0.80387038125 0.300774134375 0.8032983921874999 0.2939689515625 0.8123195484375 0.29324209218749997 0.82475865 0.2967381859375 0.832077825
11 0.3376288890625 0.669491646875 0.33074294375 0.6798949249999999 0.3310383515625 0.6882693718749999 0.3359328828125 0.6985162171875 0.3431142375 0.696487384375 0.3482786953125 0.6886849265625 0.34892479375 0.6776279484375001 0.3438687375 0.6701453484375001 0.3376288890625 0.669491646875
1 0.25331449375 0.58139543125 0.250247690625 0.5935893953125 0.252426109375 0.596598778125 0.2519415359375 0.6048915109374999 0.2606552109375 0.6169290421875 0.27485639375000004 0.615635625 0.28768678125 0.5975116015624999 0.287795184375 0.5822265421874999 0.28421832812500003 0.5762894890625 0.2802376609375 0.57726305 0.2783015265625 0.5701073 0.2721424421875 0.5680714765625 0.26668257500000003 0.5674994875 0.2627019078125 0.5684730484375 0.25331449375 0.58139543125
11 0.44676275312499997 0.35970004843750003 0.44213598750000005 0.3717305859375 0.443211378125 0.38018674531249996 0.446868996875 0.384741675 0.45240962500000004 0.383931540625 0.45617564687499995 0.3732014125 0.45510025781249996 0.36474525468749996 0.45144263906250004 0.3601903234375 0.44676275312499997 0.35970004843750003
11 0.427233425 0.4118868546875 0.42042824218749997 0.42090801093749997 0.42212208906250004 0.4322101265625 0.42577970781249996 0.43676505624999995 0.4314818609375 0.433190678125 0.4336071578125 0.423679246875 0.4317517875 0.415141375 0.42793264375 0.413350690625 0.427233425 0.4118868546875
11 0.49154040156249995 0.43948255156249993 0.497941775 0.4373720078125 0.500604765625 0.4320886578125 0.5010085765625 0.42517804375 0.49509177656250003 0.4189958546875 0.49369333906249996 0.4160681828125 0.48774889843749997 0.42378892968750004 0.49154040156249995 0.43948255156249993
11 0.48995711875000003 0.3725686890625 0.48568104375 0.3651678015625 0.48178113749999996 0.36475923906249996 0.47645515312500003 0.375325940625 0.48196814374999997 0.38841874375 0.48939178281249995 0.382243546875 0.48995711875000003 0.3725686890625
11 0.4383656453125 0.4631140859375 0.43320118750000003 0.47091654531250005 0.4328781390625 0.476445034375 0.4340342890625 0.483519071875 0.4384718890625 0.48815571562500004 0.4441740421875 0.48458133593749997 0.447778540625 0.476615453125 0.44304553281250003 0.46360436250000003 0.4383656453125 0.4631140859375
11 0.4744870609375 0.46272650000000004 0.46636420312500004 0.467437865625 0.4644004296875 0.4741850515625 0.4699134171875 0.487277853125 0.474593303125 0.4877681296875 0.47967700156250004 0.4813477921875 0.4804038609375 0.4689086921875 0.4752670421875 0.4628082125 0.4744870609375 0.46272650000000004
8 0.5068185625 0.2552553234375 0.482726625 0.2420392015625 0.4660802984375 0.23772966874999998 0.4400761453125 0.24484239843750003 0.419945834375 0.2547092015625 0.4048123265625 0.2740798671875 0.384019859375 0.3035512734375 0.37705306250000004 0.3195014625 0.369290625 0.349054415625 0.3613717703125 0.38543404375 0.3527403234375 0.417462975 0.3465260390625 0.44119026562499997 0.3317239109375 0.46316266562499997 0.3273713125 0.46741240937499995 0.3074813140625 0.47730300000000003 0.29094290312500004 0.47941953125000003 0.2836699125 0.479941103125 0.2891544234375 0.5100266312499999 0.2907498140625 0.528157321875 0.29817873125 0.5580182484375 0.31706495625 0.606616115625 0.3423230453125 0.6370627515625 0.3613017640625 0.651026709375 0.38903409375 0.668045040625 0.40433172187500005 0.6747802984375 0.41398168281250003 0.679039409375 0.4456079296875 0.6748270578125 0.4720180078125 0.6690403609375 0.49688851874999995 0.652400184375 0.5268735078125 0.6226083 0.5562135125000001 0.579062725 0.576428128125 0.5388385875 0.5958556078125 0.495539453125 0.5986197515625 0.48128631093749996 0.58616796875 0.47955492499999997 0.5727161109375001 0.47429654218749995 0.5593466015625 0.451083234375 0.5569979203125001 0.42517535781250004 0.5593328359374999 0.38521681874999997 0.5555284046875 0.3553073015625 0.547893878125 0.3207190984375 0.5392323640625001 0.295433384375 0.5242084296875 0.2716184546875 0.5068185625 0.2552553234375
7 0.2830468359375 0.8154332875 0.29743402812499997 0.8252729000000001 0.3227685609375 0.8014169250000001 0.3559423078125 0.767779009375 0.37739420625000003 0.7298830046875 0.36287541874999996 0.7003375609375 0.3479168 0.6783191515625 0.3388914140625 0.664498221875 0.3180138546875 0.6486763718749999 0.311390659375 0.6449538203125 0.31256192656250004 0.6761310296875 0.320501615625 0.7011992859375 0.30643543125 0.722449196875 0.27195800000000003 0.7491338984375 0.2597589609375 0.765464853125 0.2830468359375 0.8154332875