2 0.5689825453124999 0.6361802109375 0.57995853125 0.6341234609375 0.686203521875 0.5027248796875 0.6916241515625 0.4835228609375 0.3723051953125 0.430287715625 0.35709098125 0.4323479453125 0.329202009375 0.46129517499999995 0.2423695328125 0.5637534843750001 0.234965740625 0.5793735843750001 0.537331784375 0.6326226421875 0.5689825453124999 0.6361802109375
5 0.36911219375000004 0.4546072609375 0.3344580296875 0.4943106796875 0.33290893125 0.5112058140625 0.35644993281250004 0.517073746875 0.3668147546875 0.511177984375 0.37470747968749996 0.49862909375 0.403791346875 0.4860628109375 0.420499790625 0.4845132921875 0.4400470328125 0.49192030937500003 0.47550195625 0.47499734687500006 0.4669581375 0.4568306609375 0.3984130921875 0.4522795015625 0.3892032359375 0.44767964375 0.37673301875 0.4492256859375 0.36911219375000004 0.4546072609375
0 0.37306358125 0.5060535046875 0.3845010640625 0.5157708859375 0.42335107968749996 0.5290493140625 0.451591809375 0.5466879 0.4702834171875 0.5487203 0.4176335625 0.4842596765625 0.382206071875 0.49247971718750005 0.37306358125 0.5060535046875
1 0.41157433125000004 0.5083256046875 0.41645115937500005 0.5034582171875 0.4133678984375 0.4929660765625 0.3957763875 0.4978439 0.3955044859375 0.505011215625 0.40184810937500004 0.5093574578125 0.41157433125000004 0.5083256046875
7 0.34707546875 0.5646914140625 0.36423291875 0.5393365390625 0.342607715625 0.5188768828125 0.32739350156249997 0.5209371093749999 0.297616165625 0.55577314375 0.3066763515625 0.5683081203125 0.331589353125 0.5739189578125 0.33844934531250004 0.572633490625 0.33796041250000003 0.5695622796875 0.34707546875 0.5646914140625
9 0.56318516875 0.5376374421875 0.55464135 0.5194707546874999 0.532594578125 0.5141135296875 0.5131421359375 0.5161772375 0.49853908750000003 0.522076478125 0.480403771875 0.5412889328125 0.48086527031250004 0.5530630624999999 0.504134371875 0.5660983125 0.543800090625 0.5578747921875 0.56318516875 0.5376374421875
11 0.348814165625 0.5667377296875 0.33634394843750004 0.56828376875 0.33582758125 0.5739154796875 0.344426271875 0.574676325 0.348814165625 0.5667377296875
11 0.33724195468749996 0.5206730578125 0.32739350156249997 0.5209371093749999 0.32550513593749997 0.5268259140625 0.335353590625 0.5265618625 0.33724195468749996 0.5206730578125
11 0.3879534734375 0.448704540625 0.3744779546875 0.45281108281250004 0.37582251875 0.461256909375 0.38542650625 0.4594572546875 0.393930396875 0.45074737656249997 0.3879534734375 0.448704540625
11 0.5007568421874999 0.55108628125 0.502058696875 0.5471402390625 0.5021434359375 0.5470690109375 0.49722536406250006 0.5444972453125 0.4913287765625 0.54729904375 0.48956869843749995 0.550097446875 0.48896226406250004 0.553219725 0.4939589921875 0.5542886390625 0.4983053203125 0.553011634375 0.5007568421874999 0.55108628125
11 0.522337415625 0.5584586093749999 0.5236339203125 0.5562096375000001 0.523431425 0.552985125 0.5194973796875 0.5527426234374999 0.5166232046875 0.55374376875 0.512149171875 0.5568190515625 0.5120691374999999 0.5589167734375 0.51498245625 0.56076195625 0.519315 0.5602592625 0.522337415625 0.5584586093749999
11 0.5491695640625001 0.54529188125 0.5429930921875 0.5435576515625 0.5384971515625 0.5456344234375 0.5371766906250001 0.54773290625 0.5388820921875 0.5506528640624999 0.5418616593750001 0.551174640625 0.5458059921875 0.5499729624999999 0.5488654703125 0.5483962515624999 0.5491695640625001 0.54529188125
11 0.5419370921875 0.535193753125 0.5451111984375 0.5352157203125001 0.5528542468750001 0.5336105921875001 0.5536601640625001 0.5326111453125 0.5521160875 0.5274295796875 0.5506499828125 0.52669615625 0.5479478828125 0.5270475140624999 0.544523471875 0.5289234953124999 0.5416116796875 0.5305492328125 0.5405707359374999 0.5326728265625 0.5419370921875 0.535193753125
11 0.5306761703125 0.5224939484375 0.5286335265625 0.5183254015625 0.522946321875 0.5207028874999999 0.5197125953125 0.523776640625 0.519959753125 0.526198915625 0.52266848125 0.5276198734374999 0.5265989046875 0.527191740625 0.5296213203125 0.5253910875 0.5306761703125 0.5224939484375
11 0.5014965828125 0.5366777703125 0.5037283578125 0.5351027609375001 0.505080575 0.5322629703125 0.5041697468749999 0.530082875 0.499512065625 0.529412990625 0.4973910328125 0.5308138515625 0.49395271718749995 0.533463378125 0.494075346875 0.5368341140624999 0.497699240625 0.5370809640624999 0.5014965828125 0.5366777703125
8 0.5955432 0.4772982609375 0.5671856921875 0.4719106375 0.5323873359375 0.4686218578125 0.50649378125 0.4736969359375 0.47584486562499995 0.4814469359375 0.45190333281250006 0.49128396875 0.40759201875000006 0.52501565625 0.39430279375 0.53752571875 0.3950064828125 0.559465659375 0.40240004999999995 0.5783681734375 0.4268233921875 0.6041120359375001 0.4486522328125 0.6060412640624999 0.497952128125 0.615307271875 0.5334443390625 0.610440353125 0.5634917953125 0.6039179531250001 0.59028726875 0.5919852765625 0.6118871375 0.5774593046875001 0.6267015765624999 0.5628677421875 0.6349260250000001 0.541929753125 0.6381350718750001 0.517027615625 0.6287114375 0.4953845859375 0.615669578125 0.4835593484375 0.5955432 0.4772982609375