2 0.465539965625 0.47434617343749996 0.517514834375 0.5907336484375 0.7620379734375 0.5614426124999999 0.77416948125 0.5541931734375 0.6966937109375 0.3491068453125 0.6895445484375 0.3453218109375 0.639749265625 0.35010081406250004 0.4437553515625 0.37698084062500004 0.4357086234375 0.38259505 0.43338122500000004 0.3912372859375 0.465539965625 0.47434617343749996
1 0.6032792421875001 0.423460115625 0.60760968125 0.42651238593749996 0.6145541265625 0.4263911703125 0.6268903531250001 0.42304798125 0.6292996375000001 0.4159682453125 0.62623525625 0.41054798124999997 0.6248054234375 0.40979097500000006 0.610875590625 0.40925215625 0.60278791875 0.414085115625 0.6015218609375 0.4164531078125 0.601767521875 0.4211406078125 0.6032792421875001 0.423460115625
9 0.6061862359375 0.47892886562500003 0.5897242859375 0.48312603281250005 0.5817185015625 0.48952149218749996 0.5753063234375 0.4997989578125 0.5772274796875 0.5099309640625 0.5888299124999999 0.51911201875 0.6113796828125 0.524974128125 0.6293942968749999 0.5238777171875 0.6389936875 0.521364265625 0.64977725 0.5149203203125 0.66031515 0.5037888749999999 0.6584349390625001 0.49443811875000004 0.6525108921875 0.48750384062499996 0.6439318968750001 0.4829618 0.6284084578125 0.47854097500000004 0.6061862359375 0.47892886562500003
11 0.5477614359375 0.3986243484375 0.5505801578125 0.3993571109375 0.5547058796875 0.3985031328125 0.5600567187500001 0.394499909375 0.5585859421875 0.39296165312500003 0.55429644375 0.3906906328125 0.550129778125 0.39076336093749997 0.54739294375 0.3915930984375 0.5460859421875 0.393179840625 0.5462906609375 0.397086090625 0.5477614359375 0.3986243484375
11 0.49821500781249994 0.43467759375000004 0.5035658468750001 0.430674371875 0.5020541265625 0.4283548640625 0.49919446250000005 0.42684085156249996 0.49086112968749995 0.426986309375 0.48820618125 0.42937854687500004 0.48836995625 0.43250354687500003 0.48984073281249996 0.43404180312499996 0.4912705640625 0.434798809375 0.49821500781249994 0.43467759375000004
8 0.64444664375 0.4319335296875 0.631372625 0.431835659375 0.6305017921875 0.431850859375 0.58240928125 0.43415962812500003 0.5700255921874999 0.4361727421875 0.5565761874999999 0.439999846875 0.5417267359375 0.44483197499999994 0.5266981281249999 0.45178948124999996 0.5139390921875 0.457728353125 0.501658428125 0.4672512203125 0.49085571093749997 0.48834326250000004 0.48824552343749994 0.49949428593749995 0.491550625 0.5126643093750001 0.49778995625 0.5264368390625 0.5097564796875 0.5386393046875 0.518274825 0.5460029515625 0.5326229671875 0.5537543484375 0.5460305109375 0.5602162828125 0.55720225 0.5627972531250001 0.5824741765625 0.5683983718750001 0.60035375625 0.5715159796875 0.6230740078125 0.5727529203125 0.6430520546875 0.5715870484375001 0.659677403125 0.5673776453125 0.6808089703125 0.560476259375 0.697014375 0.5538242906249999 0.7087572265625 0.5451271828124999 0.7224379765625 0.534600075 0.7322938125 0.5231599296875 0.7372775640625 0.512948059375 0.738478221875 0.49153332968749996 0.7354224640625 0.4830945328125 0.7280548625 0.4699954203125 0.71859865625 0.46134148125 0.7083300859375 0.4538449546875 0.695202915625 0.44721547812500007 0.6865581453125 0.44295687343749995 0.6717576843749999 0.4376624859375 0.6535280078125 0.4334085390625 0.64444664375 0.4319335296875
0 0.594747575 0.4728728109375 0.610144990625 0.44836314218749995 0.6404926375 0.4173368 0.62594865 0.40507923124999995 0.6076883765625001 0.40148814218749995 0.596536321875 0.40090083749999994 0.587469196875 0.41357053906249996 0.585144990625 0.44879951875 0.5753440750000001 0.4739934640625 0.57857223125 0.48253872812500004 0.594747575 0.4728728109375
5 0.58697468125 0.37760879687500004 0.5692876171875 0.3849552078125 0.569778940625 0.3943302078125 0.571577265625 0.4021184640625 0.577214709375 0.40358399218749996 0.6173287109375 0.39975594062500003 0.6400832015625 0.4095243 0.6495629546874999 0.431253840625 0.681834946875 0.4369462484375 0.7045452984375 0.41934661562500003 0.69375854375 0.3992038171875 0.6838316046874999 0.39546726875 0.6749250609375 0.384675228125 0.6798664624999999 0.37285950625000003 0.67267635625 0.368293221875 0.58697468125 0.37760879687500004
11 0.638285296875 0.497767553125 0.6431204875 0.497161584375 0.64514379375 0.4959533203125 0.6473158109375 0.49317931406250004 0.6450475578125 0.4919153703125 0.643365309375 0.49077178750000006 0.6391733828125 0.49038907187499997 0.63552379375 0.49149513593750005 0.6336649359375001 0.49361308125000003 0.6341179140625 0.4956249890625 0.638285296875 0.497767553125
11 0.611625296875 0.4887844265625 0.6146875875 0.48970842968749995 0.6189675234375 0.48956882031250004 0.62198475625 0.4874314359375 0.62230806875 0.486969125 0.6217281859375 0.48476394218749996 0.6211577796875 0.4839066984375 0.6181624515624999 0.4830667609375 0.61354213125 0.48334289999999996 0.6108428421875 0.48488904218749995 0.6103523609375 0.48659133906249996 0.611625296875 0.4887844265625
11 0.597001765625 0.49718462499999994 0.5973858171875001 0.49567967656249995 0.5972393390625 0.49288470625 0.59420476875 0.49026145000000004 0.590653425 0.4910405 0.587476571875 0.492333803125 0.584821625 0.4947260390625 0.58519204375 0.4973907640625 0.5892236765625001 0.49914471562499996 0.5946278390625 0.49833410625 0.597001765625 0.49718462499999994
11 0.5868614578125 0.5093507078124999 0.5860524515625001 0.511580134375 0.5874147875 0.513250871875 0.5916496640625 0.5144797046875 0.59616154375 0.514336046875 0.5976056859375001 0.5131378921875 0.59841608125 0.510908440625 0.597468503125 0.5083186921875 0.5950918125 0.50718723125 0.591496084375 0.50711940625 0.588513671875 0.5076930359375 0.5868614578125 0.5093507078124999
11 0.61139105625 0.5196737734375 0.6128481578125 0.52095109375 0.6169439296875 0.5217272515625 0.619260596875 0.5216868125 0.622202065625 0.5203319343749999 0.6232164234375001 0.5197926578125001 0.6236005140625 0.517253953125 0.6221951859375 0.5157708546875 0.6191397328125 0.5149773203125 0.6147718296875 0.5156400359375 0.611962671875 0.5173179015625 0.61139105625 0.5196737734375
11 0.6355738468750001 0.5123445671875 0.638985409375 0.513328159375 0.642001928125 0.5134053125 0.644403165625 0.512776925 0.64641145 0.511308528125 0.6469224046875001 0.50999685625 0.64645575 0.5077240109375001 0.6441499937499999 0.50574444375 0.640898090625 0.5056057140625 0.6357702546875 0.5072591515625 0.6344114000000001 0.5100846484375 0.6355738468750001 0.5123445671875
7 0.5502940609375 0.39029053281250004 0.5116001640625 0.39450432812499997 0.4913042609375 0.3990483609375 0.48222425312499995 0.40274524375 0.481394496875 0.42166137656249997 0.48682014999999995 0.43041225625 0.48973551249999997 0.4354824546875 0.506158109375 0.43286867031250004 0.5152185859375 0.42879913125 0.5588081203125 0.4231963484375 0.5688932796875 0.41883758281250005 0.5622221421875 0.39669305781249997 0.5574190812500001 0.3903522734375 0.5502940609375 0.39029053281250004
11 0.6630397953125 0.3796732375 0.669609865625 0.378986940625 0.6726555234375 0.37407621406249997 0.67027351875 0.37225984375 0.6611047015625 0.3718482703125 0.6574759453125 0.37534130781249997 0.6630397953125 0.3796732375