2 0 0.6552940703125001 0.017977399999999998 0.746177040625 0.169994178125 0.8100589843750001 0.18924216875 0.8056670078125 0.41359601562500004 0.6395804546875 0.67273859375 0.4387041421875 0.6698827875 0.43153106093750004 0.35947570156249997 0.3078672421875 0.3432544375 0.3130322015625 0.3066757828125 0.338773171875 0.00611614375 0.56272285 0 0.5683688390625 0 0.6552940703125001
7 0.18547279218749999 0.750290475 0.2174460828125 0.7448525265625 0.2951652359375 0.6873758921875 0.29429203125000003 0.6756973328125 0.25950645156249996 0.6596538703125 0.19523979062500002 0.676175803125 0.1417997140625 0.7183738 0.1435896390625 0.7274225875 0.18547279218749999 0.750290475
0 0.0565853234375 0.650789040625 0.0588227296875 0.6621000234375 0.07772888125 0.670508246875 0.1301869625 0.652402515625 0.28534555781250004 0.579620171875 0.3411722015625 0.5494872265625 0.3465016078125 0.540108696875 0.07381034375 0.6143776484375 0.0573964015625 0.6330968734375 0.0565853234375 0.650789040625
9 0.33801807500000003 0.5408060125 0.3681796828125 0.533473440625 0.38911195468750004 0.52306785625 0.4099168234375 0.504754040625 0.417079671875 0.49011596874999996 0.41441654375 0.46938862343750004 0.402331403125 0.45914252656250004 0.380995165625 0.45297758593750004 0.351004478125 0.4539100578125 0.3237204359375 0.461261546875 0.2964146328125 0.47576720000000006 0.282900015625 0.48735117499999997 0.27239036250000004 0.5068622984375 0.27400936875 0.522311184375 0.28502862812499996 0.5344329859375 0.3139316765625 0.542530384375 0.33801807500000003 0.5408060125
1 0.10825408437499999 0.6432213109375 0.127352915625 0.63807526875 0.1414859359375 0.6223533921875 0.13711676718750002 0.6147938171875 0.12213230156249999 0.611682971875 0.0992391859375 0.6194398671875 0.08996633281250001 0.6306751859374999 0.0902428953125 0.6393374828125 0.10825408437499999 0.6432213109375
5 0 0.6552940640625 0.0075361734375 0.6933924453125 0.028254009375 0.703695290625 0.043409390625 0.7004060375 0.0748078015625 0.6847976609375 0.081948890625 0.677313753125 0.06227075625 0.6638333249999999 0.0540396015625 0.63966279375 0.0669469 0.6206064812500001 0.08314847187499999 0.5816798375000001 0.0733224953125 0.5755905609374999 0.038045918750000005 0.57159323125 0.01877616875 0.5831393734375 0 0.61696445 0 0.6552940640625
11 0.21456851718749997 0.744833609375 0.210348509375 0.7380281015625 0.20156665624999998 0.737217284375 0.19474564375 0.7390551578125 0.18351194843750002 0.7476417859375 0.183959428125 0.749903984375 0.196066328125 0.7529959140625 0.21456851718749997 0.744833609375
11 0.22646728125 0.666967525 0.2328190515625 0.6700216218749999 0.24236846406249998 0.6674486 0.2496587171875 0.660718759375 0.24573702812499998 0.6554213843750001 0.2398327390625 0.654629484375 0.23286256875000003 0.655713290625 0.22557231875 0.66244313125 0.22646728125 0.666967525
11 0.08069978125 0.540244059375 0.0891615546875 0.5467009093749999 0.1029527375 0.54377923125 0.11190551093750001 0.538189946875 0.1117781078125 0.5302817171875 0.1023996125 0.5264546375 0.0848141453125 0.531987171875 0.080401459375 0.538735928125 0.08069978125 0.540244059375
11 0.3281394203125 0.35284634531250003 0.326753459375 0.36036808593749997 0.32553841875 0.361489725 0.337794478125 0.365335721875 0.3529498625 0.3620464671875 0.3603892734375 0.3560706921875 0.3584501890625 0.346267840625 0.34679076875 0.3454381078125 0.3358771515625 0.34837870312499997 0.3281394203125 0.35284634531250003
11 0.57281315 0.427504053125 0.5840033296875 0.43322575468749996 0.5935527453125 0.430652734375 0.6046372812499999 0.4213120390625 0.6004172718749999 0.41450653125 0.5914862578125 0.4129416484375 0.577993396875 0.417371459375 0.5723656671875 0.42524185625 0.57281315 0.427504053125
10 0.47247598125 0.42867821250000004 0.48292575937500004 0.4408049296875 0.4901514984375 0.456979746875 0.4986047359375 0.4677374078125 0.5103528125000001 0.47188468749999996 0.521621765625 0.47361706249999996 0.5512077171875001 0.4720041515625 0.5633388453125 0.46937091249999996 0.5716739109375 0.45917697031250004 0.5786954671875 0.44234272812500003 0.5837453125 0.43589487499999996 0.5872693375 0.433356046875 0.59310366875 0.427968421875 0.600339115625 0.42093246874999996 0.6017636328125 0.4106927234375 0.5780649343750001 0.4100839484375 0.5719388750000001 0.411098371875 0.56292193125 0.406215209375 0.5480443125 0.394963840625 0.53233065 0.3794859328125 0.497994625 0.36870798437499996 0.4660038046875 0.36397465 0.4343712671875 0.3610525828125 0.40963950625 0.3610398640625 0.3914516015625 0.3621248578125 0.3826652078125 0.36131288281249996 0.374278675 0.3479940390625 0.3626598453125 0.341587225 0.33711853125 0.349104553125 0.3264717953125 0.36214765781249997 0.3245598984375 0.3728364265625 0.303197996875 0.3811354453125 0.268434465625 0.3914561296875 0.244044325 0.3989817765625 0.212282753125 0.418667228125 0.190042015625 0.4370589625 0.1715723640625 0.45125519843750006 0.153025021875 0.470877278125 0.1400997 0.49566106093749995 0.130305371875 0.507202090625 0.10855065 0.5251451687500001 0.090891915625 0.531810990625 0.08226663906250001 0.53763211875 0.08344415625 0.5493962703124999 0.0945937796875 0.550525390625 0.096232184375 0.5500839359375 0.1120734328125 0.5633011671875 0.1336992640625 0.5679663625 0.16699512656249998 0.561855940625 0.1933389515625 0.5496713734374999 0.2020585796875 0.5326972984375 0.21047112499999998 0.4967295296875 0.2184659296875 0.47899685312500007 0.24520257656250002 0.45716822500000004 0.28296936875 0.435864709375 0.301908375 0.42694692187500005 0.32278425781250003 0.41909655937499996 0.36366407968750003 0.41062499375000006 0.3926446890625 0.4088574875 0.4210781015625 0.407236625 0.4419192984375 0.4108408359375 0.47247598125 0.42867821250000004
8 0.5192502796875 0.47616384375000004 0.49950029531249995 0.47226481875 0.48161231562499995 0.4545118546875 0.46718718125 0.4339180515625 0.44855635156250007 0.42113395625 0.4248743140625 0.41479807968750004 0.3970545015625 0.413709609375 0.363289284375 0.41454158437500005 0.327996584375 0.4192814421875 0.3034871171875 0.4262038375 0.268645746875 0.44194961250000003 0.246959096875 0.45733114218750004 0.234257221875 0.46870168906250004 0.22428375156250002 0.4793370875 0.21310654062499998 0.5071469609375 0.20218631406249998 0.5304373765625 0.1918296421875 0.547852540625 0.1756121484375 0.5588987421875 0.1551722375 0.5631345249999999 0.139457271875 0.5680042140625 0.12828977187499999 0.5726033171875 0.1290229109375 0.590845221875 0.13796353125 0.601153859375 0.15781481875 0.61138360625 0.2037196296875 0.625402446875 0.2361283984375 0.632248671875 0.2666183140625 0.6322999984375001 0.2958362140625 0.631739365625 0.34410434218749997 0.6257288765625 0.3698856765625 0.6194176875 0.39773040625 0.611915125 0.42395475468750005 0.59912655 0.46771146718749995 0.5819317078124999 0.4951048671875 0.5634232296875 0.5091382734375001 0.552965515625 0.5275662859375 0.5327401828125 0.5488085 0.503489175 0.55935408125 0.48411610312500003 0.5619392453125001 0.4710196265625 0.540227465625 0.4746442046875 0.5192502796875 0.47616384375000004