2 0.25546875 0.9986111109375001 0.27734375 0.9916666671875 0.371875 0.8916666671875 0.465625 0.8027777781250001 0.571875 0.684722221875 0.45078125 0.3083333328125 0.4421875 0.29444444375 0.4234375 0.30555555624999997 0.2046875 0.525 0.12265625 0.609722221875 0.12109375 0.6208333328125 0.121875 0.647222221875 0.2046875 0.98194444375 0.2125 0.9986111109375001 0.25546875 0.9986111109375001
5 0.21484375 0.6833333328125 0.2234375 0.647222221875 0.2421875 0.6263888890625 0.2453125 0.5986111109375 0.228125 0.55 0.2109375 0.559722221875 0.18515625 0.625 0.16953125 0.6791666671875001 0.18046875 0.747222221875 0.1875 0.76805555625 0.21640625 0.75555555625 0.21484375 0.6833333328125
0 0.34296875 0.6958333328124999 0.359375 0.684722221875 0.36015625 0.6777777781250001 0.3578125 0.672222221875 0.271875 0.6555555562500001 0.24140625 0.6416666671875 0.228125 0.6458333328125 0.22265625 0.6583333328125 0.2203125 0.7041666671875 0.23125 0.727777778125 0.24765625 0.7291666671875 0.34296875 0.6958333328124999
1 0.2609375 0.6875 0.25625 0.6638888890625 0.24921875 0.6583333328125 0.2359375 0.6666666671875 0.23203125 0.6805555562500001 0.23515625 0.7083333328125 0.24375 0.715277778125 0.25625 0.702777778125 0.2609375 0.6875
9 0.3796875 0.66805555625 0.40078125 0.6666666671875 0.41328125 0.6555555562500001 0.425 0.6375 0.4296875 0.6152777781250001 0.4296875 0.575 0.421875 0.5458333328125 0.4125 0.5319444437499999 0.40078125 0.525 0.38125 0.525 0.37109375 0.5319444437499999 0.359375 0.5486111109375 0.35 0.584722221875 0.34921875 0.6083333328125 0.35625 0.640277778125 0.36328125 0.6541666671875 0.3796875 0.66805555625
10 0.3 0.5986111109375 0.31015625 0.584722221875 0.3125 0.5638888890625 0.321875 0.5305555562500001 0.32578125 0.5291666671875 0.32890625 0.5097222218749999 0.34140625 0.497222221875 0.3515625 0.4763888890625 0.37890625 0.459722221875 0.40546875 0.459722221875 0.44609375 0.4875 0.4546875 0.5111111109375 0.4625 0.51805555625 0.4625 0.5305555562500001 0.46796875 0.5361111109375 0.46875 0.5458333328125 0.4703125 0.6236111109375 0.47734375 0.6388888890625 0.478125 0.6541666671875 0.50078125 0.6708333328125 0.509375 0.66944444375 0.5140625 0.6555555562500001 0.5140625 0.5513888890625 0.49765625 0.4763888890625 0.48125 0.44166666718750003 0.4359375 0.36944444375 0.3765625 0.38194444375000003 0.33984375 0.40416666718750005 0.3046875 0.4458333328125 0.259375 0.540277778125 0.2578125 0.5555555562500001 0.265625 0.5930555562500001 0.278125 0.6013888890625 0.3 0.5986111109375
11 0.26328125 0.9472222218749999 0.2578125 0.9305555562500001 0.25 0.9361111109375001 0.24921875 0.9513888890625 0.25234375 0.95694444375 0.2578125 0.95694444375 0.26328125 0.9472222218749999
11 0.290625 0.8138888890624999 0.29375 0.8333333328125001 0.30390625 0.825 0.29921875 0.80694444375 0.290625 0.8138888890624999
11 0.26796875 0.5083333328124999 0.259375 0.5069444437499999 0.25390625 0.5166666671875 0.25625 0.534722221875 0.2640625 0.5375 0.26875 0.5319444437499999 0.26796875 0.5083333328124999
11 0.43125 0.3513888890625 0.421875 0.34722222187499996 0.41796875 0.352777778125 0.41640625 0.3638888890625 0.42109375 0.375 0.43125 0.3708333328125 0.43125 0.3513888890625
11 0.5375 0.6180555562500001 0.534375 0.597222221875 0.525 0.5944444437499999 0.5203125 0.6013888890625 0.51953125 0.6125 0.525 0.625 0.5328125 0.6263888890625 0.5375 0.6180555562500001
7 0.27977265625 0.9269513890625 0.32239765625 0.8830305562499999 0.30480625 0.829484721875 0.2895828125 0.8318916671875 0.2882296875 0.8072236109375 0.27363593750000004 0.8099444437500001 0.22699921875 0.8547541671875001 0.22023359375 0.9022833328125 0.24831171875 0.95643194375 0.27977265625 0.9269513890625
11 0.4020921875 0.635947221875 0.39900390625000004 0.6323763890625 0.39392187500000003 0.6315208328125 0.39190234375 0.6430861109375 0.3971515625 0.6488513890625 0.40178359375 0.6452819437499999 0.4020921875 0.635947221875
11 0.41614218750000004 0.6128819437499999 0.41907500000000003 0.6079388890625 0.41969296875 0.6035458328125001 0.41814921875 0.5980541671874999 0.4166046875 0.59695555625 0.41300625 0.5966041671875 0.41042890625000006 0.6002513890625 0.4108921875 0.6087625 0.4135171875 0.61315694375 0.41614218750000004 0.6128819437499999
11 0.412590625 0.5703222218749999 0.41243671875 0.56318194375 0.41073828125 0.5571416671875 0.40826796875 0.553572221875 0.40355625 0.5537833328125 0.40116562499999997 0.5598875 0.40255546875 0.569772221875 0.40656953125 0.5738916671875 0.412590625 0.5703222218749999
11 0.38449140625 0.5612597218750001 0.38711640625 0.55576805625 0.38711640625 0.550002778125 0.38510859375 0.5445111109375 0.3790984375 0.5448888890625 0.37646328125 0.5486291671875 0.3776984375 0.557690278125 0.38047734375000003 0.5607111109375 0.38449140625 0.5612597218750001
11 0.36519218750000004 0.59695555625 0.36812578125 0.5955833328125 0.37136796875 0.5914638890624999 0.369515625 0.5815791671875 0.36797109375 0.5788333328124999 0.3631640625 0.5784875 0.36164140625 0.5804805562500001 0.35947968750000003 0.5856986109375 0.36179609375 0.594484721875 0.36519218750000004 0.59695555625
11 0.36920625 0.6362208328125 0.37260312500000003 0.63841805625 0.37569140624999997 0.63814305625 0.3773890625 0.6293569437500001 0.3758453125 0.62194305625 0.370575 0.6206513890625 0.36828046875 0.6227666671875001 0.3667359375 0.627159721875 0.36750859375 0.63045555625 0.36920625 0.6362208328125
8 0.37905 0.8253333328125001 0.41886328125 0.81636944375 0.44632890625000005 0.8015819437499999 0.47228359375 0.767522221875 0.49596953125 0.7124013890625001 0.50705703125 0.68103055625 0.4785828125 0.65996805625 0.46648750000000005 0.6129125 0.46623593750000003 0.5716833328125001 0.4586765625 0.534040278125 0.449353125 0.5017736109375 0.43675390625 0.48205555625 0.4165953125 0.469059721875 0.39391640625 0.461440278125 0.36468671874999997 0.467715278125 0.350828125 0.48339999999999994 0.33923671875 0.509840278125 0.32613359375 0.537625 0.312778125 0.573925 0.30446328125 0.5999166671875 0.2863203125 0.6021583328125 0.26893359375000003 0.5945388890625 0.26792578125 0.6191875 0.26893359375000003 0.6532458328125 0.27346953125 0.6823750000000001 0.2800203125 0.72001944375 0.285471875 0.7237250000000001 0.292115625 0.7504930562500001 0.307990625 0.7755888890625 0.33621249999999997 0.8029249999999999 0.37905 0.8253333328125001