2 0.22578125 0 0.228125 0.43194444374999996 0.240625 0.45555555625000005 0.6765625 0.51944444375 0.69296875 0.51944444375 0.70078125 0.4986111109375 0.7390625 0 0.22578125 0
5 0.26875 0 0.26796875 0.0041666671875 0.26875 0.12222222187500001 0.27890625 0.15694444375 0.29765625 0.1666666671875 0.321875 0.1666666671875 0.325 0.15 0.31953125 0.0916666671875 0.32109375 0.072222221875 0.33046875 0.06805555625000001 0.35625 0.022222221875 0.3921875 0.0416666671875 0.4078125 0.040277778125000004 0.421875 0 0.26875 0
0 0.37421875 0.1666666671875 0.3921875 0.1763888890625 0.43046875 0.20972222187499998 0.440625 0.225 0.4734375 0.2513888890625 0.49765625 0.2625 0.49765625 0.25555555625 0.48203125 0.2208333328125 0.46328125 0.20138888906250002 0.390625 0.08194444375 0.384375 0.06805555625000001 0.38046875 0.0236111109375 0.35703125 0.022222221875 0.33671875 0.05694444375 0.32109375 0.0736111109375 0.3234375 0.12222222187500001 0.34140625 0.15972222187500001 0.34921875 0.1666666671875 0.37421875 0.1666666671875
1 0.3671875 0.1263888890625 0.371875 0.11805555625 0.3765625 0.097222221875 0.36328125 0.07638888906249999 0.36015625 0.07638888906249999 0.35078125 0.0861111109375 0.34921875 0.1111111109375 0.35546875 0.12222222187500001 0.3671875 0.1263888890625
11 0.30234375 0.22916666718749998 0.30859375 0.2208333328125 0.309375 0.20972222187499998 0.3046875 0.197222221875 0.29921875 0.19444444375 0.29765625 0.19444444375 0.29375 0.2 0.29296875 0.2125 0.2953125 0.2236111109375 0.30234375 0.22916666718749998
11 0.365625 0.384722221875 0.36953125 0.375 0.36796875 0.3638888890625 0.3640625 0.35694444375 0.3578125 0.35694444375 0.35078125 0.36805555624999997 0.353125 0.38194444375000003 0.36015625 0.3875 0.365625 0.384722221875
9 0.525 0.2875 0.53984375 0.2958333328125 0.5625 0.2916666671875 0.57578125 0.2791666671875 0.59609375 0.24444444375000002 0.59921875 0.22916666718749998 0.6 0.1833333328125 0.596875 0.1513888890625 0.58359375 0.1208333328125 0.56875 0.102777778125 0.55859375 0.097222221875 0.52890625 0.10138888906250001 0.50703125 0.134722221875 0.496875 0.16388888906250001 0.49609375 0.2208333328125 0.49921875 0.24444444375000002 0.515625 0.2791666671875 0.525 0.2875
11 0.51484375 0.19583333281249998 0.51640625 0.1861111109375 0.5171875 0.1763888890625 0.5140625 0.17361111093749998 0.51328125 0.17361111093749998 0.509375 0.177777778125 0.50703125 0.1875 0.5109375 0.197222221875 0.51484375 0.19583333281249998
11 0.55390625 0.27638888906250003 0.56015625 0.275 0.56328125 0.26527777812500003 0.5625 0.25555555625 0.5578125 0.25 0.5546875 0.25 0.55234375 0.2513888890625 0.54921875 0.2666666671875 0.55 0.2736111109375 0.55390625 0.27638888906250003
11 0.58984375 0.2208333328125 0.5890625 0.21111111093749999 0.58515625 0.20277777812500003 0.5796875 0.20277777812500003 0.5765625 0.2125 0.578125 0.2236111109375 0.58359375 0.23194444375 0.58984375 0.2208333328125
11 0.54453125 0.1416666671875 0.54453125 0.127777778125 0.54140625 0.12361111093749999 0.53828125 0.12361111093749999 0.53203125 0.13333333281249998 0.5328125 0.1458333328125 0.53671875 0.14861111093749999 0.54453125 0.1416666671875
11 0.57578125 0.16388888906250001 0.57734375 0.1583333328125 0.578125 0.147222221875 0.57578125 0.14444444375 0.57421875 0.14444444375 0.56796875 0.14861111093749999 0.5671875 0.15694444375 0.571875 0.16388888906250001 0.57578125 0.16388888906250001
11 0.5296875 0.2513888890625 0.525 0.23472222187499997 0.51953125 0.23472222187499997 0.5171875 0.2388888890625 0.5171875 0.25555555625 0.52578125 0.25694444375000003 0.5296875 0.2513888890625
7 0.37265625 0.3763888890625 0.35859375 0.3236111109375 0.359375 0.2666666671875 0.35390625 0.24722222187499998 0.3203125 0.22777777812500002 0.31484375 0.21805555625 0.3078125 0.2236111109375 0.29453125 0.21944444375 0.29296875 0.22916666718749998 0.29609375 0.35972222187499997 0.32890625 0.3875 0.36875 0.3888888890625 0.37265625 0.3763888890625
8 0.422640625 0.3742458328125 0.44417265625 0.41610277812499996 0.472215625 0.44994444375000003 0.530303125 0.48200555625 0.58188046875 0.47488055625000003 0.6269484375000001 0.4410388890625 0.65699375 0.39740000000000003 0.6775249999999999 0.34841944375 0.7045656250000001 0.28696944375 0.7115765625 0.1907861109375 0.70656875 0.133790278125 0.7025625 0.0794638890625 0.688040625 0.037606943749999996 0.6785265625 0.01 0.671515625 0.00020277812500000002 0.43616093749999996 0.002875 0.42013671874999997 0.029591667187499997 0.41613046875000004 0.0669958328125 0.40461328124999996 0.0981666671875 0.3954328125 0.19036805625 0.39209453125 0.229972221875 0.39810390625 0.2825166671875 0.40761796875 0.3314986109375 0.422640625 0.3742458328125