2 0.425 0 0.22109375 0.09444444375 0.05625 0.177777778125 0.05078125 0.1875 0.05078125 0.2125 0.0953125 0.41805555625 0.13515625 0.5986111109375 0.15 0.6375 0.18515625 0.63055555625 0.50625 0.48055555625 0.50703125 0.45416666718750004 0.4984375 0.3888888890625 0.44375 0.027777778125000003 0.43515625 0 0.425 0
5 0.12265625 0.3791666671875 0.15 0.38055555625 0.15390625 0.377777778125 0.15703125 0.35 0.1546875 0.32083333281250004 0.16015625 0.2916666671875 0.16875 0.27777777812500004 0.1890625 0.2625 0.19296875 0.252777778125 0.19375 0.23472222187499997 0.17421875 0.16944444375 0.1578125 0.17361111093749998 0.15078125 0.20138888906250002 0.12265625 0.225 0.11796875 0.2611111109375 0.10703125 0.28472222187499996 0.11875 0.3708333328125 0.12265625 0.3791666671875
0 0.2875 0.3861111109375 0.31640625 0.3791666671875 0.2953125 0.35972222187499997 0.23671875 0.3236111109375 0.18359375 0.2791666671875 0.16796875 0.28194444375 0.1625 0.2958333328125 0.16015625 0.3166666671875 0.1578125 0.35694444375 0.184375 0.372222221875 0.24947890625000002 0.3763888890625 0.2875 0.3861111109375
1 0.2015625 0.3458333328125 0.20234375 0.31805555625 0.19296875 0.3013888890625 0.18046875 0.3013888890625 0.171875 0.315277778125 0.17109375 0.3361111109375 0.178125 0.3513888890625 0.19296875 0.35694444375 0.2015625 0.3458333328125
10 0.23984375 0.2625 0.25546875 0.259722221875 0.26328125 0.2513888890625 0.275 0.21805555625 0.29140625 0.1861111109375 0.31796875 0.1625 0.34140625 0.15694444375 0.36953125 0.1666666671875 0.38203125 0.17916666718750002 0.40390625 0.21111111093749999 0.41953125 0.2486111109375 0.4234375 0.26944444375 0.42734375 0.29444444375 0.42109375 0.3958333328125 0.42578125 0.4125 0.4375 0.43055555625 0.43671875 0.434722221875 0.45 0.4388888890625 0.46796875 0.41111111093749997 0.46796875 0.2486111109375 0.45234375 0.1861111109375 0.4359375 0.147222221875 0.42421875 0.1291666671875 0.42578125 0.0986111109375 0.41953125 0.0875 0.41640625 0.09305555625 0.38828125 0.0888888890625 0.3421875 0.0638888890625 0.3171875 0.0666666671875 0.2890625 0.0791666671875 0.26875 0.0958333328125 0.25625 0.1111111109375 0.24140625 0.140277778125 0.228125 0.15 0.2109375 0.1833333328125 0.2046875 0.184722221875 0.21484375 0.24722222187499998 0.23984375 0.2625
7 0.2453125 0.547222221875 0.25078125 0.534722221875 0.23828125 0.46527777812500004 0.2328125 0.45694444375 0.21875 0.46944444374999994 0.21015625 0.46388888906250003 0.165625 0.48333333281249996 0.17421875 0.54305555625 0.1890625 0.5527777781250001 0.19296875 0.5638888890625 0.2453125 0.547222221875
11 0.190625 0.5555555562500001 0.18515625 0.5486111109375 0.18046875 0.55 0.17734375 0.565277778125 0.18125 0.5722222218749999 0.1890625 0.5694444437499999 0.190625 0.5555555562500001
11 0.2375 0.475 0.23359375 0.45694444375 0.22578125 0.4611111109375 0.22421875 0.47222222187499996 0.2265625 0.477777778125 0.23203125 0.48055555625 0.2375 0.475
11 0.2234375 0.17361111093749998 0.22421875 0.1583333328125 0.21953125 0.147222221875 0.2109375 0.1458333328125 0.20546875 0.15277777812499999 0.2046875 0.165277778125 0.21015625 0.18055555625 0.21796875 0.18194444375000002 0.2234375 0.17361111093749998
11 0.4171875 0.06944444375 0.41171875 0.055555556250000006 0.40390625 0.054166667187499996 0.39765625 0.0625 0.39609375 0.0875 0.409375 0.09444444375 0.4171875 0.08333333281250001 0.4171875 0.06944444375
11 0.48671875 0.39027777812500003 0.48203125 0.3791666671875 0.471875 0.384722221875 0.4703125 0.397222221875 0.475 0.40694444374999994 0.48515625 0.40277777812500004 0.48671875 0.39027777812500003
9 0.33671875 0.38333333281250004 0.35546875 0.384722221875 0.36640625 0.377777778125 0.38046875 0.35555555625 0.3859375 0.3333333328125 0.3875 0.302777778125 0.38046875 0.2736111109375 0.36484375 0.24444444375000002 0.35078125 0.23472222187499997 0.33359375 0.23472222187499997 0.3203125 0.24305555625 0.309375 0.2611111109375 0.30234375 0.2875 0.30234375 0.322222221875 0.31015625 0.352777778125 0.321875 0.372222221875 0.33671875 0.38333333281250004
11 0.34626953125000004 0.3700138890625 0.351459375 0.366202778125 0.3527 0.3569736109375 0.35078203124999996 0.352759721875 0.347540625 0.3488041671875 0.34615703125 0.3489486109375 0.34277265625000003 0.352759721875 0.34153125 0.36499861093749997 0.34626953125000004 0.3700138890625
11 0.37120156249999997 0.3429291671875 0.37515 0.3365083328125 0.3752625 0.33069027812499996 0.37379609375 0.325875 0.36771328125 0.322809721875 0.36510937499999996 0.325675 0.36398125000000003 0.334502778125 0.36838125 0.341725 0.37120156249999997 0.3429291671875
11 0.36657578125 0.2935736109375 0.37165234375 0.29236944375 0.37300625 0.28434444375 0.37086328125 0.2797291671875 0.36838125 0.2771208328125 0.3640578125 0.276115278125 0.36172499999999996 0.27872638906249997 0.36183828125 0.28334027812499996 0.36296640625 0.28935972187500003 0.36657578125 0.2935736109375
11 0.34401328124999997 0.2698986109375 0.347171875 0.2614708328125 0.3466078125 0.2586625 0.3431109375 0.25444861093750004 0.33995859375 0.25373194374999997 0.33724453125 0.25665694375000003 0.33566562499999997 0.265484721875 0.340178125 0.2719041671875 0.34401328124999997 0.2698986109375
11 0.320096875 0.2993916671875 0.3226921875 0.297184721875 0.32415859375 0.29036249999999997 0.32370703125 0.28494583281249997 0.32088671875 0.28033055625 0.3164015625 0.2816513890625 0.31468203125 0.28474444375 0.31513359375 0.29196805625 0.3167125 0.2955791671875 0.320096875 0.2993916671875
11 0.31919453125 0.3431291671875 0.32133828124999997 0.346540278125 0.32539921875 0.346540278125 0.32810703124999996 0.338515278125 0.32754296875 0.33209444375 0.3260765625 0.32768055625 0.32235859375000003 0.3259375 0.321 0.3264763890625 0.317615625 0.3312916671875 0.31738984375 0.3379125 0.31919453125 0.3431291671875
8 0.28257734375 0.49652361093749997 0.31235390625 0.5263125 0.3408015625 0.5286763890625 0.39370859375 0.52253055625 0.42667656249999997 0.48943194375 0.45007265625 0.45207777812499994 0.449275 0.44167500000000004 0.435715625 0.43600138906249997 0.42747421875 0.41897916718749995 0.41949765625 0.3726416671875 0.42029531249999996 0.3390708328125 0.4237515625 0.2837486109375 0.4200296875 0.25017777812499997 0.39184765625 0.1896541671875 0.36366640625 0.16837777812500002 0.32617890625 0.162702778125 0.29773125 0.1801986109375 0.273271875 0.21897083281250002 0.26210546875 0.2530138890625 0.23605078124999998 0.2653083328125 0.21930078125 0.2530138890625 0.215046875 0.29273194375 0.215046875 0.31117361093749996 0.2239859375 0.3784486109375 0.22541562499999998 0.394865278125 0.23472109375 0.416615278125 0.25386328125 0.45680555624999997 0.28257734375 0.49652361093749997