2 0.3098310921875 1 0.3801663484375 0.908174434375 0.46592995937500004 0.80757126875 0.5616175625000001 0.6763940203125001 0.40796958749999995 0.3195187109375 0.398184634375 0.30690025 0.380450075 0.32041369999999997 0.18138551875 0.5670840578125 0.10694843750000001 0.6619943109374999 0.10635947187499999 0.6732147421875 0.1094419171875 0.6992639546875 0.2143084171875 1 0.3098310921875 1
5 0.210756790625 0.6857143109375 0.2276428375 0.662565384375 0.228335903125 0.6346185328125 0.2069477578125 0.5887341609375001 0.1906506734375 0.6006626546875 0.1706294234375 0.6687975328125 0.1597699359375 0.7245654734375 0.176620340625 0.7905546265625001 0.185452684375 0.810264028125 0.2131975125 0.79401911875 0.205335603125 0.7226497375000001 0.210756790625 0.6857143109375
0 0.349635675 0.7047440468749999 0.3498089421875 0.697757334375 0.34698604375 0.69256403125 0.259803484375 0.687511153125 0.22819686562500002 0.677811078125 0.2153116453125 0.68371244375 0.21094717031250002 0.6968305124999999 0.21260925625 0.7425675953125 0.22558075625 0.7645088484375 0.24206822031250003 0.7636965578125 0.334239153125 0.7179448093749999 0.349635675 0.7047440468749999
1 0.222238765625 0.7176037265625 0.22778046093749998 0.7447167515625 0.23695933593750002 0.7504527296875 0.24833791718749998 0.7363966078125 0.251680615625 0.7206297734375 0.2449438765625 0.6978546953125 0.23744490625 0.6932867593750001 0.2249233328125 0.7033176171875 0.222238765625 0.7176037265625
9 0.3315559984375 0.6068870078125 0.3328373203125 0.6303916828125 0.342639390625 0.661113059375 0.35086565468750003 0.6739399765625 0.36844406093750004 0.6855161546875 0.3893651640625 0.6813255015624999 0.40086496250000003 0.668645878125 0.410979334375 0.6491879984375 0.413715953125 0.6265386796875 0.41020069687499994 0.5866202703125001 0.3998617125 0.5587561156249999 0.38929741406249996 0.5462418828125 0.37700115625 0.5409228203125 0.3575175265625 0.5435285203125 0.34799211875 0.5517659687500001 0.33775653125 0.569847353125 0.3315559984375 0.6068870078125
10 0.437963346875 0.525806321875 0.43905428906250005 0.5381947921875 0.44499456875 0.5429711828125 0.446622425 0.5525024328125 0.45496919687500004 0.6293778031249999 0.4633166765625 0.643581215625 0.46542939531250005 0.6586184546875 0.48948499375 0.672113803125 0.49793657500000005 0.6695907984375 0.5014004890625 0.6552004609375001 0.49230930624999997 0.5519631953124999 0.46939740781249994 0.4798211515625 0.4500007640625 0.44759752031250005 0.3984955234375 0.38206490625 0.340356234375 0.402374709375 0.30566646249999996 0.4292973796875 0.27423240312499997 0.4752825453125 0.2372730546875 0.5749295609375 0.23704773750000002 0.5902794828125 0.2481140140625 0.62640261875 0.26131083125 0.63299395 0.282890065625 0.627322571875 0.29180939375000003 0.6122026375 0.29232919375 0.5912425 0.2987721578125 0.5569558390625 0.3025476671875 0.555058203125 0.3039680265625 0.5353703328125 0.3153466078125 0.5213142125 0.323659859375 0.49931179531250003 0.34948235 0.4791458515625 0.3759800875 0.475602096875 0.4189303515625 0.4977121765625 0.429563815625 0.5199661156250001 0.437963346875 0.525806321875
11 0.276686 0.9777220062499999 0.26977599375 0.961933640625 0.2624674046875 0.9684819078125001 0.2630214328125 0.9837276015624999 0.26662367656249997 0.9888166765624999 0.2720790921875 0.9880870796875 0.276686 0.9777220062499999
11 0.29232636562500003 0.8419303250000001 0.29714076718750004 0.8607843687500001 0.3065449609375 0.8511704218749999 0.30029308593750004 0.8339013312500001 0.29232636562500003 0.8419303250000001
11 0.2430578875 0.5421236234375 0.23436387500000003 0.5418936359375001 0.22975696874999998 0.552258709375 0.2336708109375 0.5698404859374999 0.24170669375 0.5715511984375 0.24589790156250002 0.5654198421875 0.2430578875 0.5421236234375
11 0.3922436484375 0.364795815625 0.382527859375 0.3619170625 0.379115996875 0.367944190625 0.3785270328125 0.3791646203125 0.384172828125 0.389551228125 0.3939406703125 0.384066771875 0.3922436484375 0.364795815625
11 0.509644575 0.6234583375 0.5175592421874999 0.6237925546875001 0.52150801875 0.6149082046875 0.5165724015625 0.5946776625 0.5069778281249999 0.5931754046875 0.5029078359375 0.6006832578125 0.5030982171875 0.6117994609374999 0.509644575 0.6234583375
7 0.29285791875 0.8599115171875 0.2893551796875 0.8356440781250001 0.2750344734375 0.8402876156250001 0.23242224843749998 0.890919428125 0.22982124375000001 0.9389271406249999 0.2625567484375 0.9888466703125 0.2913680515625 0.955431884375 0.33005591875 0.90621624375 0.307834171875 0.8554950609375 0.29285791875 0.8599115171875
11 0.38799185625 0.6507052484375 0.384599459375 0.6475782890625 0.37945514999999996 0.6474083703125 0.37844990625 0.6591398890625 0.3841894921875 0.6641534203125 0.38849870468750003 0.6599978531249999 0.38799185625 0.6507052484375
11 0.40070260781249994 0.6110080859375 0.3990659609375 0.6101253359375 0.3954456296875 0.6102571578125 0.39319288281250003 0.614215684375 0.3943978453125 0.6225890515625 0.3973999703125 0.6265940796875 0.39999456875 0.6259713265625 0.402488825 0.6206811046875 0.40272188125 0.6162448 0.40070260781249994 0.6110080859375
11 0.382281465625 0.569079121875 0.3804294140625 0.575447765625 0.3826785625 0.5850588703125 0.3870423625 0.5886060390625001 0.3927372515625 0.5842651546875001 0.3919605515625 0.577209115625 0.3897390859375 0.571449325 0.38696327343750003 0.5682412968749999 0.382281465625 0.569079121875
11 0.3571070203125 0.563527 0.35480472500000004 0.56758546875 0.3568276796875 0.5764009484375 0.35986345625 0.579024090625 0.3639156109375 0.5790322828125001 0.3660549234375 0.5732394078125 0.3655517578125 0.56752556875 0.3630695515625 0.562350765625 0.3571070203125 0.563527
11 0.3507497296875 0.6011683796875 0.3489693203125 0.598653103125 0.3441438265625 0.598951671875 0.342798828125 0.6011300859375 0.34109778749999997 0.60658998125 0.34417535625 0.6149886640625 0.3477788125 0.616984375 0.35058549375000003 0.6152330171875 0.35346025000000003 0.6107177828125 0.3507497296875 0.6011683796875
11 0.36277379375 0.6474694609375 0.36058675625 0.6403276765625 0.3552165640625 0.63975065625 0.3531122390625 0.6421531796875 0.35195487812500004 0.646713096875 0.353013296875 0.6498764421875001 0.3552099796875 0.65536379375 0.3587903359375 0.6570882296875 0.3618470875 0.6564036703125 0.36277379375 0.6474694609375
8 0.3878944546875 0.4833718703125 0.364605853125 0.4788460453125 0.3359950875 0.48896464531249995 0.323539171875 0.5063583265625 0.31428361250000003 0.534109128125 0.30363735625 0.5633940609375 0.2934825453125 0.6011519625 0.28745640781250004 0.6280210234375 0.26955331562499996 0.6326631765624999 0.251544 0.6274313109375 0.2526898609375 0.6519944546875001 0.25666766875 0.68561445625 0.2637348046875 0.7138785796875 0.273555046875 0.750313196875 0.2793167203125 0.7532583890625 0.28828046406249996 0.7789012578125 0.30630700625 0.8016552656249999 0.3368458390625 0.82498234375 0.38153458906250004 0.8414757125 0.4204684703125 0.827280234375 0.4465765453125 0.8089604328125001 0.46949537656249996 0.7717419359375 0.488312875 0.7139529203125 0.496635440625 0.6813827796874999 0.46639241093750006 0.6643070046874999 0.450219796875 0.619284946875 0.44637055937500003 0.5784571984375 0.4355443046875 0.5421585140625 0.4234275140625 0.511423596875 0.40913811562499997 0.49356235625 0.3878944546875 0.4833718703125