2 0.1989360765625 0.76481085625 0.20135550468750002 0.76084841875 0.20991119062500002 0.7643163984375 0.260287728125 0.7503876890625001 0.272166409375 0.74303490625 0.3459847625 0.7323975484374999 0.382208828125 0.7214777921875 0.6384449125 0.6715969390625001 0.646364034375 0.6666950843749999 0.6462669437499999 0.672232596875 0.6501779578125 0.6725504265625 0.6612744359375 0.665134078125 0.7226018140625 0.6520952906249999 0.728150053125 0.6483871156250001 0.7282956890625 0.6400808453125 0.7353355171875 0.6406529375 0.731618684375 0.6292600828125 0.7348203140625 0.6253612109375 0.7375067421875 0.6061706109375 0.732959159375 0.597482946875 0.7295281218749999 0.5251138828124999 0.700062825 0.23990381875 0.6983715796875 0.20233490937499998 0.6855729046875 0.08345500781250001 0.687210128125 0.079429003125 0.678085215625 0.01907438125 0.5174603875 0.006021196875 0.033742456250000004 0.0003926296875 0.025288829687499997 0.4825396125 0.033786340625 0.64468176875 0.0341715640625 0.6460585984375 0.035565159375 0.6786236546875 0.041518621875 0.7922224921875001 0.0660398609375 0.7942152124999999 0.178550253125 0.7659269015625 0.1989360765625 0.76481085625
5 0.0800318984375 0.085540665625 0.083953865625 0.174585834375 0.08343081718749999 0.2937694984375 0.0847039515625 0.31050917031249997 0.0987405359375 0.3587857796875 0.1072476796875 0.3650225171875 0.1615837765625 0.34864287968749996 0.1649795875 0.3336689828125 0.164658565625 0.3073022296875 0.1550481984375 0.2746351734375 0.154654359375 0.25242155624999996 0.2112290234375 0.1530427875 0.2283403984375 0.15997874843749998 0.23246986718749998 0.1478371734375 0.24603431874999998 0.1336896296875 0.26392789687499996 0.14068915625 0.271604290625 0.14963108281249998 0.2875396234375 0.1342898578125 0.2898079375 0.09427002031250001 0.2961383796875 0.0906254125 0.2903419375 0.0638136984375 0.2819804328125 0.0492706921875 0.2695137296875 0.0454848828125 0.25875706875 0.0335199359375 0.25352437656250004 0.01923119375 0.25250162187499997 0.002938121875 0.23103015781249997 0.0026882796875 0.21460840781249998 0.004977878125 0.1964235578125 0.014590890625 0.187085665625 0.0110593453125 0.1623761921875 0.03539199375 0.12228965781250001 0.043225165625 0.10041224687500001 0.0400609484375 0.08440409531250001 0.0595553046875 0.0800318984375 0.085540665625
0 0.2135270875 0.1560022421875 0.200890475 0.16190708125 0.1605424171875 0.22933208437500002 0.1580259 0.23883203593750002 0.162670571875 0.24198218593749998 0.16254920781249999 0.24890407812499998 0.15739480781249998 0.2748258703125 0.163973453125 0.30170115000000003 0.19868713437500002 0.3322491765625 0.23474129062500002 0.331020065625 0.360560084375 0.392539715625 0.380800271875 0.399729940625 0.4176123578125 0.39994877500000003 0.41616931562500004 0.3928997515625 0.4030417734375 0.3821284859375 0.3956566515625 0.35657401875 0.3546368015625 0.3282862234375 0.257681225 0.22890796875000002 0.2135270875 0.1560022421875
1 0.19767552500000002 0.2559176734375 0.21307685781250002 0.27103277187499997 0.2268840359375 0.2430414453125 0.21568499062500002 0.21163163749999997 0.2078386875 0.21238035625 0.19581437031249999 0.228039409375 0.194716621875 0.24597276250000003 0.19767552500000002 0.2559176734375
7 0.1280140203125 0.4762318078125 0.1332145953125 0.6263803203125 0.149301040625 0.6470964953125 0.1881927375 0.6627341890625 0.22666632031249997 0.65754264375 0.22913429375 0.6508114484374999 0.220797059375 0.6348840640625 0.2188145421875 0.6139276921875 0.22208898906250002 0.6058756859375001 0.23792723124999998 0.596071975 0.22780166093749998 0.5481131921875 0.2231217640625 0.457620078125 0.1710054359375 0.4367486328125 0.1435014921875 0.3970820515625 0.13235646875 0.40726715625 0.1280140203125 0.4762318078125
9 0.4189309296875 0.1907169578125 0.40573604531249996 0.22846249531249999 0.40192759687499996 0.26697082499999997 0.40472206718750003 0.33097005468749996 0.423281959375 0.389318709375 0.43616677499999995 0.41393375781249997 0.45467264687500003 0.43068749687499996 0.4875009 0.4347416359375 0.5106216953125 0.411666234375 0.5152420953125 0.416200765625 0.5337910375 0.385822078125 0.5421713390625 0.35461703437500003 0.5444341781250001 0.270233525 0.537364603125 0.2266821390625 0.5154574421875 0.1805386296875 0.48683147812499994 0.160189778125 0.4436646765625 0.16499993125 0.4189309296875 0.1907169578125
11 0.1339748953125 0.4489892015625 0.1441192625 0.4511999359375 0.1529176765625 0.44082413281250005 0.1531846765625 0.425595971875 0.14164581406250001 0.413567459375 0.1312829921875 0.42381613125 0.1309674484375 0.4418130484375 0.1339748953125 0.4489892015625
11 0.225344640625 0.643571728125 0.24257737812500002 0.6435857953124999 0.2461673734375 0.617536871875 0.24171688125 0.60331169375 0.229201634375 0.6022946421875 0.2211368765625 0.6155027671875 0.22011194843749998 0.629282984375 0.225344640625 0.643571728125
11 0.099319975 0.1023579703125 0.1055775984375 0.1028664953125 0.1160860546875 0.0843115546875 0.11628023750000001 0.073236528125 0.10865238906250001 0.06152584531250001 0.092129034375 0.0657284765625 0.0902248109375 0.08498264062500001 0.099319975 0.1023579703125
11 0.4159344328125 0.27226814374999997 0.41417584375 0.2832160375 0.419457084375 0.294736025 0.42569043593749994 0.29662892812499997 0.4305050171875 0.2900884328125 0.43223933125 0.280524915625 0.4271037296875 0.260698659375 0.42087037812499994 0.2588057546875 0.4159344328125 0.27226814374999997
11 0.4515328828125 0.34170589218749997 0.44617882499999995 0.3343390390625 0.4374775015625 0.3391773296875 0.43791988593750003 0.3586221921875 0.44474125937500003 0.3716536875 0.45283028906249995 0.357061184375 0.4515328828125 0.34170589218749997
11 0.49093978125 0.3726353109375 0.49482652343750005 0.37433751875 0.5028184625 0.365282528125 0.49929581250000005 0.342814646875 0.49152232656250006 0.3394102328125 0.48587699687499997 0.34865592031250003 0.48560999687499995 0.36388408125 0.49093978125 0.3726353109375
11 0.5240483546875 0.271349571875 0.5201616125 0.2696473640625 0.5137583515624999 0.2774451078125 0.5119997640625 0.288393003125 0.5141521921875001 0.299658725 0.5195305218749999 0.3056411984375 0.5242480125 0.304638215625 0.5291354125 0.29394458437500004 0.528547390625 0.2828059921875 0.5240483546875 0.271349571875
11 0.4934884171875 0.2272755921875 0.4973266140625 0.23174655624999999 0.5052700078125001 0.22546032187499998 0.502996215625 0.221116490625 0.5039726015625 0.21010503125 0.4946589828125 0.20518910625000003 0.49148162500000003 0.20770360000000002 0.4934884171875 0.2272755921875
11 0.458459190625 0.21472448437499997 0.45483944843749996 0.1977941171875 0.444597990625 0.201120896875 0.44347597031249997 0.22043862500000003 0.445774034375 0.22339808125 0.45044297968749997 0.22516385468750003 0.458459190625 0.21472448437499997
8 0.24876989374999997 0.4257235296875 0.25895793125 0.46609850625 0.28142165 0.52097550625 0.3035612859375 0.563286628125 0.3408483140625 0.61165181875 0.3671004859375 0.6369344875 0.41735562187499997 0.6603095453125001 0.4531090890625 0.6718963812500001 0.48302991874999995 0.6743278984375001 0.547051640625 0.65831114375 0.5863354640625 0.6238849156249999 0.610369775 0.5891843375 0.6464031343750001 0.522663346875 0.6694129703125 0.4531541984375 0.6778567859375 0.4065769140625 0.6800899968749999 0.3103016515625 0.679470828125 0.25237673437499997 0.658449803125 0.1773610015625 0.635509221875 0.1185870328125 0.6141673359375 0.0618713984375 0.5928962 0.0321703984375 0.570335146875 0.013939215625000001 0.5632962312500001 0.0114387828125 0.4811721203125 0.00559894375 0.36699761249999996 0.004270403125000001 0.351778903125 0.019327515625 0.31919220937500004 0.0446531421875 0.30605445625 0.0792743328125 0.2793712015625 0.1407671453125 0.25761829999999997 0.200732209375 0.2474406875 0.25295660937500003 0.24030844375 0.31796803749999997 0.24876989374999997 0.4257235296875