2 0.23273821093749997 0.7417262328125 0.2329396375 0.7584558343750001 0.23849327812499999 0.767138621875 0.5702298109374999 0.7878768390625 0.6333403015625 0.7818050125 0.7195820578125 0.78962046875 0.72882921875 0.7818007859375 0.7331619640625 0.6998573140625 0.7375872 0.28077577656249997 0.7373857734375 0.264046171875 0.7270574796875 0.24672602656249998 0.30995889375 0.2265825796875 0.3056117625 0.23190169843750003 0.30169215 0.2511772953125 0.2655379890625 0.5026231546875 0.23273821093749997 0.7417262328125
5 0.312690496875 0.44268086562500003 0.31524122499999996 0.44979538437500005 0.350295759375 0.451839571875 0.356979859375 0.44665673281249996 0.3642538546875 0.41503835312500004 0.40182006406250004 0.3670754359375 0.4179650875 0.3610511515625 0.43535361562499997 0.33977467968749997 0.43476166562499996 0.27983450468750004 0.42531307500000004 0.270924584375 0.4158521546875 0.27176603125 0.4086028234375 0.28388168125 0.34076906406249996 0.3286864046875 0.3299515921875 0.346166603125 0.31561736093750004 0.41638160312499994 0.312690496875 0.44268086562500003
9 0.5247401046875 0.501020546875 0.5304828406250001 0.536184303125 0.538914015625 0.557573284375 0.5518053703125 0.5722565859375 0.5869729484375 0.5729142125 0.6132818328125 0.5382263796875 0.6216616234375001 0.5122451 0.6239348765625 0.47476248437499996 0.6165211140625 0.440894440625 0.600526134375 0.4162780671875 0.5847325828125001 0.4083913 0.56903974375 0.408869334375 0.54843454375 0.4215993 0.5348279171875 0.4444894671875 0.527001025 0.473289296875 0.5247401046875 0.501020546875
7 0.41217918750000004 0.6240200078125 0.38988857499999996 0.5614213296874999 0.32200343125 0.55885579375 0.3167642640625 0.5655160484375 0.3081460484375 0.6040218140625 0.29088495625 0.7005360765625 0.2943153875 0.716060825 0.304542965625 0.7250161703125 0.3818890296875 0.7267402609375 0.41559728749999997 0.6492961187499999 0.41217918750000004 0.6240200078125
1 0.3869576015625 0.4149691578125 0.3847090125 0.43294904375 0.3934793265625 0.45017833749999997 0.4051641703125 0.450859734375 0.415767884375 0.4264012984375 0.41634544531250006 0.40971712031249996 0.4071229484375 0.3980340765625 0.398327971875 0.40030751249999996 0.3869576015625 0.4149691578125
0 0.42260202812500003 0.39057780468750003 0.39190695937500003 0.3734631328125 0.376616975 0.40740037500000004 0.37311255 0.45038381562499996 0.377661109375 0.46179430000000005 0.4946369875 0.543846053125 0.5051029890625001 0.5402769078125 0.509801590625 0.5210467375000001 0.5064718734375 0.5138867921875 0.42260202812500003 0.39057780468750003
10 0.6679998328125001 0.3069033046875 0.6502417046875 0.2824181671875 0.6155547968749999 0.2605527125 0.59625980625 0.25491789374999996 0.5593856390624999 0.2536689640625 0.53957000625 0.2606313375 0.5023782078125001 0.2819120953125 0.489620221875 0.289286034375 0.483156359375 0.2753801703125 0.46989436875 0.282724715625 0.4645275765625 0.3112737421875 0.45511975312499997 0.3458995015625 0.4598436296875 0.3687245765625 0.46773051250000003 0.3962423484375 0.48429347656250005 0.3981095796875 0.521558528125 0.3759303296875 0.5480990359375 0.3486160375 0.5808098359375 0.3387987625 0.6165297109375001 0.341783121875 0.6481111234375 0.3706826296875 0.6650475015625 0.417669453125 0.67404798125 0.4750169171875 0.6740638984375 0.5183101296875 0.667379671875 0.5630181546874999 0.6469378765625 0.6087266578125 0.6448155515625 0.634757984375 0.6484416375000001 0.671047965625 0.66598023125 0.6982258109374999 0.666053371875 0.6973287046875 0.6868852234375 0.6841132078125 0.7013747625 0.6741347375 0.7106688609375 0.6719698171874999 0.7285490343750001 0.657680825 0.7104334062500001 0.631369309375 0.7129949156250001 0.5999511890625 0.7199718203125001 0.55165335 0.722070021875 0.48864071718749996 0.723875546875 0.4292178953125 0.7131268765625001 0.3871015484375 0.6991986781249999 0.3529177015625 0.705638303125 0.32984364374999997 0.70805353125 0.3002197359375 0.6867583734375 0.2818407203125 0.674708071875 0.299177975 0.6679998328125001 0.3069033046875
8 0.6425067359375001 0.6382316171875 0.649101075 0.60704866875 0.6546874015624999 0.5758069375 0.6627938703125 0.544710775 0.664355684375 0.506920578125 0.6649087078125 0.46907155625 0.663217853125 0.440110965625 0.648004709375 0.3968329046875 0.6375080171875 0.3826918703125 0.60987875625 0.3612379796875 0.580363228125 0.35049751093750003 0.5534325531250001 0.3453201828125 0.5387967328125 0.3570928640625 0.5217697453125 0.3795509171875 0.489123878125 0.39478299375 0.47306492499999997 0.392945153125 0.4562333484375 0.3757291921875 0.4479398359375 0.38426484375 0.4377517390625 0.40982721250000004 0.4363770171875 0.4142566875 0.42469979531249996 0.49466988437500004 0.4245615671875 0.5281128640625 0.42775690156249996 0.5634749625000001 0.433830659375 0.6008090515625 0.44055481875 0.6363769328125 0.456646215625 0.668882790625 0.4799250171875 0.712631196875 0.5079768265625 0.741324878125 0.541664040625 0.7568182578125 0.5667891265625 0.7654985640625 0.5897675375 0.7632316625 0.6334390562500001 0.7432301359375 0.655011196875 0.7147233515625 0.65840194375 0.710411440625 0.6532388828125 0.6929731625 0.6470111921874999 0.663748009375 0.6425067359375001 0.6382316171875
11 0.30077339687500004 0.713651109375 0.30645241562500003 0.7111959703124999 0.31035969531249996 0.7016717390625 0.3100452234375 0.6863286984375 0.3050444796875 0.6804644625 0.294578475 0.6840336078125 0.2942146734375 0.7076960234375 0.30077339687500004 0.713651109375
11 0.38668629062500004 0.6294991734375001 0.393697196875 0.6299080109374999 0.39950159531249996 0.6163149453125001 0.39806899375000004 0.6050861640625 0.392955203125 0.6006084921875 0.38537906718750004 0.6071324671875 0.383356571875 0.622339228125 0.38668629062500004 0.6294991734375001
11 0.475394503125 0.27105875 0.4700422890625 0.27910556875000003 0.47147488906249996 0.29033434687500004 0.47624954218750004 0.2989717078125 0.485823509375 0.2967436984375 0.489730790625 0.2872194671875 0.48985616875 0.276081540625 0.48418948124999994 0.2687853171875 0.475394503125 0.27105875
11 0.6863876453125 0.2847558703125 0.6833723984375 0.2929389671875 0.6889137078124999 0.31137311875 0.6981485390625 0.31330479843750003 0.704279740625 0.3053034078125 0.705184109375 0.29421090781250003 0.7019674359375 0.28566440000000004 0.696853646875 0.281186728125 0.6863876453125 0.2847558703125
11 0.7043002953124999 0.6410549125 0.70161185625 0.6548296859375 0.704150253125 0.6716955687499999 0.7069270734375 0.6760369609375 0.7181720671875 0.6725132453125 0.7228583359375 0.6630344375 0.7225438625 0.6476913984375 0.7148793453125 0.63609920625 0.7043002953124999 0.6410549125
11 0.571103346875 0.537159915625 0.56688159375 0.5313411046875001 0.5619815640625 0.533841671875 0.5591924109375 0.5392516421875 0.5597329765625 0.551821559375 0.567522871875 0.552275821875 0.571103346875 0.537159915625
11 0.5776723453125 0.4469879203125 0.5846832531249999 0.44739675781250005 0.5884774875 0.4392590890625 0.587597784375 0.430848859375 0.578915853125 0.43173573125000003 0.5776723453125 0.4469879203125
11 0.54677790625 0.49951936249999995 0.54244310625 0.4950871171875 0.538095975 0.5004062328125001 0.5377445046875 0.5143172859375 0.5429713406250001 0.517408396875 0.54653948125 0.512043853125 0.54677790625 0.49951936249999995
11 0.5938899515625 0.536429621875 0.6001861890625 0.5343336859375001 0.60354229375 0.5246770046875 0.6022042078125 0.51685860625 0.598863565625 0.5142007015625001 0.5934131796875 0.513016321875 0.5918598953124999 0.5201255687499999 0.5938899515625 0.536429621875
11 0.605681065625 0.46434438125 0.6000222328125 0.4660623265625 0.5982167625 0.47123431250000003 0.6002566046875 0.48015103750000004 0.6062895484374999 0.48613258281249994 0.610708865625 0.48040808593750006 0.609712640625 0.46838697187499995 0.60654415625 0.46362708281250004 0.605681065625 0.46434438125
11 0.5585211171875 0.4661053046875 0.5593526265625 0.45348723125 0.5573100015625 0.44703344375 0.5544198375 0.4436982625 0.5512164109375 0.4442149984375 0.549163771875 0.4451513125 0.5453028828125001 0.45372254375 0.5447289921875 0.46319039375 0.5486815890625001 0.4704577125 0.5532873125 0.47213338125000004 0.5585211171875 0.4661053046875