2 0.43046875 0 0.1484375 0.559722221875 0.14921875 0.5833333328125 0.321875 0.88055555625 0.384375 0.98055555625 0.40390625 0.9875 0.41796875 0.9736111109375001 0.478125 0.85555555625 0.48359375 0.8375 0.521875 0.7597222218749999 0.75546875 0.29444444375 0.75625 0.2833333328125 0.75234375 0.2708333328125 0.7453125 0.2708333328125 0.74296875 0.2625 0.7296875 0.2541666671875 0.71953125 0.23194444375 0.55234375 0 0.43046875 0
5 0.2828125 0.6944444437499999 0.30625 0.7083333328125 0.31015625 0.7041666671875 0.32578125 0.6736111109375 0.334375 0.6388888890625 0.32109375 0.6138888890625 0.3140625 0.6125 0.30078125 0.5875 0.3046875 0.5763888890625 0.31015625 0.5763888890625 0.30703125 0.5291666671875 0.31484375 0.497222221875 0.3140625 0.4875 0.31875 0.477777778125 0.321875 0.48055555625 0.32734375 0.47222222187499996 0.34140625 0.46527777812500004 0.34296875 0.44444444375 0.3328125 0.384722221875 0.31953125 0.36666666718749996 0.31015625 0.36666666718749996 0.3 0.3763888890625 0.28359375 0.3625 0.27890625 0.3638888890625 0.25859375 0.40416666718750005 0.2546875 0.42222222187499997 0.24609375 0.43333333281249997 0.24765625 0.4916666671875 0.2453125 0.502777778125 0.235546875 0.5069444437499999 0.21953125 0.5013888890625 0.2046875 0.5291666671875 0.20390625 0.5541666671875001 0.20703125 0.5666666671875 0.27421875 0.68194444375 0.2828125 0.6944444437499999
0 0.31484375 0.6111111109375 0.3265625 0.6166666671875001 0.35546875 0.5986111109375 0.3703125 0.5708333328124999 0.44453125 0.5041666671875 0.45859375 0.48472222187499997 0.47421875 0.4763888890625 0.478125 0.4611111109375 0.47578125 0.4513888890625 0.46640625 0.44444444375 0.3796875 0.4861111109375 0.3125 0.49305555625 0.30859375 0.5166666671875 0.3078125 0.5513888890625 0.3109375 0.5638888890625 0.30859375 0.5958333328125 0.31484375 0.6111111109375
1 0.35078125 0.5486111109375 0.34609375 0.5208333328125 0.3375 0.5138888890625 0.32578125 0.5138888890625 0.3171875 0.5305555562500001 0.31875 0.5527777781250001 0.3296875 0.56805555625 0.34609375 0.559722221875 0.35078125 0.5486111109375
9 0.47890625 0.43194444374999996 0.5046875 0.440277778125 0.51875 0.434722221875 0.534375 0.41944444374999995 0.546875 0.3875 0.55234375 0.34861111093749997 0.54921875 0.29305555625 0.53359375 0.252777778125 0.5171875 0.23194444375 0.4828125 0.22777777812500002 0.46640625 0.23611111093749998 0.45 0.25833333281250004 0.4390625 0.29444444375 0.43828125 0.33888888906250003 0.44140625 0.3611111109375 0.46015625 0.40833333281249995 0.47890625 0.43194444374999996
7 0.40724296875 0.838884721875 0.43515625 0.8027777781250001 0.45078125 0.7763888890625 0.459375 0.7513888890625 0.45234375 0.7569444437499999 0.44453125 0.7430555562500001 0.44375 0.7361111109375 0.44921875 0.722222221875 0.4234375 0.6958333328124999 0.394934375 0.6514208328125 0.3849546875 0.6502375 0.37863437499999997 0.6437291671875001 0.35703125 0.6791666671875001 0.3515625 0.6736111109375 0.34375 0.68194444375 0.3296875 0.7125 0.33125 0.7194444437499999 0.3515625 0.7597222218749999 0.40724296875 0.838884721875
11 0.34921875 0.73194444375 0.353125 0.7236111109375 0.3515625 0.7083333328125 0.346875 0.702777778125 0.33828125 0.70555555625 0.33515625 0.7111111109375 0.33671875 0.7263888890625 0.34140625 0.7333333328125 0.34921875 0.73194444375
11 0.46328125 0.7416666671875001 0.4609375 0.727777778125 0.4546875 0.722222221875 0.44609375 0.727777778125 0.4453125 0.7486111109375 0.45078125 0.7569444437499999 0.459375 0.7541666671875 0.46328125 0.7416666671875001
11 0.4703125 0.3638888890625 0.46640625 0.35694444375 0.4578125 0.35694444375 0.45703125 0.3638888890625 0.46015625 0.3736111109375 0.4703125 0.3736111109375 0.4703125 0.3638888890625
11 0.50625 0.39305555625 0.50625 0.3861111109375 0.5015625 0.3763888890625 0.49453125 0.3763888890625 0.490625 0.38333333281250004 0.490625 0.3916666671875 0.496875 0.40138888906250003 0.5015625 0.40277777812500004 0.50625 0.39305555625
11 0.53046875 0.3375 0.5234375 0.3416666671875 0.52265625 0.3541666671875 0.525 0.3583333328125 0.5328125 0.35694444375 0.53046875 0.3375
11 0.52734375 0.275 0.52109375 0.2708333328125 0.5171875 0.27638888906250003 0.5171875 0.28611111093749997 0.5203125 0.29444444375 0.5296875 0.29444444375 0.52734375 0.275
11 0.49453125 0.26944444375 0.49296875 0.252777778125 0.48359375 0.2541666671875 0.4828125 0.2638888890625 0.4859375 0.2708333328125 0.48984375 0.2736111109375 0.49453125 0.26944444375
11 0.46640625 0.2986111109375 0.4625 0.290277778125 0.4546875 0.2916666671875 0.453125 0.30555555624999997 0.45859375 0.3138888890625 0.4640625 0.3138888890625 0.46640625 0.2986111109375
11 0.23125 0.5555555562500001 0.23203125 0.547222221875 0.22421875 0.5319444437499999 0.21484375 0.5319444437499999 0.209375 0.540277778125 0.209375 0.5541666671875001 0.21875 0.565277778125 0.22734375 0.5638888890625 0.23125 0.5555555562500001
8 0.4800546875 0.6208166671875001 0.51383359375 0.6180361109375 0.558246875 0.5985666671875001 0.590775 0.5679736109375 0.60954140625 0.5396041671875 0.6317484375 0.49343472187500004 0.6505140625 0.444484721875 0.66396328125 0.38719166718750003 0.66239921875 0.3426916671875 0.6573953125 0.2571375 0.6395671875 0.190834721875 0.6323734375 0.173034721875 0.6107921875 0.140772221875 0.59546640625 0.12085555625 0.5813921875 0.1018333328125 0.54010625 0.0613361109375 0.49006328125 0.05410555625 0.45941171875000003 0.0635611109375 0.43001171875 0.08303055625 0.40154921874999994 0.12419305624999999 0.37402578124999997 0.1570111109375 0.3571359375 0.19761805625 0.3430609375 0.24434305625000002 0.33586796875 0.2860625 0.33180156250000004 0.3505875 0.33618046874999996 0.4062125 0.344 0.4484875 0.35525937500000004 0.48798194375000004 0.362140625 0.50355694375 0.388871875 0.554652778125 0.39842187500000004 0.5674166671875 0.41187109375000003 0.5896666671874999 0.45034140625 0.6113611109375 0.4800546875 0.6208166671875001