2 0.3508182015625 0.3252616484375 0.360313809375 0.6061453218749999 0.3653774984375 0.6153211453125 0.3897910703125 0.614542559375 0.613315765625 0.6476533765625 0.6621275015625 0.652499421875 0.6851702125 0.6578115765625 0.6943310796875 0.6551183984375 0.6968071328125001 0.6124435015625 0.69054208125 0.538922996875 0.6878582765625 0.3861434375 0.6863468734375 0.38018908125 0.6788995859375 0.3752688328125 0.6077305734375 0.3620652640625 0.3508182015625 0.3252616484375
5 0.646401378125 0.4246369609375 0.659659425 0.4100747828125 0.65274161875 0.39646728593749997 0.547000834375 0.378497096875 0.5203750203124999 0.3827699171875 0.5189887484375 0.395263878125 0.5255792484375 0.40399083906250005 0.533197896875 0.40814974375 0.569296478125 0.4124675015625 0.5758869765625 0.42119446250000003 0.5984002046875 0.4351938640625 0.6014384171875 0.4406993578125 0.59427220625 0.4598693046875 0.6255881765625 0.47910143437499997 0.635076353125 0.48128879218750004 0.6469635359375 0.47281735312500006 0.66748210625 0.4703399828125 0.6656896234375 0.44029543125000004 0.646401378125 0.4246369609375
0 0.5409879015625 0.41154730624999997 0.5270598328125 0.4227516359375 0.5232745515625 0.44590439374999996 0.4909631109375 0.488107959375 0.493144534375 0.497420165625 0.5090826703125 0.4962893859375 0.5240388874999999 0.48051700156250005 0.5637668 0.4560401234375 0.5814185125 0.44729591874999997 0.59905481875 0.44495493281250004 0.5980574890625 0.43671654843749996 0.575372903125 0.42347848906249996 0.5689537609374999 0.41399018749999994 0.5409879015625 0.41154730624999997
1 0.5485757312499999 0.42851265312500003 0.5470335109375 0.43536473593749997 0.559388540625 0.4438189296875 0.5724444109375 0.44282453437499997 0.576868896875 0.4358360671875 0.5726465875 0.4292567515625 0.562145675 0.425234228125 0.5485757312499999 0.42851265312500003
7 0.44367632968750004 0.4131389703125 0.4753658328125 0.41804197343749994 0.489807975 0.4045536171875 0.5062601843750001 0.401138809375 0.5084878359375 0.39124135625 0.504436884375 0.383900696875 0.4095397296875 0.3684303453125 0.3962662765625 0.38939574375 0.3974195515625 0.40327600625000004 0.418748684375 0.4162015859375 0.44367632968750004 0.4131389703125
9 0.4732343515625 0.528868265625 0.4820062765625 0.5469074328125 0.507059053125 0.5622931359375001 0.54823673125 0.569383496875 0.5585816953125 0.567764140625 0.576918840625 0.5559745656249999 0.5798473328125 0.536628521875 0.57224409375 0.5260663953125 0.5534545125 0.51452711875 0.511435453125 0.50484025 0.490745525 0.5080789609374999 0.47716017187500004 0.5177606046875 0.4732343515625 0.528868265625
11 0.4878287265625 0.381673628125 0.486457865625 0.3877643671875 0.499669684375 0.3924118484375 0.5049355484375 0.3880198890625 0.502910075 0.38434955937500004 0.4878287265625 0.381673628125
11 0.4189200421875 0.41544024375 0.4211322828125 0.411946009375 0.416567259375 0.406889378125 0.408605896875 0.4042531578125 0.401143196875 0.40573612968750006 0.4024832421875 0.41245182968750005 0.4189200421875 0.41544024375
8 0.4759314375 0.6118114593749999 0.5014087843749999 0.6209651484375 0.5288797015625 0.6268296640625 0.5705971296875 0.628715621875 0.5851313593749999 0.629020653125 0.6127270234375 0.6232007453125 0.630604375 0.616076615625 0.64203236875 0.6079349781250001 0.6615624828125 0.5934612953125 0.6676390265625 0.5831489703125 0.673381646875 0.566902271875 0.6742238296874999 0.5464810328125 0.6721163796875 0.5354528468749999 0.661637290625 0.518980590625 0.6509485265625 0.5071457484375 0.6341732390625 0.48898815156250003 0.5966203812499999 0.46674293437500003 0.5789760859374999 0.459864334375 0.5652387984375 0.45786824531250003 0.5384709484375 0.44888634375 0.526369578125 0.4470335453125 0.520320759375 0.44659929375 0.5057398109375 0.4441516390625 0.4852999921875 0.4441252984375 0.46099053437500004 0.44461235312499997 0.4350399734375 0.44682890468750003 0.41384440937500006 0.45201643125 0.396347528125 0.4667241984375 0.3825249890625 0.47993655312500005 0.3732082765625 0.49723327812499996 0.37005032187500003 0.5112640609375 0.3709084625 0.5259868453125 0.3771669703125 0.5445317296875001 0.3917071765625 0.563345703125 0.4070560484375 0.57672335625 0.4241912890625 0.5895758421874999 0.45452405156250003 0.6012543609375001 0.4759314375 0.6118114593749999
11 0.48516843437499996 0.538597265625 0.48980358749999997 0.54381741875 0.49708552656249994 0.5451013453125 0.5022578140625 0.544020134375 0.5025154 0.5413109921875 0.49948960312499996 0.5375494 0.49363238750000005 0.5354086703125 0.48516843437499996 0.538597265625
11 0.529360346875 0.555803671875 0.5270651359375 0.5527046296875 0.5200979734375 0.5508013390625 0.513544171875 0.5517618703125 0.51298806875 0.55657649375 0.51888503125 0.5593198140625 0.5246823078125 0.5601621671875 0.5282429578125 0.559203540625 0.529360346875 0.555803671875
11 0.5580539984375 0.5581676734375 0.558601478125 0.5565144046875 0.5597822671875 0.5528328375 0.5561044921875 0.550403309375 0.5494709 0.5493681578125 0.545428453125 0.5501172078125001 0.5438731203125 0.5531189999999999 0.5475883640625 0.557732265625 0.5541373046875 0.5591435234375 0.5580539984375 0.5581676734375
11 0.5497535859375 0.5355946968749999 0.5526363203125 0.538433565625 0.5582444453125001 0.5393308171875 0.56475469375 0.5393492921874999 0.56781610625 0.5366939015625001 0.5665676125 0.53363835625 0.5667120328124999 0.5345613890625 0.5648549375 0.5318596609374999 0.559000303125 0.5289282890625 0.5528683578125 0.5288000203125 0.548737796875 0.531505246875 0.5497535859375 0.5355946968749999
11 0.5296493140625 0.521667734375 0.534380025 0.5217692828125 0.5369971046875001 0.5210880546875 0.538276525 0.520097646875 0.541548584375 0.5188818890625 0.5382874296875 0.5153551453125 0.53199104375 0.51360729375 0.526379284375 0.5142908765625 0.5249730609375 0.515844678125 0.5254263390625 0.519310328125 0.5296493140625 0.521667734375
11 0.4943113375 0.523010321875 0.498891240625 0.524561071875 0.503790025 0.5247013703125 0.506135884375 0.5236604984375 0.506431990625 0.5223449 0.5065437625 0.5195044375 0.50481241875 0.5170295078125 0.4994969375 0.5163967296875 0.4961030078125 0.517393790625 0.49343861093749997 0.5198435921875 0.4943113375 0.523010321875
11 0.639440759375 0.406981728125 0.64583845625 0.40861518906249994 0.6489244765625 0.40742781875 0.6497372265625 0.40381677031249996 0.6493085125 0.4007107578125 0.6424795624999999 0.3972368359375 0.6334308156249999 0.3973667265625 0.631080721875 0.3990408890625 0.6333151609375001 0.40414565625 0.639440759375 0.406981728125