2 0.4140625 0 0.39921875 0.055555556250000006 0.35234375 0.29722222187499997 0.3484375 0.32083333281250004 0.35234375 0.34444444375 0.63125 0.5583333328125 0.63828125 0.5541666671875001 0.7265625 0.2166666671875 0.7296875 0.20138888906250002 0.72734375 0.1888888890625 0.73125 0.184722221875 0.72265625 0.172222221875 0.49921875 0.006944443749999999 0.48671875 0 0.4140625 0
5 0.446875 0.184722221875 0.44765625 0.15694444375 0.45234375 0.13888888906250002 0.4796875 0.1208333328125 0.5015625 0.1458333328125 0.509375 0.14861111093749999 0.5296875 0.1208333328125 0.53125 0.097222221875 0.52265625 0.075 0.52265625 0.05694444375 0.4453125 0.013888889062500001 0.4375 0.0236111109375 0.41484375 0.134722221875 0.41484375 0.175 0.43046875 0.19305555624999998 0.4390625 0.19444444375 0.446875 0.184722221875
0 0.525 0.302777778125 0.5390625 0.3111111109375 0.49375 0.165277778125 0.4859375 0.12361111093749999 0.4765625 0.12222222187500001 0.4515625 0.1416666671875 0.4484375 0.1708333328125 0.4546875 0.1986111109375 0.49453125 0.24444444375000002 0.525 0.302777778125
1 0.47890625 0.15555555625 0.46953125 0.15555555625 0.465625 0.1625 0.47109375 0.1861111109375 0.47890625 0.1875 0.484375 0.1763888890625 0.47890625 0.15555555625
9 0.57578125 0.35972222187499997 0.603125 0.3416666671875 0.61015625 0.31805555625 0.61328125 0.290277778125 0.60390625 0.2513888890625 0.59453125 0.2388888890625 0.58203125 0.23333333281250002 0.56328125 0.2416666671875 0.55 0.25833333281250004 0.54296875 0.2833333328125 0.54140625 0.3013888890625 0.5484375 0.3375 0.56328125 0.35694444375 0.57578125 0.35972222187499997
11 0.4328125 0.3291666671875 0.434375 0.34305555625 0.44296875 0.34027777812500004 0.4421875 0.3263888890625 0.4328125 0.3291666671875
11 0.4265625 0.20416666718749998 0.4171875 0.20555555625 0.4171875 0.21805555625 0.425 0.2208333328125 0.42734375 0.215277778125 0.4265625 0.20416666718749998
7 0.43125 0.34305555625 0.43203125 0.32777777812500003 0.4421875 0.32777777812500003 0.44296875 0.290277778125 0.4515625 0.26805555625 0.45234375 0.25833333281250004 0.434375 0.23194444375 0.42890625 0.20416666718749998 0.41953125 0.197222221875 0.41171875 0.222222221875 0.4 0.2833333328125 0.39921875 0.2958333328125 0.40234375 0.309722221875 0.41640625 0.33194444375 0.43125 0.34305555625
8 0.47526875 0.354722221875 0.48778125 0.39477777812500003 0.49723515625000003 0.41505138906249994 0.510859375 0.43829305625000003 0.52643046875 0.46153611093749997 0.54339140625 0.47785416718749996 0.5614648437499999 0.4862611109375 0.582875 0.49120555625 0.6001140625 0.48428333281249997 0.6120703125 0.47439305625 0.6354265625 0.45757916718749997 0.6473828125 0.4407666671875 0.6587828124999999 0.41505138906249994 0.6751875 0.371040278125 0.68019296875 0.34038194375 0.69020234375 0.28598611093750004 0.687421875 0.23900833281249997 0.6774125 0.194997221875 0.665734375 0.174227778125 0.6454359375000001 0.1490083328125 0.6332023437500001 0.13367777812499998 0.61485078125 0.11538194375 0.594553125 0.11043611093750001 0.5764796875 0.109447221875 0.54978671875 0.11191944375 0.5283765625 0.1282388890625 0.51475234375 0.1470291671875 0.5039078124999999 0.16483194375000002 0.49695703125 0.1836236109375 0.48416640624999996 0.21675555625 0.4799953125 0.2340625 0.48118437500000005 0.23621527812499998 0.47721484375 0.24790833281250002 0.4747125 0.2924138890625 0.47332265625 0.321590278125 0.47526875 0.354722221875
11 0.57410859375 0.3509916671875 0.5801828125 0.348677778125 0.5817015624999999 0.34211805625 0.579640625 0.335365278125 0.57768828125 0.33324444375 0.5745421875 0.33324444375 0.57258984375 0.336909721875 0.5711796875 0.342890278125 0.57378359375 0.3508 0.57410859375 0.3509916671875
11 0.5952609375 0.3320861109375 0.59818984375 0.3336291671875 0.601878125 0.329 0.6022031250000001 0.3249486109375 0.6014437499999999 0.31896805625 0.600359375 0.31723194375 0.598840625 0.31588194375 0.5975390625 0.31549583281250004 0.59439296875 0.3168458328125 0.59178984375 0.3226333328125 0.59276640625 0.3284208328125 0.5952609375 0.3320861109375
11 0.5578375 0.32919305625 0.55978984375 0.328227778125 0.56174296875 0.3226333328125 0.56130859375 0.31723194375 0.55968125 0.31279444375 0.5580546875 0.310865278125 0.55610234375 0.310672221875 0.555090625 0.31085694375 0.55382421875 0.3133736109375 0.55263046875 0.320125 0.5540406250000001 0.3262986109375 0.5578375 0.32919305625
11 0.560115625 0.28501388906249997 0.56174296875 0.2827 0.56206796875 0.276140278125 0.5615257812500001 0.27189583281249996 0.56000703125 0.2697736109375 0.55782421875 0.26850416718750003 0.5552343750000001 0.271125 0.55436640625 0.27864861093750004 0.5559937500000001 0.2836638890625 0.560115625 0.28501388906249997
11 0.57920703125 0.2663013890625 0.5832203125000001 0.26553055625 0.5839796875000001 0.25819861093749996 0.5828953125 0.25395416718749997 0.58181015625 0.252797221875 0.5790437500000001 0.2495263890625 0.574759375 0.25183333281250003 0.57389140625 0.259934721875 0.5757359375 0.2647583328125 0.57920703125 0.2663013890625
11 0.60101015625 0.2902236109375 0.6050234375 0.2846291671875 0.6061085937499999 0.280577778125 0.60404765625 0.27517638906249997 0.6014437499999999 0.273247221875 0.59818984375 0.2734388890625 0.595478125 0.274790278125 0.5952609375 0.2796125 0.5962375 0.288872221875 0.60101015625 0.2902236109375
11 0.45078125 0.0486111109375 0.453125 0.04444444375 0.453125 0.0208333328125 0.44296875 0.019444443750000002 0.4390625 0.026388889062499997 0.4421875 0.04444444375 0.44609375 0.05 0.45078125 0.0486111109375