2 0.4415955546875 0.8074775796875 0.45019870781250004 0.8102779796874999 0.7334956578125 0.380415675 0.7312266968750001 0.365066484375 0.5325986484375 0.031020339062500003 0.44920638124999995 0.0261632921875 0.40179512656250005 0.03439186875 0.25460423125 0.2603032125 0.18527939531249998 0.3524811609375 0.18307481406249998 0.36574440625000004 0.18548232656250002 0.375344828125 0.2888366703125 0.544891559375 0.433957365625 0.7959226187499999 0.4415955546875 0.8074775796875
5 0.6046317203125 0.48722061875 0.6130270453125 0.498644171875 0.6225951609375 0.49269001250000005 0.6442130749999999 0.4560209109375 0.6431193546875 0.40755059843749997 0.6493842703125 0.397876190625 0.6700323234375001 0.4014484703125 0.6778115140625001 0.3915112515625 0.6792589578125 0.3783794125 0.6730682140625001 0.3536926125 0.591940575 0.216067784375 0.5730146203125 0.20360954062499997 0.5545662515625 0.2182608359375 0.5460274765625 0.24407287187499999 0.5590324468750001 0.2675770125 0.5748605812500001 0.28343526875 0.58215239375 0.30936215 0.5788467453125 0.3213853125 0.5855867984375001 0.354563859375 0.583105115625 0.3793246421875 0.5733291734375 0.3939019546875 0.5710528671875 0.4257829953125 0.56341223125 0.4299714453125 0.5731091046875 0.481242159375 0.6046317203125 0.48722061875
0 0.5473314734375 0.2681766234375 0.535217296875 0.270279128125 0.5250256984375 0.3021027453125 0.4318262296875 0.33688355468750003 0.42576669218749996 0.35367821718750003 0.43753449218749996 0.3659476328125 0.4678199375 0.36069136875 0.5265301796874999 0.364813575 0.5747766171875 0.38077011562499996 0.57904478125 0.375735803125 0.5834539421875 0.349209309375 0.5743088249999999 0.29068693125 0.5670145671875 0.28050346249999997 0.5473314734375 0.2681766234375
1 0.5676258062499999 0.333351053125 0.5631547140625 0.3155216984375 0.55214405 0.30312087656250003 0.543471621875 0.303194859375 0.538307771875 0.314109346875 0.5400942515625 0.33383581875 0.549934571875 0.34787094375 0.560051996875 0.3504085296875 0.5676258062499999 0.333351053125
7 0.4867231328125 0.07689919843750001 0.47089255 0.0767843546875 0.4479013625 0.092224090625 0.434819771875 0.11882456562499999 0.437638040625 0.14266550312499998 0.44947511718750005 0.152060534375 0.49124391562499997 0.2178014546875 0.5001217234374999 0.224847728125 0.510169871875 0.2302596984375 0.528410415625 0.22423155625 0.5469973375 0.20383149218750002 0.547482265625 0.1837108015625 0.5425979671875 0.16738434375 0.4867231328125 0.07689919843750001
9 0.45679458593750005 0.4427510078125 0.4492973953125 0.40970387031250005 0.4424163421875 0.398017503125 0.41667861093749997 0.3709985078125 0.401399784375 0.36363199687500003 0.38845919375000004 0.36874029375 0.368976584375 0.3950205328125 0.3649138 0.407175103125 0.3676627953125 0.43389042499999997 0.3930517 0.49102475312499994 0.4103248328125 0.50949458125 0.4282882734375 0.514963975 0.4434309953125 0.5123358421875001 0.445222371875 0.500575490625 0.45472121093749995 0.49749571562500006 0.46023143906249997 0.47220930625 0.45679458593750005 0.4427510078125
11 0.436536975 0.1414254203125 0.44734226093749996 0.1467059859375 0.45057863125 0.1375572046875 0.44645146875 0.12109934062500001 0.43413191093750003 0.11608158906249999 0.4327537421875 0.1263390421875 0.436536975 0.1414254203125
11 0.53736239375 0.196916625 0.5451391343750001 0.20272281718750002 0.5505083640625 0.1989285859375 0.550716190625 0.1903054328125 0.545349409375 0.178356253125 0.5355066390625 0.1800645390625 0.53736239375 0.196916625
11 0.6672165031249999 0.3618641234375 0.656824425 0.3550806640625 0.6529694671875 0.35861208125 0.65633949375 0.37520135468750004 0.664116234375 0.38100754375 0.66982939375 0.378584803125 0.6718954234375001 0.3710703265625 0.6672165031249999 0.3618641234375
11 0.40227819687500005 0.37543991718749997 0.4015885671875 0.3871765 0.4088294828125 0.3956002890625 0.41422862031249996 0.39156615625 0.41441543437500006 0.379528990625 0.407137040625 0.372660240625 0.40227819687500005 0.37543991718749997
11 0.384498534375 0.3982745703125 0.37742445468749997 0.395629553125 0.3732727421875 0.40293354531250003 0.377888934375 0.4145235328125 0.3826914140625 0.41833706875 0.38762510156249996 0.416706521875 0.3897478796875 0.4089804 0.384498534375 0.3982745703125
11 0.38732499374999996 0.450447165625 0.3833782328125 0.45345496093750004 0.3858535078125 0.46503010156249996 0.3900789734375 0.47165300937500004 0.39568155625 0.4761019484375 0.3981826859375 0.4767813171875 0.3959806953125 0.463658871875 0.38732499374999996 0.450447165625
11 0.42446122343750003 0.487758809375 0.4207190015625 0.4864719125 0.4168653328125 0.49411059375 0.4190056109375 0.5026453703125 0.42362202499999996 0.5057169312500001 0.4285835234375 0.504950284375 0.4290584078125 0.49586716875 0.42446122343750003 0.487758809375
11 0.450659684375 0.482537784375 0.453706621875 0.4757117734375 0.45184561562500003 0.4682906453125 0.44533094999999995 0.463613584375 0.44069530625000003 0.465578821875 0.4404528765625 0.4714300609375 0.44451086718750005 0.48079411875 0.4465206859375 0.4819938375 0.450659684375 0.482537784375
11 0.440512275 0.409463946875 0.43440687499999997 0.40471442343749997 0.4320605546875 0.4132536125 0.4352809640625 0.423537309375 0.4398782609375 0.42738645625 0.44436800937500004 0.42881554062499994 0.4460405484375 0.4212820546875 0.440512275 0.409463946875
8 0.31028183593750003 0.5426852125 0.3324200625 0.5863338203125 0.356509165625 0.6246962484374999 0.374986103125 0.6472134765625001 0.4044270421875 0.6688167671875 0.4321561296875 0.680329653125 0.462573325 0.6829649515625 0.49241976562499995 0.6822372828125001 0.5179156500000001 0.6728661234375 0.53185248125 0.656594884375 0.5447203984375 0.6306168484375 0.560276328125 0.584878540625 0.563702671875 0.561528103125 0.56446519375 0.535176534375 0.5612094515625 0.49715553593750006 0.557881259375 0.4784394234375 0.5495847640625 0.41705337968749995 0.541406340625 0.38335020625 0.537458815625 0.3686987984375 0.51448561875 0.30607453281249997 0.5041931609375 0.28938575625 0.4808649421875 0.2573215640625 0.4533505640625 0.231425259375 0.42507427968749995 0.21555637187499999 0.39311182499999997 0.20131476250000002 0.3649538796875 0.1968032203125 0.3368907171875 0.20464205937500002 0.3130838171875 0.2250993984375 0.29281947812500003 0.2498880609375 0.28068989375000003 0.27227593125 0.2690813640625 0.3108974125 0.2686501609375 0.35599003281249997 0.2711683265625 0.3976010703125 0.2797510078125 0.447065803125 0.2919956125 0.495893546875 0.31028183593750003 0.5426852125