2 0.428948353125 0 0.1430199390625 0.048346290624999996 0.1361077765625 0.056504528124999995 0.1976426953125 0.5283748687500001 0.2207865046875 0.6642514421875 0.2224251609375 0.7031155296875 0.2256981234375 0.7039600187499999 0.22702555000000002 0.7274998453125 0.2394833671875 0.7449639890624999 0.441102834375 0.6843130296875 0.8771698421874999 0.5658477578125 0.9390999250000001 0.54139730625 0.9809797578125 0.5330324328125 0.9837393796875 0.45400719843750004 0.9715646453125 0.3555790875 0.8947292593749999 0 0.428948353125 0
5 0.34627806250000004 0.02655941875 0.339322471875 0.0151544203125 0.20043649062500002 0.038637996875000004 0.22197349375000003 0.19994843281250002 0.2398076 0.24166569999999998 0.3111194078125 0.22261842812500002 0.3088467171875 0.197840534375 0.29600673906249997 0.1580746296875 0.2929147203125 0.11386469218749999 0.3108154109375 0.085675775 0.3148642734375 0.08638907031250001 0.33669946875 0.0323727140625 0.34627806250000004 0.02655941875
0 0.3274596078125 0.0409245296875 0.3128753078125 0.0895211703125 0.294297153125 0.11223304375000001 0.2949471140625 0.130295825 0.298574734375 0.16602781093750002 0.31228904687500003 0.20005428281249998 0.3432700140625 0.21997802968750002 0.37117488593750003 0.22784081406249998 0.4017027609375 0.21848530312499997 0.421143671875 0.234768709375 0.49190829999999997 0.268934103125 0.5581434703125 0.28569268124999997 0.5818576156249999 0.2788871703125 0.5779346921874999 0.2599798984375 0.565744675 0.23827677656250001 0.5219396546875 0.21073609843750002 0.4178504390625 0.12489156406249999 0.35408048281250004 0.0448107203125 0.344698759375 0.039407540625 0.3274596078125 0.0409245296875
1 0.37919733437500003 0.1454062203125 0.381989703125 0.1295571890625 0.37714901562500003 0.0968261140625 0.3585824375 0.074803275 0.3483263796875 0.0751395265625 0.34063831875 0.08342895781250001 0.33170968749999996 0.10730503281249999 0.333982378125 0.132082928125 0.3434075296875 0.1570493453125 0.3591658140625 0.1627722421875 0.3690831390625 0.15969747031249998 0.37919733437500003 0.1454062203125
7 0.27533395 0.3111452359375 0.27571611093750004 0.33344699375000003 0.28050179062499997 0.39134954375 0.30848628749999996 0.5599571937500001 0.315370946875 0.56438469375 0.3198294734375 0.574814009375 0.3692626578125 0.590219859375 0.396419134375 0.5856280984375 0.4134179890625 0.5757643484375 0.412838959375 0.5646790671875 0.4059543 0.5602515671875 0.3993649453125 0.53899935625 0.39922308281249996 0.52504435625 0.4110584421875 0.511859984375 0.38318830312499996 0.36979306875 0.306948953125 0.316982790625 0.29827219843749997 0.30447091875 0.27533395 0.3111452359375
9 0.6268088140625 0 0.6121871609375 0.005362371875 0.592494375 0.025466915624999996 0.577866646875 0.054500321875 0.571167278125 0.0835910546875 0.5728059328125 0.1224551421875 0.5650628656250001 0.1559160484375 0.5647400578124999 0.1853264984375 0.5703016375 0.24309785625 0.59363796875 0.2908742703125 0.616422775 0.3149796640625 0.647769978125 0.325056196875 0.6656156625 0.322038753125 0.683051684375 0.309305290625 0.7320983625 0.225525696875 0.7410110703125 0.1695006453125 0.7283520359375 0.08636929374999999 0.720478684375 0.061140489062500004 0.6980601125 0.02718788125 0.6820615296875 0.013118223437500002 0.6409792515625 0 0.6268088140625 0
11 0.2933214984375 0.322082790625 0.283065440625 0.322419040625 0.279087509375 0.32868324375 0.2768307421875 0.3360543234375 0.279032503125 0.3538547203125 0.2840975625 0.36278358125 0.2939164515625 0.3653170484375 0.3014351484375 0.35565835468749996 0.30267571718749997 0.340071709375 0.2933214984375 0.322082790625
11 0.4005780109375 0.535998446875 0.40483966718750003 0.5576442390625 0.4155053890625 0.5670240109375 0.42292565 0.56297355625 0.4291603484375 0.5493382734375001 0.42739575625 0.5286681625 0.418888365625 0.51752555 0.40569807812500003 0.519755834375 0.4005780109375 0.535998446875
11 0.6772338828125 0.2110381984375 0.6783210109375 0.22623126718750003 0.6843313359375001 0.23639819687500002 0.6939808609375 0.23756240156250003 0.698565325 0.22979774218750001 0.6983525296875001 0.2088652453125 0.6892386078125 0.1992230875 0.6851897453125 0.1985097921875 0.6772338828125 0.2110381984375
11 0.6252418796875 0.2302506171875 0.6347798250000001 0.23984344375000002 0.645879525 0.2161454515625 0.6397265578125 0.20421053437499997 0.6304030296875001 0.1963511921875 0.6238880828125 0.20040093906249998 0.6210637140624999 0.21267396718749998 0.6252418796875 0.2302506171875
11 0.5931605125 0.157236221875 0.60085944375 0.160062440625 0.606772071875 0.14844706093749999 0.6060089875 0.131474196875 0.6016345624999999 0.1204183796875 0.5930671296875001 0.1159692734375 0.588523140625 0.1332509703125 0.5931605125 0.157236221875
11 0.619508234375 0.0731639 0.6278919578125 0.0788238953125 0.6356662046875 0.0633542640625 0.6325819578125 0.043824309374999995 0.62757238125 0.0411332734375 0.61744005 0.03753868125 0.6122717421874999 0.057874109375 0.619508234375 0.0731639
11 0.6720552343749999 0.0766643546875 0.6810214 0.0816345578125 0.6889387625000001 0.067321953125 0.6893604390625 0.057224925 0.684485875 0.042125678124999996 0.670881678125 0.0349258296875 0.66496151875 0.06252885 0.6720552343749999 0.0766643546875
11 0.710439765625 0.159292921875 0.720018359375 0.1534796265625 0.7257449593749999 0.1357365609375 0.72192046875 0.111221053125 0.705118484375 0.10986832656250001 0.6970641859375 0.1280049703125 0.6998724796875 0.1443049125 0.710439765625 0.159292921875
8 0.4341139921875 0 0.42202170156249996 0.0011711953125000001 0.4159461953125 0.038341140625 0.41556335781250003 0.0716786546875 0.4083111296875 0.1488513265625 0.40836110625 0.2088770265625 0.41501609375 0.2858691296875 0.43495630781249994 0.341084859375 0.46655770625 0.40445522812499995 0.4982746953125 0.45551013906250004 0.5403744796875001 0.507701721875 0.5852242640624999 0.5456869796875 0.632421790625 0.5695311296875001 0.7047631062499999 0.59129476875 0.7621871828125 0.585201565625 0.8199723515624999 0.535649546875 0.85264935625 0.491789775 0.880138428125 0.37285938125 0.894692859375 0.2785397328125 0.8940988703125001 0.18099415937500002 0.8886059 0.1233356140625 0.8789290765625 0.0417912703125 0.8639564984374999 0 0.4341139921875 0