2 0.4285636609375 0.0792272015625 0.4047672015625 0.10342128125000001 0.374930921875 0.15660066718750001 0.2737102453125 0.2990460703125 0.2247552640625 0.35989934843750004 0.0585926984375 0.6043485390625001 0.0559282109375 0.6112069578125 0.0570417484375 0.6376615671875 0.1550912203125 0.9831008234375 0.158019178125 0.9873740124999999 0.301623234375 0.9923908156250001 0.32034921562499996 0.9763614015625001 0.3936772796875 0.86213788125 0.42247959375 0.8311671781250001 0.5676444140625 0.6179613421875 0.596575975 0.58421455625 0.6321339453125 0.525673853125 0.633749515625 0.4909727828125 0.6306873296875 0.4727919015625 0.5712084890625 0.356709375 0.44808006562499997 0.0965926125 0.4285636609375 0.0792272015625
5 0.1552201671875 0.5437703984375 0.13832355624999998 0.5876697281250001 0.11948327656249999 0.6565265640625 0.11799196875 0.6717677703125 0.1393526890625 0.767054434375 0.143906184375 0.7699941109374999 0.15515569375 0.7634356109375 0.180513065625 0.7392960625 0.1827152265625 0.708786384375 0.179329925 0.697545715625 0.1766455109375 0.63766901875 0.1906787875 0.58810845625 0.2016001984375 0.5718063890625 0.20289265781250002 0.544045534375 0.2074411703125 0.5303014328125 0.186095396875 0.48506610468750005 0.17341421875000002 0.4887939890625 0.16327326250000002 0.505123321875 0.1552201671875 0.5437703984375
0 0.180020846875 0.6155421296875 0.1783356703125 0.6349474640625 0.1819248046875 0.6753915625 0.1927269375 0.695233140625 0.2067105375 0.69711195625 0.236686028125 0.6745240421875 0.2493025828125 0.6721842015624999 0.2560632203125 0.6612979796875 0.3190714078125 0.6176192546875 0.3373450296875 0.6113061421875 0.3574330734375 0.5828116078125001 0.3515771546875 0.5742652296874999 0.33206573437500003 0.5735835984375 0.275877825 0.5883042796875 0.20173442812500003 0.5857140828125 0.18632414218749999 0.5976884296875 0.180020846875 0.6155421296875
1 0.21344626249999998 0.602806840625 0.20616365937499997 0.6081136265625 0.1915388125 0.6367990156250001 0.18939629375 0.6492368703125 0.1983143984375 0.67596413125 0.216523396875 0.6710390609375 0.22698746718749999 0.6477695156250001 0.2278275640625 0.6297249593750001 0.2239849203125 0.6115168109375 0.21344626249999998 0.602806840625
7 0.272078440625 0.7665596046875 0.246822975 0.7924225140625001 0.20643226406249998 0.8542061828125 0.2044836140625 0.8624799078125 0.21054834687500001 0.9169134968750001 0.23235644687499998 0.9858000812500001 0.24334746406250002 0.9847937531250001 0.32292416562500004 0.88747213125 0.2912186546875 0.77931136875 0.272078440625 0.7665596046875
10 0.33524705312499997 0.33734366875 0.34220155937499996 0.32229331875 0.3516962875 0.319844415625 0.3535156921875 0.3143467734375 0.39188233906250003 0.29622290625000003 0.423816446875 0.29872882343749996 0.43910246875 0.3062143421875 0.4679893375 0.3405907140625 0.48309145468750003 0.38560791875 0.4870683265625 0.4177237609375 0.4855123953125 0.434353009375 0.49567328125000004 0.48475879375 0.5126544453124999 0.5062065375 0.5241028062499999 0.5121676859375001 0.544588553125 0.508712453125 0.5591388109375 0.4480475484375 0.5698017328125 0.437297653125 0.5349694125 0.3123440515625 0.5203246375 0.274294325 0.490980428125 0.232950475 0.4532500421875 0.2038263578125 0.43699725312500004 0.19464009375 0.434611875 0.15978951875 0.42176747499999995 0.1450777078125 0.40721891875000005 0.1454606375 0.40127304218750004 0.1978493734375 0.3702631265625 0.2064884140625 0.327412590625 0.23696834218750001 0.301732103125 0.268048103125 0.27618584375 0.313035559375 0.24284498124999998 0.391117921875 0.21932196093749998 0.459811165625 0.22284148906249998 0.484959528125 0.230914515625 0.5130475671875 0.2361192203125 0.5187905953125 0.2621974109375 0.5127501328124999 0.272209121875 0.4991968875 0.2809780484375 0.46196511874999996 0.2869582296875 0.4510516328125 0.285198465625 0.43847745156249995 0.291959103125 0.42759123125 0.2954636859375 0.40268825625 0.309636171875 0.3837191671875 0.3145077984375 0.36303485 0.3253645875 0.348120828125 0.325687703125 0.3411806125 0.33524705312499997 0.33734366875
9 0.334128684375 0.51248245 0.34675520312499997 0.543510165625 0.36412410624999997 0.5566296515625 0.3796039953125 0.5599510421875 0.40724309999999997 0.553965109375 0.42570560625000003 0.5268040890625 0.4362989234375 0.500758459375 0.4383668546875 0.45634108749999996 0.4339972625 0.415869725 0.421241496875 0.3876180953125 0.4069298 0.3759957125 0.3842965515625 0.375205021875 0.3649839828125 0.387043040625 0.3490567140625 0.41012172968750005 0.336127009375 0.4527693421875 0.334128684375 0.51248245
11 0.23033320625 0.9620942921875001 0.22806144218750002 0.9773082328125 0.23001507499999999 0.985718284375 0.2321625765625 0.989964209375 0.24172192812499999 0.9861272640625 0.2452314921875 0.9779080671875 0.24379484062499998 0.9583936734374999 0.23611951874999998 0.9553449359374999 0.23033320625 0.9620942921875001
11 0.277757021875 0.7830119890625 0.2750279140625 0.7912584484375 0.275877975 0.8065814515625 0.279586390625 0.81088190625 0.28908111718749996 0.808433003125 0.292133340625 0.7932463265624999 0.289528496875 0.7820329234375001 0.282698253125 0.7776234078125001 0.277757021875 0.7830119890625
11 0.21404266718749998 0.42208862187499996 0.2117709015625 0.43730256250000005 0.2136599109375 0.4471006578125 0.2228961484375 0.4502039265625 0.2286178375 0.4448426125 0.233230971875 0.4297104671875 0.22932370624999998 0.41289036250000005 0.22158376093749999 0.4112296671875 0.21404266718749998 0.42208862187499996
11 0.4043944125 0.161800875 0.40446401718749997 0.1770966125 0.412725928125 0.18433674375 0.4191634515625 0.1803907359375 0.42449242031249995 0.1666738984375 0.4235131140625 0.15412698281249998 0.4190888640625 0.148411221875 0.41037459218750005 0.15088738906250002 0.4043944125 0.161800875
11 0.5564593796875 0.4048546296875 0.5563997374999999 0.4229264515625 0.5652482375 0.43435797656249997 0.5755880453125 0.43054829687499996 0.5791622328125 0.42094105937500004 0.5798084593749999 0.4070606296875 0.5755780796875001 0.3971807375 0.56634184375 0.39407747031249996 0.5564593796875 0.4048546296875
11 0.35930215312499997 0.5258745874999999 0.3669774765625 0.5289233249999999 0.3711382515625 0.52350748125 0.37015894375 0.5109605640625 0.36001300468749997 0.5106061171875 0.35930215312499997 0.5258745874999999
11 0.4052795015625 0.5121875 0.400010171875 0.5078325140625 0.3936372703125 0.5103904781249999 0.39246907656249996 0.5186914703125 0.395267790625 0.5257407453125 0.40476251875 0.5232918421874999 0.4052795015625 0.5121875
11 0.4163898 0.47503752656250003 0.42178837500000005 0.47661642656250003 0.42594915 0.47120058125000003 0.427052721875 0.4642876328125 0.423538175 0.4558230484375 0.4148239046875 0.45829921718750005 0.41359108750000007 0.46798825156249996 0.4163898 0.47503752656250003
11 0.41377000781250006 0.41377278593750005 0.4102554609375 0.405308203125 0.401541190625 0.4077843703125 0.39959253906250003 0.41605809687499995 0.4038229203125 0.4259379890625 0.41175673437500004 0.42343455468749996 0.41377000781250006 0.41377278593750005
11 0.370198653125 0.4261536265625 0.374036315625 0.42767799531249995 0.3806677078125 0.41956786093750004 0.3802749875 0.41121233906250004 0.3751349046875 0.4040812671875 0.367787678125 0.41077609531250003 0.3665548609375 0.42046512968750005 0.370198653125 0.4261536265625
11 0.345562096875 0.4683922625 0.35213385 0.4783539484375 0.36039077656249996 0.4689103015625 0.35707009843750004 0.4562815890625 0.3466010453125 0.46286735625000003 0.345562096875 0.4683922625
8 0.537769715625 0.521150996875 0.5113081968750001 0.511296665625 0.4942973234375 0.49446646406249994 0.4881006375 0.4609675796875 0.48330755625000005 0.42670440625 0.4770702203125 0.38427281406249997 0.46779780625 0.3482306765625 0.45906189218750004 0.3300656875 0.43844474218749996 0.3122989546875 0.4059864828125 0.30385760781250004 0.379603353125 0.30212536874999996 0.36331980625 0.30886253125 0.338654096875 0.338848821875 0.322643653125 0.3691374828125 0.30940332812500004 0.3987109828125 0.29995869375 0.42516934375000004 0.2966277765625 0.457524834375 0.2925361796875 0.4866073984375 0.284606046875 0.50013048125 0.2644521734375 0.5116026578125 0.24642252187499997 0.5166549515625001 0.23450580312499997 0.527604346875 0.2320102 0.561612890625 0.2349372265625 0.5771391390625 0.25878290625 0.6789941953125 0.26306226875 0.6982658875000001 0.26990033593749996 0.71798844375 0.28790045625 0.7429711703125 0.33000329375000004 0.7598660234375 0.3462513578125 0.7636800015625 0.37267216406250003 0.7646030109375 0.4065673140625 0.7519870156249999 0.42023013750000004 0.7427224890625 0.4515030890625 0.7178386359375 0.4772305515625 0.684641696875 0.494532096875 0.6560220125 0.5158912531250001 0.60887234375 0.5293572375 0.5744351140624999 0.539634990625 0.5398878953125 0.539745234375 0.5277141046875 0.537769715625 0.521150996875