2 1 0.716852978125 0.9066374875 0.6371495421875 0.810409384375 0.5459488953125 0.6840922875000001 0.44309217500000003 0.31877846718749997 0.5751913890625 0.3056339078125 0.5841929218749999 0.3182345140625 0.602627109375 0.5547646953125 0.815078234375 0.6458861765624999 0.8946766578125 0.657088334375 0.8959163609375 0.6833279546875 0.8943666421875 1 0.8046732515624999 1 0.716852978125
5 0.6750644046875001 0.792762865625 0.652773153125 0.77461168125 0.6248313249999999 0.7722939906249999 0.57777653125 0.7909034890625 0.5888656265625001 0.8078149703124999 0.656029075 0.8317065375 0.7112911453125 0.8457611578125 0.778235759375 0.83283819375 0.7984293421875 0.8251976515624999 0.7836180046875 0.7966435140625 0.7117574640625 0.80030895625 0.6750644046875001 0.792762865625
0 0.701382175 0.6556785374999999 0.69439671875 0.655099115625 0.6890499015625 0.6576055328125 0.6794295984375001 0.7440631078125 0.6680648812500001 0.774948528125 0.6732986328125 0.788113890625 0.686202996875 0.7932210015625001 0.732078178125 0.7942315484375 0.7547226890625 0.7826023109375 0.7547721859375 0.766148965625 0.7137920828125 0.671768025 0.701382175 0.6556785374999999
1 0.7075902625 0.7831953296874999 0.7350235625 0.779260478125 0.74124623125 0.770461090625 0.727769775 0.7583198734375001 0.7121602203124999 0.7540751859375 0.6890071828125001 0.7594518828125 0.6840417609375 0.76664770625 0.69342865 0.77969178125 0.7075902625 0.7831953296874999
9 0.6024697296875 0.667968234375 0.626067725 0.6680625078125 0.6573363343749999 0.660098534375 0.670608025 0.6526601375000001 0.683116928125 0.63584293125 0.680016271875 0.6147810375 0.6679241953124999 0.6025993875 0.6489737890625 0.591401453125 0.6264423421875 0.5873589109374999 0.5862953734375 0.5885313515624999 0.5578590859375 0.597196034375 0.5447780921875001 0.6069791328125 0.5388096890625 0.6189047921874999 0.5403988328125 0.638443978125 0.548147078125 0.6484022109375001 0.5657131046874999 0.6596405765625 0.6024697296875 0.667968234375
10 0.5268661031249999 0.5573631015625 0.53932550625 0.5569992421875 0.5444180578125 0.551366553125 0.554045140625 0.5503019828125 0.6314431921875 0.5464748265625 0.6460992625 0.538996 0.6612638578125 0.5377697140625 0.6760329875 0.5146191078125 0.6739493875 0.5060622953125 0.659724209375 0.5017771796875 0.5558958390625001 0.504809353125 0.48247429375 0.523405434375 0.44919971875 0.540829075 0.38089886093750003 0.588262296875 0.3981892640625 0.6472975671875 0.4233269078125 0.6833843765625 0.4677187140625 0.7173420453125 0.5655432546875 0.759923790625 0.5808985468750001 0.7610422078125 0.617641103125 0.7521349500000001 0.6249303187499999 0.739387296875 0.6203817203125 0.7175842640625001 0.6057115828125 0.7078281765625001 0.5847552125 0.7060899078125 0.5507673453125 0.69768139375 0.5490651375 0.693813984375 0.529429578125 0.6912537203125 0.515953121875 0.6791125015625 0.4943610921875 0.6695585578125 0.47552374999999997 0.6426888421875 0.47336251406249996 0.6161155468749999 0.49774466093749997 0.5746654578125 0.5205798671874999 0.565380921875 0.5268661031249999 0.5573631015625
11 0.9708482593750001 0.7441702671875 0.9546806812499999 0.7501263875 0.9608538515625 0.757780346875 0.9761455781249999 0.7581171953125 0.9814288281250001 0.754829209375 0.9809838671875 0.7493582375 0.9708482593750001 0.7441702671875
11 0.8357231437499999 0.720696584375 0.8548501749999999 0.717004309375 0.8457175515625 0.70708650625 0.8281020281249999 0.7123014875 0.8357231437499999 0.720696584375
11 0.5330033296875001 0.7522564140625 0.532318175 0.7608940859375 0.5424537828125 0.7660820562499999 0.560260003125 0.7632117765624999 0.562393103125 0.7553152437499999 0.5564741921875 0.7507875546875 0.5330033296875001 0.7522564140625
11 0.3632833390625 0.5934772781250001 0.3598929921875 0.6029773765625001 0.365748334375 0.6067234984375001 0.37695049375 0.6079632015625 0.387644125 0.6029503625 0.382664634375 0.592911271875 0.3632833390625 0.5934772781250001
11 0.6283779671875 0.491724671875 0.6291266890625 0.4838685671875 0.6204390234375 0.47942173749999994 0.5999276109375 0.483154440625 0.5979216453125 0.492614109375 0.60522493125 0.49710136875 0.6163635234375 0.4975595046875 0.6283779671875 0.491724671875
7 0.8537522515625 0.72121515625 0.8292744046875 0.7232868906250001 0.833173809375 0.7378073703125 0.8816325640624999 0.7831586828125 0.9295578531249999 0.7885435375000001 0.98124605625 0.7588777984374999 0.9493014499999999 0.7282622203125 0.9020551078124999 0.68689838125 0.8501144796875 0.70605559375 0.8537522515625 0.72121515625
11 0.64928993125 0.614363775 0.6459819687499999 0.617557253125 0.6455426875 0.622666253125 0.6572347234375 0.6243499546875 0.6625541796875 0.61893078125 0.6586194453124999 0.6144007703125001 0.64928993125 0.614363775
11 0.6102134718750001 0.599403240625 0.6092440984375 0.6009803781249999 0.609186634375 0.6045905078125 0.6130317140625 0.6070627328125 0.6214774890625 0.6063515140625 0.62564408125 0.6035975296875 0.6251563921875001 0.6009794671875001 0.619990765625 0.59818935 0.6155616968750001 0.5976990078125 0.6102134718750001 0.599403240625
11 0.5672737578125 0.6152908140625 0.5735526125 0.6175047234375 0.5832921484375 0.6158265828125 0.5870716140625001 0.6116909765625 0.583023859375 0.6057713390624999 0.57591929375 0.6061331515624999 0.5700368250000001 0.60800810625 0.566679965625 0.610583325 0.5672737578125 0.6152908140625
11 0.560398190625 0.6400174734374999 0.564340728125 0.642544825 0.5732719140625 0.6410454078125001 0.5760568328125 0.6381774390625 0.5762770609375 0.634145775 0.5705896484374999 0.631679565625 0.5648430953125 0.6318473859375 0.5595326265625 0.6340158703125 0.560398190625 0.6400174734374999
11 0.597749009375 0.64853616875 0.5951377625000001 0.6501612546875 0.595184171875 0.6549803078124999 0.5972946453125 0.656445565625 0.6026716390625 0.658456271875 0.6112407453125 0.6558831703125 0.613427234375 0.6524137734375001 0.6118207765625 0.64951893125 0.6074509140625 0.6463953390625 0.597749009375 0.64853616875
11 0.6447310046875 0.639268775 0.6374668 0.6410289625 0.63660814375 0.646339015625 0.63890324375 0.64857290625 0.6434077015625 0.6499901859375 0.6466299656250001 0.649121278125 0.652238390625 0.6472551125 0.6541520921874999 0.6437928984375 0.6536267125 0.6407113671875 0.6447310046875 0.639268775
8 0.4817643859375 0.604712659375 0.4760149375 0.627622575 0.484647809375 0.6566814828124999 0.501409184375 0.6700891453125 0.5287067203125 0.6809156171875 0.5574673328124999 0.6932152859375 0.5947361 0.7055195296875 0.6213198859375 0.713081165625 0.625030459375 0.7311662546875 0.6188504171875 0.748781834375 0.6435009765624999 0.7490725640625 0.6773667015625 0.7470729421875 0.7060322046875 0.7416872453125001 0.7430213953125 0.7340380140625 0.746271353125 0.728476371875 0.7724119140625 0.721050734375 0.7961345890625 0.704438771875 0.8210856718749999 0.6754097046875 0.8399357921874999 0.6319025140625001 0.8277616390625001 0.5923339796875 0.8107874453124999 0.565287640625 0.77472655625 0.5403138453125 0.7178575484375 0.518222784375 0.685686471875 0.5080439484375 0.6670091578124999 0.53714284375 0.6210905437500001 0.5506128046875001 0.58001574375 0.5520646046875 0.5431100015625 0.560722796875 0.51170671875 0.5709892703125 0.49307782656250004 0.584167578125 0.4817643859375 0.604712659375