2 0.85740435 0.6946046031249999 0.8685972890625001 0.692459565625 0.865923865625 0.5089312453125 0.8555724078125 0.35593341093749997 0.8460788625 0.344966790625 0.4372497625 0.3163783359375 0.42042395781249997 0.3211526828125 0.436137884375 0.6618129546875 0.44433240312500005 0.668766528125 0.46373805937499996 0.6727966671875001 0.85740435 0.6946046031249999
5 0.633784915625 0.362488078125 0.6203257625 0.3707715171875 0.6271529609375001 0.3882503953125 0.6391640984375 0.3903097390625 0.6579034125 0.38822763125000004 0.6680458921875 0.3928252921875 0.7034130140625 0.4016463625 0.7367932781250001 0.41806143125000006 0.744800575 0.43665706875000004 0.7501530640625 0.439824334375 0.7566685 0.4447823296875 0.7630592828125 0.45513161406249997 0.8222328796875 0.4515052828125 0.822935790625 0.44717677499999997 0.8226031859375 0.4356664890625 0.8027847859374999 0.432251684375 0.7918496640625 0.4100245 0.7754188390625 0.3906959671875 0.749797165625 0.3776585109375 0.7187205999999999 0.365833825 0.6796569406249999 0.360405059375 0.671178271875 0.3620307046875 0.6536255625 0.3648916265625 0.633784915625 0.362488078125
0 0.7265357421874999 0.366852240625 0.6674203765625 0.39378400625 0.6492781125 0.42192111250000003 0.62717791875 0.46457134375000003 0.604133971875 0.49599579218749995 0.5962194796875 0.5250229390625 0.620057459375 0.5112281375000001 0.6747911656250001 0.46534105468750003 0.7260913906249999 0.437390875 0.7962698046875001 0.39861851718749997 0.7976275984375001 0.39499443125 0.7452120343749999 0.3674657171875 0.7265357421874999 0.366852240625
8 0.47094238906249997 0.49351223749999995 0.44506376718749996 0.5172612546875001 0.44418131718750004 0.555005659375 0.45661618125 0.5905334421874999 0.4754058484375 0.6120938171875 0.4956120109375 0.624659590625 0.5176429859375 0.6107066203125 0.5569443984375 0.6060257046874999 0.5892075859375 0.6186284265625 0.6221764656250001 0.6269028828125001 0.660012728125 0.6332379390625 0.6950314828125 0.6312228156249999 0.7235477828125 0.6235753640625 0.7349922125 0.6202651 0.7546606765625 0.6080500718749999 0.7778228046875 0.5715707234375 0.775357078125 0.5480548187500001 0.7488639640625 0.5207582937499999 0.7209529781249999 0.50245546875 0.7208947484375 0.4791500328125 0.7421676515625 0.471884890625 0.732096090625 0.46425382343750005 0.710567990625 0.4566381046875 0.702793640625 0.4539345828125 0.6300095031249999 0.4465828015625 0.60526068125 0.447803759375 0.567219559375 0.45023110468749994 0.5296134593749999 0.459787921875 0.500415109375 0.47075250625000004 0.47094238906249997 0.49351223749999995
9 0.714018453125 0.57213866875 0.71414584375 0.566689896875 0.711656984375 0.55399343125 0.7007916203125 0.542127346875 0.6815497484375 0.5310916453125001 0.6607904718750001 0.525383646875 0.630191875 0.5234985437499999 0.5965766625 0.53149045 0.588072765625 0.5377696015625 0.5821669203125001 0.5520748484375 0.5846193828125 0.5663281062500001 0.5927229078125 0.5771736562500001 0.6105565625 0.5888666875 0.636839515625 0.5966157484375 0.6674381109375 0.5985008515625 0.6842275203125 0.5952832953125 0.70536896875 0.584644984375 0.714018453125 0.57213866875
7 0.5572168109375 0.368166228125 0.5489494953125 0.3643262375 0.48778870156250004 0.3589992421875 0.4682374546875 0.36119626718750003 0.46954340625 0.42448845156250004 0.5390079140624999 0.432098646875 0.5630385890625 0.4170321 0.56517475 0.38523894531249997 0.5572168109375 0.368166228125
11 0.8203080484375 0.494038459375 0.8259591140625 0.49063075312500004 0.8219710453125 0.48248359374999994 0.805309028125 0.48025238124999997 0.7968233312499999 0.48575313593749997 0.8077796875000001 0.49372724375 0.8203080484375 0.494038459375
11 0.8316673546875 0.6635036703125 0.8331665656249999 0.658954365625 0.8345747812500001 0.6582970375 0.829160296875 0.6515856 0.819502965625 0.6476245406250001 0.8040307796875 0.6540767484375001 0.8038851921875001 0.6603039140625 0.8134879296875 0.666600159375 0.8190480015625001 0.6670844312499999 0.8316673546875 0.6635036703125
11 0.5448686687500001 0.6580235375 0.53252229375 0.6499283640625 0.5186039124999999 0.6494960796875 0.5157510828125 0.6523675250000001 0.5155872953125 0.6593730875 0.522409996875 0.665427196875 0.534920159375 0.666516809375 0.5447958734375 0.6611371203124999 0.5448686687500001 0.6580235375
11 0.4780767734375 0.3573733703125 0.46679284218749995 0.3634103859375 0.47087190156250003 0.3676655671875 0.4847356859375 0.370433040625 0.49464779999999997 0.3634965609375 0.4960378171875 0.3636176296875 0.49195875625 0.3593624453125 0.4780767734375 0.3573733703125
11 0.5392990906249999 0.4196443171875 0.533648025 0.4230520234375 0.5404161296875001 0.43144132031250004 0.55014625625 0.4322887953125 0.5572055375 0.42822376249999994 0.557241934375 0.426666971875 0.550419234375 0.42061286249999996 0.5392990906249999 0.4196443171875
11 0.6823551734375 0.5485319671875 0.6839526546875 0.5452602484375 0.6843895015625 0.5438522140625001 0.676885059375 0.540625434375 0.67166530625 0.5406575109375 0.6674587015625 0.5438236562500001 0.6688842125 0.54796705625 0.6744736921875 0.5507680921875 0.6808046359375 0.5497361453125 0.6823551734375 0.5485319671875
11 0.6385736953125 0.5421603421875 0.641221209375 0.540564221875 0.6419314296875 0.53806774375 0.6409054984375 0.53542083125 0.6395782234375 0.53428423125 0.6327125171875 0.5323930328124999 0.6285584578125001 0.5333712296875001 0.6254488312500001 0.53614543125 0.624915690625 0.540361590625 0.6339987734375 0.5424927171875 0.6385736953125 0.5421603421875
11 0.606651815625 0.5587469265625 0.611671796875 0.5579658265624999 0.614147946875 0.5544056078125 0.614841096875 0.552639265625 0.61309733125 0.5502527421875001 0.6092871125 0.5483796375 0.6023283687500001 0.5483827078125 0.59725018125 0.5515938375 0.5969708078125 0.5542495187500001 0.6010381578125 0.55703965625 0.606651815625 0.5587469265625
11 0.6150675921875 0.5801860734375001 0.6213274906249999 0.5821929828125 0.6258853609374999 0.582589965625 0.6287398093750001 0.5813768984375 0.63032163125 0.578834659375 0.6299589921875001 0.575758028125 0.6262982921875 0.5742216375 0.6200185046875 0.5730655140625001 0.61497579375 0.5748188296875 0.6131657734375 0.577827903125 0.6150675921875 0.5801860734375001
11 0.6551557531250001 0.5863569140625 0.6568549421875 0.5880882703125 0.663576934375 0.588917878125 0.6688179875 0.5880343578125 0.6717150578125 0.5849982890625001 0.67133820625 0.5825295859375 0.66856195 0.5803386078125 0.6638156609375 0.5787068828125 0.6555203671875 0.5800552265625 0.653279503125 0.582905096875 0.6551557531250001 0.5863569140625
11 0.6820263859375 0.5718887140625 0.690467459375 0.573598890625 0.694390459375 0.5732097359375 0.6974887328125 0.5709212531250001 0.698197484375 0.568547103125 0.6973912359375001 0.5657976484375 0.6956949031249999 0.5639440812500001 0.69118249375 0.5616026671875 0.6846119749999999 0.56358794375 0.6808063421874999 0.5682506968750001 0.6820263859375 0.5718887140625
1 0.691655796875 0.4379951078125 0.69773506875 0.43515742343749997 0.701239453125 0.43063066875 0.7013453671875001 0.42610040624999995 0.69731121875 0.41974552656249997 0.685311815625 0.41855454375 0.67478471875 0.4215905953125 0.672743 0.43063759843750005 0.6801585484375 0.4377261203125 0.691655796875 0.4379951078125
10 0.526536728125 0.608068053125 0.4983723953125 0.6212146062499999 0.49961682500000004 0.6275628390625 0.521438546875 0.6474030281250001 0.5339487078125 0.648492640625 0.557415228125 0.657556359375 0.6045120546875 0.6686782359375 0.6392079109375 0.674040125 0.6824052578125 0.6768002609375 0.7242006625 0.6725619796875 0.7479932921875 0.6679155203125 0.7746402171875 0.6600966703125 0.7939366828125001 0.6687971859374999 0.8148415484375 0.6682780187499999 0.8024951734375 0.6601828453125 0.8026043640625 0.6555124718750001 0.8097182437500001 0.6491122515625001 0.809918428125 0.6405498984375 0.8311326703124999 0.62679800625 0.8455242109375 0.6069920046874999 0.8520488109375 0.5662213078125 0.8362057265624999 0.528962290625 0.815974209375 0.500680815625 0.7981223546875 0.4897661828125 0.804010003125 0.47623933437500005 0.7970781109375 0.474855596875 0.7456474421875 0.470376078125 0.7301206625 0.4791634734375 0.720062959375 0.49232711875 0.7293745203124999 0.5110776953125 0.7581463328125 0.5315232265625001 0.7729451703125 0.5538716578125 0.772035240625 0.592791440625 0.7549182578125 0.61002011875 0.7211210578125 0.62579598125 0.7015152171875 0.63032819375 0.6499207609375001 0.6328542359375 0.5962471296875 0.6231523828125 0.583436475 0.6169238234375001 0.5599335578125 0.6094168953125 0.5432897375 0.6064072875 0.526536728125 0.608068053125