2 0.3433230875 0.6925758281250001 0.39879410000000004 0.6821963359375001 0.6859839828125 0.59613146875 0.669006859375 0.2016997015625 0.6630399625 0.1920404796875 0.6529532703125 0.189867440625 0.3229470625 0.2806643421875 0.3167673703125 0.291893615625 0.31568024375000003 0.3070112546875 0.3283884765625 0.6014341578125 0.333815425 0.679362553125 0.3433230875 0.6925758281250001
5 0.3822382203125 0.3227458796875 0.3674686296875 0.307003371875 0.3529234109375 0.3150347828125 0.34856331875 0.33084293124999997 0.3556520796875 0.45937175 0.36414354375 0.48073983125 0.3819892296875 0.48458443906250004 0.39532138125 0.47350044375 0.3970150421875 0.45990909531249996 0.3908947046875 0.41951312500000004 0.41534566875 0.370351475 0.44756720625 0.3675238046875 0.45446778906249996 0.33132863437500004 0.4615927453125 0.318907384375 0.456133946875 0.305170759375 0.4338456609375 0.2794347171875 0.40405025625 0.2883675546875 0.392903940625 0.31387868281250003 0.3822382203125 0.3227458796875
9 0.5185952875 0.41771638906249997 0.519721496875 0.4598276890625 0.523021965625 0.47170370781250004 0.5360703890625 0.4884710359375 0.5523642765625 0.49198132968749997 0.5657948625 0.4865010296875 0.5728488875 0.4810426109375 0.586831 0.451955546875 0.59041519375 0.4359802453125 0.5908407828125 0.394203259375 0.5861578828125 0.380633790625 0.5701752265625 0.36183870156250003 0.5546572390625 0.3584955640625 0.5393361203125 0.36635981875 0.521572946875 0.4002147921875 0.5185952875 0.41771638906249997
7 0.419338065625 0.6196323734375 0.424446553125 0.5914248546875001 0.42805824843750007 0.5880160796875 0.4211070046875 0.5223198984375 0.41409640625 0.5082489578125 0.3945020546875 0.4928626453125 0.37159130937499996 0.49769619687500005 0.3710947890625 0.5464360140625 0.3764942359375 0.61179788125 0.382799865625 0.618738834375 0.4053009453125 0.62358638125 0.419338065625 0.6196323734375
11 0.372760946875 0.5202781375 0.3816345734375 0.51939859375 0.3837654015625 0.508692671875 0.3801262015625 0.49953492187500004 0.3732415421875 0.5036342078125 0.372760946875 0.5202781375
11 0.42251259374999994 0.6133381703125 0.4317249515625 0.6097403546875 0.43334768125 0.6031118390625 0.429877846875 0.592594953125 0.4259983515625 0.59175916875 0.42127202343750003 0.5977190593749999 0.4200864609375 0.607233003125 0.42251259374999994 0.6133381703125
11 0.35702728125 0.3396444875 0.36289574375 0.3437000125 0.36590090468750003 0.3387649453125 0.3668186671875 0.3250064390625 0.3618954703125 0.31975893593750004 0.3567319765625 0.3228334 0.35493987968749996 0.33082105156249997 0.35702728125 0.3396444875
0 0.3948292078125 0.44548196406249996 0.4113199640625 0.46019965 0.4359518734375 0.4543412765625 0.5008161875 0.48366724687499996 0.516235740625 0.4814066890625 0.517689103125 0.47613730624999995 0.5120609390624999 0.463759815625 0.4605287765625 0.423349846875 0.422935296875 0.3733821765625 0.4167281 0.3720449234375 0.4120017734375 0.3780048125 0.398724628125 0.4142218625 0.3951129328125 0.417630640625 0.3948292078125 0.44548196406249996
1 0.4158378421875 0.39836995625 0.41094215 0.40568897968749995 0.409417853125 0.4179211921875 0.412281153125 0.426911784375 0.4193626828125 0.43401989375000005 0.43080430312500007 0.425319853125 0.43189143124999996 0.4102022140625 0.42902813125000006 0.40121162187500004 0.4158378421875 0.39836995625
8 0.6511481171875 0.5041886140625 0.6590362484375001 0.46182680625000005 0.6653444937499999 0.42452848593750003 0.669555278125 0.402156659375 0.6627553500000001 0.36536013125 0.6566799421875 0.34368215625 0.6468204171874999 0.3162023890625 0.6378717765624999 0.2947372109375 0.6258916812499999 0.2709567578125 0.6161517984375 0.2634559796875 0.5950050953125 0.2485070140625 0.579519696875 0.24143063125 0.556037159375 0.23761793125000003 0.5363459890625 0.24335304375 0.5177324703124999 0.2613729171875 0.5003092171875 0.271752784375 0.4920168421875 0.2811899015625 0.4791496125 0.2987855484375 0.4721086484375 0.3172204890625 0.4634078296875 0.33945539375 0.45313973125 0.3609367546875 0.44713976093749996 0.38624749999999997 0.444479528125 0.4018859390625 0.4439721109375 0.4287958734375 0.44271196249999994 0.46147782656249997 0.44423605468750005 0.47998136249999995 0.44706931875 0.49721780156250006 0.4541641453125 0.5278436156249999 0.4605641234375 0.545018059375 0.47153255937500005 0.5635926078125 0.48256836718749996 0.58924770625 0.49550768281249996 0.6053369828124999 0.509232284375 0.6170233765625001 0.5301822859375 0.62403074375 0.5528767921875 0.618944053125 0.5674429390625 0.6162623843749999 0.592431171875 0.6041879140625 0.6135061281249999 0.5854492421875 0.62878415 0.567541178125 0.6442394 0.5367855109375 0.6511481171875 0.5041886140625
11 0.5408699218749999 0.4533570125 0.5348351874999999 0.45605118281249996 0.5343947140624999 0.4677185953125 0.539641425 0.47439792187499996 0.5437876015625001 0.472626915625 0.546722365625 0.461274959375 0.545854415625 0.459090834375 0.54089685 0.4531409109375 0.5408699218749999 0.4533570125
11 0.5674218359375 0.455747303125 0.5614201609375 0.45512003593749994 0.56116381875 0.463276653125 0.563219390625 0.47015610625 0.5674982875000001 0.472409359375 0.57051910625 0.469509690625 0.5721212171875 0.462752521875 0.570481759375 0.45862695625 0.5674218359375 0.455747303125
11 0.5850308609375 0.42114735156250005 0.583782303125 0.4199907515625 0.581871390625 0.417353053125 0.577754475 0.419579753125 0.5770351875 0.4294118671875 0.5798580656250001 0.436233328125 0.5839397109375 0.43600314375 0.5861307890624999 0.42959615781249993 0.586739053125 0.42573153281250004 0.5850308609375 0.42114735156250005
11 0.5766293375 0.3869351921875 0.57510274375 0.3839434609375 0.57124360625 0.3793383 0.5679447484375 0.38040283750000004 0.5664849640625 0.38297449375000003 0.5660897703125001 0.39021218750000003 0.56918536875 0.39687189375 0.5733791046875 0.3977753765625 0.5760525453125 0.39258043593749997 0.5766293375 0.3869351921875
11 0.5517854953125 0.3820267375 0.5491103828125 0.380118996875 0.5450130859375 0.37945819375 0.543413675 0.381110759375 0.541245153125 0.3853035640625 0.54130428125 0.393971953125 0.545452734375 0.399305153125 0.549642265625 0.39820920000000004 0.5514588671875 0.3897244046875 0.5517854953125 0.3820267375
11 0.5362043390625 0.42372207968750003 0.5352625062499999 0.41908109375 0.5319132671875 0.41547340000000005 0.52769680625 0.41678545468749995 0.5258750578125 0.4232720078125 0.5267020984374999 0.4318839296875 0.5299401921875 0.4343567640625 0.5346222515625 0.43336831406250004 0.536475471875 0.42866237656250006 0.5362043390625 0.42372207968750003