2 0.370326978125 0.2230805578125 0.0494845796875 0.27840564218749997 0.0384281796875 0.28345499687500003 0.030344095312500003 0.29909803125 0.0378431484375 0.3294694484375 0.21420969687500002 0.6148047109375 0.229943021875 0.638084978125 0.25935006562499996 0.6466960296875001 0.2746601328125 0.6458755390625 0.3384085015625 0.626754159375 0.6431625921874999 0.5279352687500001 0.6528011 0.5214762937499999 0.6526236062499999 0.5113695234375 0.47607956093750003 0.2159274921875 0.467626834375 0.2105795421875 0.370326978125 0.2230805578125
5 0.31669498749999997 0.2629534953125 0.2864434953125 0.2855854640625 0.2879023453125 0.289327415625 0.3034035609375 0.2993911375 0.31726843125 0.2956061359375 0.332646765625 0.2986728625 0.37443252656250003 0.298202075 0.4037849578125 0.3037033515625 0.41222403124999996 0.3082738578125 0.4237446453125 0.32965759375000003 0.43075217187500003 0.332041034375 0.458522875 0.3268033640625 0.49313726406249997 0.314619809375 0.4900830296875 0.2993614671875 0.400129975 0.25423748125 0.31669498749999997 0.2629534953125
0 0.38388195 0.3603034234375 0.41249709843750004 0.32382273281249996 0.412292296875 0.3121610765625 0.4023807203125 0.303071175 0.3604993875 0.29809985625 0.350751653125 0.2983392796875 0.3244807609375 0.30965123437500003 0.3278374359375 0.42145787968750004 0.341975371875 0.4332217546875 0.354313125 0.4218075828125 0.38388195 0.3603034234375
1 0.37743214531249997 0.31035064375 0.3565597453125 0.311752203125 0.34558526875 0.32146621875000003 0.354201834375 0.3361434953125 0.3681895859375 0.3393554890625 0.3862398609375 0.33591213125 0.39441951875000003 0.325711203125 0.391474509375 0.3166724109375 0.37743214531249997 0.31035064375
10 0.2957762296875 0.5790234296875 0.333745228125 0.59920198125 0.3475554875 0.59230720625 0.368537115625 0.597125196875 0.3906908703125 0.58935881875 0.426832378125 0.5848044359375 0.46567313125 0.5752948546875001 0.4759650203125 0.5728816171875 0.5057914078125 0.560471553125 0.5291747531250001 0.547834965625 0.5445418453124999 0.536934609375 0.56772976875 0.5163435859375001 0.593372603125 0.4692692171875 0.588217809375 0.4137290625 0.5613052078125 0.38850115625 0.4880937625 0.34474374375 0.447794159375 0.3505113703125 0.44230009218750005 0.3549796578125 0.43853794687500003 0.3787387734375 0.44692240468750005 0.380199503125 0.4554843578125 0.391767003125 0.48491871093750005 0.40193294375 0.5174346046875 0.42891211250000005 0.52633789375 0.459915709375 0.5088337562499999 0.49445681874999997 0.4896932734375 0.5151492078125 0.4634769953125 0.5295709375000001 0.42604047968750003 0.5397126937500001 0.34114664375000003 0.54468675625 0.31622537500000003 0.5535211125 0.30386031562500004 0.5633803953125 0.2957762296875 0.5790234296875
9 0.3892415453125 0.42750523593749995 0.3629433484375 0.4372623015625 0.34917405 0.446489409375 0.335582246875 0.4658232875 0.3358280078125 0.479817275 0.3514521046875 0.496877990625 0.39757345312500003 0.505300728125 0.42537146249999996 0.5016179468749999 0.450279078125 0.492006146875 0.46264413906249996 0.48214686249999994 0.47074187656250005 0.467281271875 0.4690509171875 0.45032277499999995 0.459084728125 0.43812309843749997 0.44501505625000004 0.43024644062500006 0.41845744375000005 0.4252320734375 0.3892415453125 0.42750523593749995
7 0.130809478125 0.387519446875 0.136412771875 0.3892707109375 0.21003175624999998 0.3769069015625 0.2446324921875 0.3639459015625 0.2385786375 0.336538990625 0.22711263750000002 0.31826503125 0.1961648203125 0.3012473640625 0.16276351875 0.30317888125 0.1003101609375 0.3167128875 0.10768633125 0.3400873109375 0.12767332343749999 0.36759644062499996 0.130809478125 0.387519446875
11 0.2348984109375 0.3649627703125 0.22643203125000003 0.35883737656250003 0.21532101875 0.36077695625 0.208463678125 0.366945396875 0.20993618125000002 0.37146479375 0.2197248765625 0.3735577 0.230822234375 0.370840678125 0.23491206406249998 0.3657402140625 0.2348984109375 0.3649627703125
11 0.12554545781249998 0.325759740625 0.1295943265625 0.3183269453125 0.1295806734375 0.3175495015625 0.12531335 0.3125431953125 0.1113938640625 0.3132184203125 0.10448190937499999 0.3162770875 0.10185093125 0.325119503125 0.11165327968750001 0.327989853125 0.1213873609375 0.326972984375 0.12554545781249998 0.325759740625
11 0.5061303828125 0.3405229421875 0.4979097640625 0.3483915359375 0.5007728499999999 0.352765665625 0.5119657828124999 0.35549075 0.5230085265625 0.3496639515625 0.52292660625 0.3449992890625 0.5172823531249999 0.34091569375 0.5061303828125 0.3405229421875
11 0.5883700609375 0.50172548125 0.5884792890625 0.50794503125 0.5969047062499999 0.51173809375 0.606625134375 0.50994378125 0.6121055484375 0.50469805 0.6120236265625 0.5000333875 0.6035709015624999 0.4946854390625 0.5883700609375 0.50172548125
11 0.3617343859375 0.6064034125 0.3658105625 0.60052550625 0.365796909375 0.5997480625 0.361529584375 0.59474175625 0.35314512656249997 0.5932810265625 0.3379306328125 0.599543625 0.3352586921875 0.606053709375 0.34230718437499996 0.61076948125 0.35205491875 0.6105300578125 0.3617343859375 0.6064034125
11 0.37699585625 0.451459725 0.38180715 0.4503947703125 0.385592746875 0.448199340625 0.387151559375 0.4453377140625 0.386758028125 0.44545826875000005 0.385292534375 0.442607259375 0.38002810625 0.440795671875 0.3713892296875 0.44158597187500004 0.3676469953125 0.44625056562500004 0.368084359375 0.448229159375 0.37699585625 0.451459725
11 0.36273841406249996 0.476679740625 0.36754182968750004 0.4751662 0.37081148750000004 0.47222944062499994 0.37086049062500004 0.46930823281249995 0.3665699015625 0.4655949453125 0.3591451265625 0.4668207578125 0.3535714734375 0.4703268859375 0.353226775 0.47362480468749996 0.3581031265625 0.47626436875 0.36273841406249996 0.476679740625
11 0.3843754703125 0.493989321875 0.3892143703125 0.4944963578125 0.3938240296875 0.49345246718749997 0.39621558437500004 0.49207794531250004 0.399103334375 0.488575121875 0.396311325 0.486106471875 0.3914684921875 0.48537553281249995 0.386850940625 0.48597005937500004 0.3822753890625 0.48903545 0.3805011375 0.4911321453125 0.3843754703125 0.493989321875
11 0.4309963625 0.47865963593750005 0.4259966484375 0.48041877343749995 0.423812640625 0.482108865625 0.42144079999999995 0.484606015625 0.42251914218750003 0.48865487031250004 0.42915790937500004 0.488523696875 0.4333578125 0.487073203125 0.4393648828125 0.4853209875 0.43959350781250006 0.4846155921875 0.439533575 0.48350339687500005 0.43926827187499995 0.4798197953125 0.4356290953125 0.4788501796875 0.4309963625 0.47865963593750005
11 0.43997850625 0.46298743125 0.44823464687500003 0.46324964375000005 0.451436459375 0.462240665625 0.45342415625 0.46079539687500004 0.45519446406249997 0.458474021875 0.4543433828125 0.45586336562499996 0.45189998437499995 0.45420648906250005 0.44707489999999994 0.454486225 0.4434619265625 0.45508796875 0.4370780265625 0.45822933125 0.43997850625 0.46298743125
11 0.41064348125 0.44277069999999996 0.414297853125 0.44452616718750004 0.41893708749999997 0.44516621875 0.4235639078125 0.44502013125 0.4271557625 0.443295125 0.42871596562500003 0.4404333546875 0.42936168593749996 0.43817260156250004 0.42662771250000003 0.4361527484375 0.42178093125 0.4351971265625 0.41558544062499997 0.437643528125 0.4113900734375 0.43943157812500006 0.41064348125 0.44277069999999996
8 0.29407245937500004 0.5657775875 0.3189638140625 0.5484971734374999 0.353120425 0.53983598125 0.37831113125 0.5396010234374999 0.4077624453125 0.53772308125 0.44361306875000006 0.533977953125 0.472387203125 0.52408140625 0.49994879687499993 0.5062229609375 0.5114627453125 0.490340015625 0.52393191875 0.46776726249999995 0.522526440625 0.4487398609375 0.5125434015625 0.4297104734375 0.4934579078125 0.41133210781249996 0.479434846875 0.40650609062500004 0.4599939296875 0.39835091562499997 0.43899941406250004 0.393354353125 0.43013824375 0.37720330625 0.43310227343749996 0.36281325625 0.42810812499999995 0.353148903125 0.40929047343749997 0.350021653125 0.3900267234375 0.3520340359375 0.3238339890625 0.367936225 0.3050951171875 0.3692948265625 0.28427390468749997 0.37416635781249996 0.265650553125 0.3821029109375 0.2460786484375 0.397029996875 0.22060990625 0.4119741421875 0.197543840625 0.4416457453125 0.18822776875 0.460594490625 0.186873728125 0.47511621875000004 0.18779771875 0.497188675 0.193941396875 0.511227021875 0.2081902875 0.5289119609374999 0.2218499015625 0.543662925 0.2537721703125 0.560400434375 0.2748297109375 0.568985678125 0.28723614999999997 0.573381625 0.29407245937500004 0.5657775875