2 0.1665591546875 0.3640531640625 0.160800775 0.396819775 0.1471901859375 0.67367489375 0.14976815625 0.7135604734375 0.15393633281250002 0.717119959375 0.4391105046875 0.7423415609374999 0.4434663171875 0.70006071875 0.4495899875 0.40485706875 0.4410758453125 0.39498736874999996 0.1665591546875 0.3640531640625
5 0.1907780625 0.43411445156250006 0.184733234375 0.4502633625 0.186313590625 0.46252832499999996 0.179863809375 0.49678362343750004 0.180150259375 0.5134013234375 0.2005466578125 0.5243219234375001 0.20951512343749998 0.4924773875 0.22075535 0.4714091296875 0.243986490625 0.46525874062500006 0.247265709375 0.4550645765625 0.2513449890625 0.4572486953125 0.254890896875 0.4511806265625 0.25264874531250003 0.4043049015625 0.2404998015625 0.3991279046875 0.2327165875 0.4127527296875 0.20609756875000002 0.41523031250000003 0.1951240296875 0.44042466718749995 0.1907780625 0.43411445156250006
10 0.40416498125 0.689109115625 0.415158284375 0.67640636875 0.42296126093749997 0.6752731484375001 0.4236329 0.66129285625 0.428048 0.6564868296874999 0.4308432171875 0.6144326312499999 0.43594971875 0.6081379171875 0.4383597453125 0.5966817109375 0.43986105468750003 0.5589802515625 0.4326506671875 0.4961667546875 0.42402786875 0.4724300859375 0.42418589687499997 0.46268921093750004 0.43118881406250004 0.44917770625 0.4283145484375 0.44126548281250005 0.416698978125 0.444340678125 0.3794323234375 0.4039398046875 0.34403247656249997 0.39242159375 0.32530532968750003 0.395141321875 0.2996641640625 0.41274791562499996 0.287870803125 0.41307238125 0.280867884375 0.4265838859375 0.2755638296875 0.4176362625 0.2702992984375 0.4336718515625 0.2663484390625 0.4578463078125 0.27044748125 0.47252203281250005 0.2824383953125 0.48743990468750004 0.2967504421875 0.4895262015625 0.324801634375 0.46046339999999997 0.342481796875 0.45373090156250007 0.37233066406250004 0.4646670015625 0.39049482812499997 0.4897945359375 0.4016363125 0.5159419703125 0.40588353593750004 0.5694678765625001 0.399611546875 0.6064739046875001 0.3933889265625 0.6198720859375 0.393230896875 0.6296129609375 0.388815796875 0.6344189874999999 0.391571559375 0.677055296875 0.40416498125 0.689109115625
9 0.3158430859375 0.553390596875 0.3160406390625 0.568632934375 0.32223365 0.591334203125 0.33344426718750003 0.606365396875 0.34724270156250003 0.6126911125000001 0.35651737968749997 0.6099558828125 0.36681927812500004 0.598741821875 0.3751161046875 0.5808775796875 0.3775063703125 0.5569297671875 0.374345653125 0.53239984375 0.369733 0.5219635359375 0.3610410671875 0.5093431078124999 0.3464623359375 0.5031307125 0.3356270609375 0.5060925859375 0.3253251640625 0.517306646875 0.3185000359375 0.53356888125 0.3158430859375 0.553390596875
0 0.20683841093750002 0.4998075015625 0.20382587812500003 0.51412775625 0.2058309515625 0.5207779390625 0.2219011453125 0.5378799296875 0.2446384390625 0.5484605625000001 0.2491621953125 0.55752150625 0.2775393625 0.5700596140624999 0.2976888375 0.589345725 0.31772965468750003 0.594764865625 0.308682140625 0.5766429765625001 0.2690548296875 0.524090465625 0.256174959375 0.4954189453125 0.24044058437500002 0.4713268078125 0.236272409375 0.46776732499999996 0.22075535 0.4714091296875 0.21210294218749998 0.48377191093749994 0.20683841093750002 0.4998075015625
1 0.22262215625 0.5002917890624999 0.22195051718749997 0.51427208125 0.231422746875 0.5267791890625 0.24000602343750002 0.525532646875 0.24692004375 0.5106457796874999 0.2462088796875 0.499642859375 0.23751694687499997 0.48702243125000005 0.228933671875 0.4882689734375 0.22262215625 0.5002917890624999
11 0.1828369578125 0.6768275953125 0.1884768328125 0.67878506875 0.1928919328125 0.67397904375 0.191311575 0.6617140828125 0.182036896875 0.6644493125000001 0.1828369578125 0.6768275953125
11 0.2366182140625 0.6315335625 0.2435519984375 0.6291382999999999 0.24457922031249998 0.620659465625 0.24179385 0.6141226078125 0.23416866406249998 0.61800655625 0.2366182140625 0.6315335625
11 0.27852699062499997 0.4269238515625 0.285460775 0.4245285890625 0.2887399953125 0.41433442343750004 0.28325814843749997 0.40263607187500006 0.277796065625 0.403429325 0.27355875625000003 0.4109860828125 0.27426992031249997 0.4219890015625 0.27852699062499997 0.4269238515625
11 0.42795896562499997 0.43576402343750004 0.4257761015625 0.42636311562499996 0.41536554375 0.4237102046875 0.414871696875 0.440441228125 0.41834846875 0.4454893984375 0.42450195468749996 0.44320745937500006 0.42795896562499997 0.43576402343750004
11 0.4262602421875 0.677570590625 0.43111981874999994 0.6796413890624999 0.4354460234375 0.673459996875 0.4327297859375 0.6558068968749999 0.42450209375 0.6625548984375 0.4262602421875 0.677570590625
7 0.24358416562500002 0.685703059375 0.249791246875 0.6377612984375001 0.2462711390625 0.6152993437500001 0.23784995156250002 0.603394815625 0.2316371125 0.6192474375 0.21632518437499998 0.6127194890625 0.1826907625 0.61067530625 0.17916450781249998 0.6553109671875 0.17918788593749999 0.6556726890625 0.1766025453125 0.67646829375 0.1939812015625 0.6797793265625 0.24358416562500002 0.685703059375
8 0.38658025 0.658372096875 0.38687519375 0.6437426562499999 0.391913540625 0.6193089203125 0.4029355953125 0.5914531375000001 0.40865799843749995 0.56801263125 0.40648645781250003 0.53441521875 0.3999946859375 0.5043619953125 0.3913633484375 0.48920610625 0.3813911640625 0.47570263593749995 0.3650440640625 0.46276126093750003 0.3540814578125 0.456331896875 0.33951176875 0.45808272343749995 0.326176759375 0.462936121875 0.3117103609375 0.47269479218750005 0.3017751203125 0.48216051875000004 0.288398371875 0.489573015625 0.2842776484375 0.48980635 0.2769150125 0.48467696875 0.268462725 0.4818937609375 0.26062814843750004 0.49506513906249994 0.25754752812500004 0.504993065625 0.2545058609375 0.525126096875 0.2525637953125 0.5494766671875 0.25129052343749997 0.5603513 0.25181034062499996 0.5762048765625 0.2531646640625 0.5971585609375001 0.2568892078125 0.6195908234374999 0.2591980140625 0.6393119281249999 0.2678449234375 0.6643112015625 0.27867044218750003 0.6846196234375 0.28827955312500003 0.6989032796875 0.29785974843749996 0.7095469140625 0.31461079375 0.719147740625 0.333494378125 0.7233327859375 0.352394940625 0.724599990625 0.37643080625 0.718921359375 0.3977871625 0.7037862265625 0.40625990312500004 0.6908858984374999 0.397504040625 0.6834058187500001 0.38658025 0.658372096875
11 0.3405774578125 0.582781084375 0.3379532390625 0.58640243125 0.3375152015625 0.5938461187499999 0.3402101859375 0.59921606875 0.3454140015625 0.5991794500000001 0.3468656078125 0.5932086828124999 0.3461041421875 0.5877397906249999 0.3437035296875 0.58376811875 0.3405774578125 0.582781084375
11 0.36486095625 0.579434890625 0.36373439375 0.57779790625 0.3609088625 0.575148496875 0.36029110468750003 0.5750591265625 0.35931441875000003 0.575741009375 0.357230325 0.5798225640625 0.3584306546875 0.5857691468749999 0.360435459375 0.588357271875 0.36196469375 0.588315659375 0.3639265390625 0.5855110234375001 0.36486095625 0.579434890625
11 0.36939094375 0.551595965625 0.36897905937500003 0.54679543125 0.3675144703125 0.5446688890625 0.366136678125 0.5407291484375001 0.36401270937499997 0.5410376125 0.3622844578125 0.5427282453125 0.3613069875 0.5497102328125 0.3642178375 0.5568480375 0.365376590625 0.5573988796875 0.3680154484375 0.5555760015625 0.36939094375 0.551595965625
11 0.35529014999999997 0.51980321875 0.353747925 0.5180475140625 0.350395953125 0.516733725 0.34842185937500003 0.519361053125 0.347521934375 0.525970828125 0.3504051578125 0.5295128484375 0.3532422421875 0.5323410546875 0.3552163359375 0.5297137281250001 0.355768890625 0.5240540031250001 0.35529014999999997 0.51980321875
11 0.3360760546875 0.530513775 0.334678234375 0.5278361078125 0.3328985515625 0.52557485 0.3280750296875 0.53149528125 0.328443946875 0.53720304375 0.3310005203125 0.540431553125 0.33364389375000003 0.5418468640625 0.33515849062499997 0.5400067828124999 0.336759975 0.5363548781249999 0.3360760546875 0.530513775
11 0.3255767796875 0.5718195984375 0.3279635328125 0.5739926890625 0.330006875 0.572436771875 0.331922584375 0.568918321875 0.3324643625 0.5630796859375 0.33156061875 0.5601497890625 0.329298415625 0.5583195578125 0.32650129687499996 0.559265821875 0.326186203125 0.55913110625 0.32534475625 0.5603333875 0.3239001015625 0.5632433890625 0.32379479375 0.56793855625 0.3255767796875 0.5718195984375