2 0.4171875 0.9986111109375001 0.45078125 0.98055555625 0.56484375 0.8166666671874999 0.55859375 0.79444444375 0.4828125 0.6180555562500001 0.4703125 0.5930555562500001 0.46484375 0.5916666671875 0.28671875 0.83194444375 0.28359375 0.8458333328125001 0.29140625 0.872222221875 0.3421875 0.9986111109375001 0.4171875 0.9986111109375001
5 0.35703125 0.91944444375 0.3515625 0.8736111109375001 0.35390625 0.8458333328125001 0.36171875 0.83055555625 0.36171875 0.8055555562500001 0.35 0.7833333328125 0.3453125 0.7833333328125 0.32265625 0.840277778125 0.32109375 0.8763888890624999 0.33203125 0.9166666671874999 0.3375 0.925 0.35703125 0.91944444375
0 0.43203125 0.85694444375 0.43828125 0.8416666671874999 0.401171875 0.8444444437499999 0.36484375 0.8375 0.353125 0.85 0.353125 0.8791666671874999 0.3609375 0.89305555625 0.37265625 0.89444444375 0.43203125 0.85694444375
9 0.43671875 0.8263888890625 0.44765625 0.8361111109375001 0.45546875 0.8361111109375001 0.465625 0.8291666671875 0.47265625 0.8166666671874999 0.47734375 0.79444444375 0.4765625 0.777777778125 0.47109375 0.7583333328124999 0.46640625 0.7513888890625 0.45859375 0.74444444375 0.45 0.7430555562500001 0.43984375 0.7486111109375 0.43125 0.7638888890625 0.42734375 0.777777778125 0.42734375 0.7986111109375 0.43125 0.815277778125 0.43671875 0.8263888890625
10 0.39346484375 0.80573194375 0.3985171875 0.79860555625 0.40531249999999996 0.7775347218750001 0.40966796875 0.7601833328125001 0.41402343750000004 0.7391125 0.42151562499999995 0.724240278125 0.42935546875 0.7137041671875 0.44381640625 0.707197221875 0.46332968750000003 0.7040986109375 0.477790625 0.710915278125 0.49033515625 0.73105694375 0.49678125 0.749027778125 0.5018343749999999 0.76916944375 0.504621875 0.78961944375 0.51071953125 0.8153375 0.51856015625 0.82339444375 0.52518046875 0.8193666671875001 0.5281421875000001 0.8020138890625 0.53633125 0.79271805625 0.541209375 0.7899291671875 0.54242890625 0.7747458328125 0.5366796875000001 0.7660708328125 0.53336953125 0.7626625 0.527096875 0.75305694375 0.5236125 0.733225 0.5180374999999999 0.7177333328125 0.511590625 0.7000708328125 0.5035765624999999 0.6858166671875 0.49434218750000003 0.67249305625 0.48685078125 0.662577778125 0.47587421875 0.652352778125 0.47308671875 0.6477041671875 0.4697765625 0.6393388890625 0.46298125 0.630972221875 0.4556640625 0.6331416671875 0.45461875 0.647084721875 0.4528765625 0.6511138890625 0.43911249999999996 0.65483194375 0.43423437500000006 0.6576208328125001 0.42395468750000004 0.662577778125 0.41262968750000006 0.6709444437500001 0.40461562500000003 0.6827180562499999 0.39590390625 0.6938736109375 0.38893515624999997 0.711225 0.385625 0.72516944375 0.3844046875 0.7316763890625 0.37970078125 0.745 0.37308046875 0.7508874999999999 0.3668078125 0.757084721875 0.36663359375 0.761422221875 0.36695625 0.77770555625 0.37011875 0.78961944375 0.374996875 0.800465278125 0.3837078125 0.80883055625 0.39346484375 0.80573194375
7 0.4183796875 0.9860416671875001 0.42430312499999995 0.9770555562500001 0.42430312499999995 0.97116805625 0.41663671874999997 0.9531972218749999 0.40984218749999995 0.9380138890625 0.40113046875 0.9259291671875 0.39938828125 0.9271694437500001 0.38353359375 0.9383236109374999 0.37656484375 0.94638055625 0.363671875 0.9646611109375 0.363671875 0.9733375000000001 0.37133828125 0.9875916671875 0.376575 0.9959041671875 0.40548671875000003 0.99750694375 0.40722890625 0.9968875 0.4183796875 0.9860416671875001
1 0.3711640625 0.8698458328124999 0.37308046875 0.8639583328124999 0.37290625 0.85961944375 0.3697703125 0.8562111109374999 0.36489140625 0.85961944375 0.3654140625 0.8676763890625001 0.3682015625 0.8713944437500001 0.3711640625 0.8698458328124999
8 0.431271875 0.918802778125 0.44642968749999995 0.9231402781250001 0.45775468750000003 0.925 0.4690796875 0.9194222218749999 0.48266953125 0.9122958328124999 0.48981250000000004 0.907027778125 0.50131171875 0.8955638890625 0.5049703125 0.88471805625 0.51385546875 0.8574513890625 0.52343828125 0.8379305562500001 0.5241351562500001 0.8311125 0.5225671875 0.8255361109375 0.5142046875 0.822127778125 0.5070609375 0.8109722218750001 0.5018343749999999 0.7960986109375 0.5007890625 0.778747221875 0.49747812500000005 0.75860694375 0.49329687499999997 0.7418736109374999 0.48894140625000004 0.7319583328125 0.4831921875 0.7226625 0.48005546875 0.718015278125 0.46768593750000004 0.70671805625 0.4528765625 0.7042388890625 0.44886875000000004 0.7073375000000001 0.43162031250000005 0.712915278125 0.42447734375 0.723140278125 0.413675 0.7377041671875 0.4112359375 0.751027778125 0.40827421875000003 0.7643513890625 0.40478984375 0.7761263890625 0.40217656249999995 0.78883055625 0.3995625 0.7987458328125 0.396078125 0.8046333328124999 0.38545078125 0.8105208328125 0.3837078125 0.817027778125 0.38579921875 0.8365486109375 0.38579921875 0.8393375000000001 0.3866703125 0.847702778125 0.38858671875 0.8604069437499999 0.39172265624999997 0.8752805562500001 0.39539296875 0.8843888890624999 0.40008515625 0.8940138890625 0.406009375 0.9042388890625 0.4183796875 0.9141555562500001 0.431271875 0.918802778125
11 0.46002578125 0.8200958328124999 0.46171640625 0.81578055625 0.46046640625 0.811597221875 0.458334375 0.81094305625 0.45605546874999997 0.81238194375 0.45458515625 0.8176111109375 0.457084375 0.8210111109374999 0.46002578125 0.8200958328124999
11 0.46818593750000004 0.7977375 0.470096875 0.7956458328125 0.47083203124999995 0.792115278125 0.47053828124999997 0.788847221875 0.468259375 0.787147221875 0.46649453125000007 0.7878013890625 0.46517187499999996 0.7922458328124999 0.46642109375 0.7968222218750001 0.46818593750000004 0.7977375
11 0.46473046875 0.7688430562499999 0.4643625 0.7650513890624999 0.46326015624999994 0.7636125 0.46039296875 0.7621749999999999 0.45789375000000004 0.7663583328125 0.4598046875 0.7711958328125 0.46223125 0.7715888890625 0.46473046875 0.7688430562499999
11 0.44591015624999997 0.76858194375 0.44841015625 0.766227778125 0.44899765625 0.7628291671875 0.44863046874999996 0.75916805625 0.44686640625 0.757859721875 0.44484296875 0.7565111109375 0.4433375 0.7582527781249999 0.44296953125 0.76204444375 0.443484375 0.7672736109375 0.44591015624999997 0.76858194375
11 0.436353125 0.79420694375 0.43826484375 0.7939458328125 0.43951406249999997 0.7895013890625 0.43988203124999997 0.784925 0.43899999999999995 0.7832250000000001 0.437603125 0.7821791671875 0.43584375 0.780822221875 0.43436796875 0.7828333328125 0.43363281249999996 0.787147221875 0.4344421875 0.7909388890625 0.436353125 0.79420694375
11 0.44179375 0.817872221875 0.44488125 0.8187875 0.44613125 0.814734721875 0.44583671875 0.8114666671874999 0.44488125 0.8087208328125 0.44282265625 0.80728194375 0.44113203125 0.8084583328124999 0.43980859375000003 0.8108124999999999 0.43995546875 0.8151263890625 0.44179375 0.817872221875
11 0.40833281250000003 0.9391958328125 0.4090546875 0.9330986109375001 0.40472343750000006 0.9273208328125 0.40165546875 0.9334194437500001 0.40273828125 0.9408013890625 0.40544531250000004 0.9430486109375 0.40833281250000003 0.9391958328125