2 0.9161492687499999 0.8159101390625001 0.9338671062499999 0.8096738734375 0.940837575 0.7668447640625 0.9375318140625 0.74439466875 0.85416396875 0.6408655671875 0.7816363765625 0.5391490734375 0.682348215625 0.4222592265625 0.2911974984375 0.5079362203125 0.2760946703125 0.515209671875 0.2840199984375 0.5349326328124999 0.4651319515625 0.7733911734375 0.5354479609375 0.863039290625 0.5461614765625 0.8656306078125 0.5723348046875001 0.8673073984374999 0.9161492687499999 0.8159101390625001
5 0.5888104609375 0.7660749609375 0.571289021875 0.7454473421875 0.5443785 0.7397477578125 0.4936097453125 0.7523561062499999 0.5004176703125001 0.7703924093750001 0.5606664343750001 0.8021640124999999 0.6115957765625 0.822778475 0.68054286875 0.81820913125 0.7022465921875 0.8131392875 0.6945979578125 0.7831638453124999 0.6230590734375 0.7780009437500001 0.5888104609375 0.7660749609375
0 0.6478760718750001 0.6340686343749999 0.6411484421875 0.6326437390625 0.6352847421875001 0.634462925 0.604893321875 0.7185702968750001 0.5862418921875 0.747647659375 0.588200003125 0.7612734578125 0.5996507125 0.7678875671875 0.644509325 0.7744885234375001 0.669588471875 0.7657835953125 0.673620796875 0.7495599000000001 0.65618160625 0.6514554640625 0.6478760718750001 0.6340686343749999
1 0.623105515625 0.760610828125 0.651029925 0.760080721875 0.6592783859375 0.7521610859375001 0.6489682984375 0.7385385765625 0.6346491078125001 0.732444703125 0.610583846875 0.734919940625 0.6039597296875 0.7414113921875 0.6100304609375 0.7554249015625001 0.623105515625 0.760610828125
9 0.5476523640625001 0.6341081046875 0.5708304765625 0.6370838453125 0.6035011859375 0.6330478953124999 0.6183505390625 0.627331865625 0.634720725 0.6122713046875 0.63677171875 0.5911168671875 0.6278325062500001 0.5776235953125 0.6119121890625 0.5642628484375 0.59073863125 0.557522790625 0.55098330625 0.5537749187500001 0.5209276078125 0.5588480515625001 0.50569804375 0.566900215625 0.49694264062500004 0.577934696875 0.49377424531249997 0.5974024734375 0.4989810453125 0.6081719015625 0.5135304890625 0.6214034109375 0.5476523640625001 0.6341081046875
10 0.50010040625 0.5157703375 0.5124382640625 0.5169334703125 0.5188089078125 0.511999440625 0.52853175625 0.5121253875 0.6055541328125 0.5178052375 0.6217743625 0.5122184437499999 0.6369807046875 0.512861340625 0.6571065218750001 0.4918295625 0.65712974375 0.48313450468749997 0.6441814265625 0.47716986875 0.5413659281250001 0.4674770953125 0.4646773171875 0.47685122968749993 0.42774403281250006 0.4899732375 0.34910794218749996 0.52841815625 0.35181388125 0.5887633296875 0.36779127031250003 0.6274305421874999 0.4032143578125 0.6663496484375 0.48908306562500004 0.72030300625 0.5039092000000001 0.723282034375 0.5421901375 0.718984321875 0.55244315 0.7073003671875 0.55325000625 0.6852379828124999 0.5411888375 0.67382236875 0.521005946875 0.6695476828125 0.4896258171875 0.6571014609375 0.48888862343749995 0.6530786703125 0.4702033390625 0.64815450625 0.4598932515625 0.6345319968750001 0.44097772031250004 0.6224701984375 0.4289629921875 0.59366446875 0.4332720109375 0.5671882921875 0.4672797390625 0.52928005625 0.4919786796875 0.5229112625 0.50010040625 0.5157703375
11 0.891382621875 0.7542758859375 0.8740449937499999 0.75817601875 0.8782611265625 0.7664800765625001 0.893213996875 0.7686803953125 0.8992044328125001 0.7660824984375 0.9000915828125 0.7606315218749999 0.891382621875 0.7542758859375
11 0.7642145390625 0.7146142484375 0.78391370625 0.713308721875 0.777336034375 0.70241005625 0.758754265625 0.705402240625 0.7642145390625 0.7146142484375
11 0.45894707187500006 0.7087647328125 0.4561821046875 0.71720131875 0.46489106874999997 0.7235569546875 0.483092628125 0.7229009015625001 0.4871017328125 0.715372265625 0.48237865468749996 0.7101830515625001 0.45894707187500006 0.7087647328125
11 0.33052617500000003 0.5314103421875 0.3248927265625 0.5403671640625001 0.3297425390625 0.54477766875 0.3404560546875 0.5473689859374999 0.35218345625 0.5437306140625 0.3497184015625 0.5332196609375 0.33052617500000003 0.5314103421875
11 0.6157965140624999 0.4634247 0.6184347453125 0.4557668265625 0.610969921875 0.4503191375 0.589899878125 0.45149542656249997 0.5856372999999999 0.4605814875 0.5917312531250001 0.46589993749999997 0.6025715046875 0.46771254375 0.6157965140624999 0.4634247
7 0.7818147328125 0.7173282171875 0.7572471468749999 0.7163815671875 0.7575652609375 0.731181065625 0.794228253125 0.7818357953125 0.8400433749999999 0.7930020515625 0.898044496875 0.7700537375 0.8740499921874999 0.735951859375 0.8376135734375 0.6893785218749999 0.7819085828125 0.7019302859375001 0.7818147328125 0.7173282171875
11 0.60666340625 0.5869517265625 0.6026379046875 0.5896977031249999 0.600969028125 0.594683609375 0.612056678125 0.597772734375 0.6185987125 0.5930770375 0.6158269828125 0.5881279203124999 0.60666340625 0.5869517265625
11 0.571866671875 0.56742090625 0.5705317546875001 0.5688581921875 0.569601178125 0.5724122375 0.5727829890625 0.57532058125 0.5812588546875 0.5756507703125 0.5860221296875 0.5734432078125 0.5861765296875 0.5708011484375 0.5817733578125 0.5674179125000001 0.5775375328125001 0.5663931765625 0.571866671875 0.56742090625
11 0.5258027843749999 0.577847021875 0.5314399609375 0.5807978734375 0.5414219296875 0.580332328125 0.546139109375 0.5767146265624999 0.5435927171875 0.5703809609375 0.5365200906250001 0.569869959375 0.5302826390625001 0.5710008249999999 0.52635875625 0.5731309718750001 0.5258027843749999 0.577847021875
11 0.5130561203124999 0.6013977171875 0.5163204046875001 0.6043723453125 0.5254643515625 0.60398434375 0.5288967984374999 0.601495559375 0.5300894625 0.597545590625 0.5250948625 0.5944181171875 0.5194043671874999 0.5938816546875 0.5136582234375 0.595371940625 0.5130561203124999 0.6013977171875
11 0.5477159406250001 0.614363440625 0.544755165625 0.61564745 0.5436340125 0.6204066781249999 0.5453542109375 0.6221098421875 0.5501539015625 0.6247500796875001 0.55920181875 0.623258753125 0.5621915234375 0.620103609375 0.5613129921875 0.6170518625 0.5577729359375 0.6134368953125 0.5477159406250001 0.614363440625
11 0.5961512234375 0.6109613421875 0.5885830734375 0.6118102078125001 0.5864532015624999 0.6169432031250001 0.58816881875 0.6194271046875001 0.5922543328125001 0.62137539375 0.5956327578125 0.620911928125 0.6015986484375 0.61975625 0.6043184187499999 0.61657486875 0.6045479734375 0.6134710343750001 0.5961512234375 0.6109613421875
8 0.44429336406250003 0.5569667484374999 0.43309373906250004 0.5788629578125 0.43454565 0.608581546875 0.44777875624999997 0.623854575 0.47199569218750004 0.6378685953125001 0.4972944 0.6535145234375 0.5309569953125 0.6702043265625 0.55526266875 0.6809106890625001 0.554532071875 0.6992032859374999 0.5441909546875 0.7158245062499999 0.56835635625 0.7191226125 0.6021363984375 0.7212872234375001 0.6316235531250001 0.7194765140625 0.6698423828125 0.7164498609375001 0.6743842359375 0.7113608203124999 0.7018828390625 0.7072294453125 0.7292284203125 0.6937412187499999 0.760788153125 0.6681547015625 0.7898550015625 0.627541528125 0.7874659687500001 0.5870235375 0.7773258046875 0.558271184375 0.747918296875 0.5292315671875001 0.697354825 0.5004935781250001 0.66818954375 0.48652303437500005 0.6427811109375 0.5129448390625 0.5943737984374999 0.5206222953124999 0.5536386140625 0.5170366390625001 0.5152575406250001 0.5210687375 0.4818969453125 0.5273594421875 0.460390790625 0.5380829375 0.44429336406250003 0.5569667484374999