2 0.78652251875 0.7020426578125 0.79870665 0.671639684375 0.8679356734375 0.40448411875 0.8735421109375 0.36466556875 0.8702532625 0.3599577828125 0.6009775640624999 0.251670146875 0.58821391875 0.2918022203125 0.5224684578125001 0.5791223359375001 0.5286595000000001 0.5912840140625 0.78652251875 0.7020426578125
5 0.7774246453125 0.6263276984374999 0.7865151078125 0.6122836375 0.787481271875 0.5998084312499999 0.8006324953125 0.568150128125 0.8037261640625 0.5517912125 0.7863152999999999 0.535117546875 0.7712294328125 0.5636765703125 0.756142640625 0.5810157140625 0.7325430468749999 0.580230065625 0.7273209453125 0.5892528125000001 0.723838771875 0.58591808125 0.7191966453124999 0.5908216671875001 0.7118498171875001 0.6373877578125 0.7224896609375 0.646018903125 0.732741003125 0.6349564 0.7588556796875 0.6403321109375 0.7745224484375 0.61887380625 0.7774246453125 0.6263276984374999
10 0.6238084875000001 0.314047396875 0.6106554109375 0.3232659453125 0.6029177640625 0.32208869375 0.59943698125 0.335583778125 0.594214415625 0.3389965875 0.5829982984375001 0.3793641109375 0.5768086453125 0.38403225 0.57216698125 0.394545775 0.563078371875 0.431029590625 0.5572804609374999 0.4946609484375 0.5607644859375001 0.5204354375 0.55863744375 0.529929084375 0.54915986875 0.5411093140625 0.5503212093750001 0.549700809375 0.5621210078125001 0.550093634375 0.58978691875 0.60058430625 0.6215126640624999 0.62224085625 0.6400830171874999 0.625066259375 0.6683242734375 0.615338384375 0.6797374203125 0.6184773140625001 0.6892149984375 0.6072970859375 0.6925043093750001 0.6176148125 0.7008210046875 0.6034530265625 0.709523890625 0.5809351953124999 0.7085554125 0.56536070625 0.7000426109375 0.5472359124999999 0.6866948203125001 0.5409976999999999 0.6538119 0.5612391015625 0.6354353359375 0.5626505828125 0.6089326171875 0.5431911625 0.5965500671874999 0.513257865625 0.591131396875 0.48438409375 0.5978973234375 0.4307172859375 0.611435196875 0.396312875 0.620139009375 0.3850149203125 0.6222660515625 0.375521271875 0.627488615625 0.3721084640625 0.6334817046875 0.32954380781250003 0.6238084875000001 0.314047396875
9 0.681272909375 0.47285435624999994 0.6841732546875 0.45786849375000005 0.6828171984375 0.433820234375 0.6750781609375001 0.4158131671875 0.6630841125 0.4055735171875 0.653605609375 0.40553386874999997 0.6414196249999999 0.41349708906249993 0.6298145421875 0.428561028125 0.6226591859374999 0.451314309375 0.6207268578125 0.47626472187499996 0.6230490796875 0.4878377734375 0.6288534718750001 0.5027455609375 0.6416212859375 0.513102934375 0.6526473171875 0.513378034375 0.6648333015625 0.5054148125 0.67469753125 0.49148847812499996 0.681272909375 0.47285435624999994
0 0.77529111875 0.557282203125 0.781093196875 0.544140296875 0.7805122953125 0.537039578125 0.7685173187500001 0.515580053125 0.748785159375 0.49855321249999995 0.7462696140625 0.48835321406250004 0.721507753125 0.46775618906250005 0.706030603125 0.44296193125 0.6878464359375001 0.43178047968750005 0.6928775296875 0.4521804796875 0.7203510421875 0.51526408125 0.7269305890625 0.547119409375 0.737185171875 0.575326478125 0.74047401875 0.5800342640625 0.756142640625 0.5810157140625 0.7669744203125 0.571443990625 0.77529111875 0.557282203125
1 0.760202475 0.5521815937500001 0.7636832578125 0.538686509375 0.7571051 0.5236609984375 0.7485936859375 0.5223660203125 0.7389227843749999 0.5349193031249999 0.7373761812499999 0.5459037296875 0.743180575 0.5608115171875 0.7516919875 0.56210649375 0.760202475 0.5521815937500001
11 0.8342762109375 0.39094816250000003 0.829246509375 0.38737798125 0.82402394375 0.39079078906250003 0.8230577796875 0.40326599375 0.83253628125 0.40330564375 0.8342762109375 0.39094816250000003
11 0.7733453609375001 0.41954438906249997 0.7661881515625 0.419857915625 0.7634806703125 0.42786078749999995 0.7648353375 0.4350792296875 0.7729596375 0.433510375 0.7733453609375001 0.41954438906249997
11 0.6915362921875 0.6076502609375 0.684379084375 0.6079637875 0.67915698125 0.6169865359375 0.682059640625 0.6300503703125 0.68747599375 0.6308744453124999 0.6930852109375001 0.6247155296875 0.6946318140625001 0.613731103125 0.6915362921875 0.6076502609375
11 0.5495479078125001 0.555193025 0.549742159375 0.565039846875 0.5592211265625 0.5706894359375 0.563088559375 0.5544482453125 0.560766803125 0.54848513125 0.5543833593749999 0.54891638125 0.5495479078125001 0.555193025
11 0.6002093562499999 0.3188716859375 0.59595341875 0.315419228125 0.590537528125 0.320205090625 0.5895718265625 0.3382902359375 0.5988565421875001 0.33409300000000003 0.6002093562499999 0.3188716859375
7 0.7776258687500001 0.364450390625 0.7619331984375 0.40958400937499995 0.76076595625 0.4326144421875 0.7664549968750001 0.4467417375 0.7756470421875 0.4330371015625 0.7890563421875 0.443918425 0.8210043140625001 0.45577889374999997 0.8334472203125 0.41309742031249996 0.8334980640625 0.4127363078125 0.840202 0.39312739531249996 0.824151890625 0.384790865625 0.7776258687500001 0.364450390625
8 0.6344961812500001 0.34930464687499996 0.63124623125 0.363545903125 0.6214444140625 0.385998915625 0.605191353125 0.41004953593750004 0.5949327328125 0.43132930625 0.590210178125 0.4648702546875 0.5903630671875 0.4962063984375 0.595595084375 0.513579590625 0.602452275 0.5297274546875 0.6155572593749999 0.5471933421874999 0.624801709375 0.5567033015625 0.6391753875 0.55925905 0.652990134375 0.558414325 0.6688880390625 0.5530971171875 0.6803667515625 0.5467387015625 0.6947405234375 0.5433998921875001 0.69875271875 0.5443791796874999 0.70479691875 0.551560796875 0.7123652515625001 0.556764015625 0.722574075 0.5461606625 0.72755110625 0.5373404515625 0.7345597734375 0.5185141984375 0.7413655421875001 0.49523509531250004 0.744795525 0.48495795781249995 0.747509721875 0.46927900468750006 0.7504550359375 0.448360534375 0.7514195515625001 0.4252992578125 0.753196571875 0.40530818281250003 0.7499453421875 0.3782900640625 0.743646815625 0.35522748437499996 0.737297153125 0.3384219453125 0.7302372874999999 0.3251898265625 0.7160663296875 0.3108771875 0.6987454140625 0.3012435703125 0.6808165625 0.2944626375 0.656538328125 0.292979090625 0.6329209359375 0.30154238125 0.6221530375000001 0.3116932265625 0.629061165625 0.321585425 0.6344961812500001 0.34930464687499996
11 0.663432946875 0.4368202640625 0.6666921609375 0.43404278281249997 0.6686228625 0.42688101562499997 0.6671185703125 0.42083190625 0.6621041265625001 0.41934250000000006 0.659496828125 0.4247646453125 0.6591206609375 0.4303439296875 0.660625221875 0.43493731875 0.663432946875 0.4368202640625
11 0.6393893515625 0.4329798078125 0.6401414078125 0.4349132296875 0.64232290625 0.43833617187499996 0.6428991828124999 0.43860476875 0.6439771859375 0.43822322343750003 0.646810009375 0.43483671093750004 0.6468607625 0.4286609546875 0.645456525 0.425538590625 0.643976684375 0.42513111718749996 0.6415203859374999 0.42730287968749997 0.6393893515625 0.4329798078125
11 0.629386259375 0.45891677968750005 0.6288092421875 0.4637390265625 0.629787284375 0.46625098906250007 0.6303141765625 0.47051330937499997 0.6324203640625 0.4708337578125 0.6344260359375 0.46968455468750003 0.6367821593749999 0.4631330734375 0.6354286 0.4552893 0.6344253546874999 0.4544101828125 0.6315166984375 0.4554219984375 0.629386259375 0.45891677968750005
11 0.63650771875 0.49418681875 0.6376356453125 0.49635834687499997 0.6405944781249999 0.49862752187500003 0.6430266125 0.4966330015625 0.6452326562499999 0.490423328125 0.6431766265625 0.4861092734375 0.6410202593750001 0.4825078328125 0.638588125 0.484502353125 0.6369089421874999 0.4898833859375 0.63650771875 0.49418681875
11 0.6571667703124999 0.48932893593750004 0.657968825 0.49236108593749994 0.6592227265624999 0.49509733906250003 0.665064215625 0.490712821875 0.6658665171875 0.48501465 0.664061215625 0.481103384375 0.6618047687499999 0.4789424765625 0.65997436875 0.4803006671875 0.657693015625 0.48340784687499994 0.6571667703124999 0.48932893593750004
11 0.6756438578124999 0.45195245625 0.673787965625 0.4491246125 0.6715064328125 0.45004952343750004 0.6689497953125 0.4529339 0.66724470625 0.4584933125 0.667520228125 0.4616276734375 0.66932579375 0.46408321875 0.672208990625 0.4639763265625 0.6724848531250001 0.46420061874999996 0.6735382421875 0.4632697671875 0.6755182750000001 0.460843221875 0.676571559375 0.456275759375 0.6756438578124999 0.45195245625