2 0.3920456484375 0.116430409375 0.175318440625 0.215381965625 0.15086670468750002 0.23193069687499998 0.1129070078125 0.24437864843749998 0.0989227046875 0.2441553828125 0.0942129625 0.24827611562500002 0.10125073437500001 0.2594222140625 0.1142823515625 0.26740050625 0.3229170359375 0.47384544375 0.4447583578125 0.599803678125 0.4665881953125 0.616003484375 0.4887950765625 0.6519457109375 0.9720814546875 0.55025669375 0.9823755937499999 0.5454438421875001 0.98293609375 0.5293932265625 0.9375138656249999 0.478063225 0.754130621875 0.3055888578125 0.6209228625 0.169503253125 0.50873314375 0.0676314421875 0.4980792046875 0.0631100140625 0.48932660468750006 0.0659229640625 0.452029753125 0.095786828125 0.3920456484375 0.116430409375
5 0.546225828125 0.27569534375 0.6120548328125001 0.287313859375 0.6155757328125 0.28146469375 0.6241377984375001 0.2802027484375 0.6194320906249999 0.2614790515625 0.626473890625 0.24978071875 0.6411250734375 0.24457546562500002 0.641791953125 0.2391469484375 0.5953279046875 0.195358015625 0.5490959796875 0.1838969734375 0.529262746875 0.1742560421875 0.5338812515625 0.1480663796875 0.5200418671875 0.13525764375 0.486936828125 0.130999390625 0.3839022109375 0.17131366875 0.373103353125 0.1793777109375 0.36011735312500004 0.18243388124999999 0.335615965625 0.21079257812500002 0.37456590156249997 0.24731292656249998 0.3886454734375 0.246760690625 0.3905964609375 0.242285103125 0.4049618375 0.2394063578125 0.4091496171875 0.2281286734375 0.4263690140625 0.2248292796875 0.45210082968750004 0.23207791093750002 0.5084647328125 0.24090342968749998 0.5257753671875001 0.259672965625 0.5419468125 0.2649041015625 0.546225828125 0.27569534375
7 0.31496690312500003 0.242010065625 0.29784277187499997 0.24453395625000002 0.23543133749999998 0.27353063906249997 0.234383384375 0.2820611671875 0.2469842796875 0.30495143750000003 0.267575628125 0.331232778125 0.27542519374999996 0.3243648890625 0.293547628125 0.3251204359375 0.3029630765625 0.3397233984375 0.3070555890625 0.329221215625 0.317390515625 0.322082196875 0.36356844375 0.30261683437500003 0.3605279171875 0.2817440578125 0.32756779687500004 0.2649003359375 0.327807984375 0.2515393640625 0.31496690312500003 0.242010065625
9 0.6163136859375 0.41232725625000005 0.595005809375 0.4032844015625 0.5507704906249999 0.3983822328125 0.506294984375 0.4068410390625 0.48574119062500004 0.4372830234375 0.4853104640625 0.45219500156250003 0.4931560015625 0.4681715421875 0.5215969171875 0.4875849921875 0.5468523875 0.498711134375 0.5703017890625001 0.501727396875 0.6112563953125 0.4991177578125 0.64165233125 0.4912111890625 0.6596338765625 0.4817077765625 0.6694344328125 0.470364296875 0.6719114125 0.45020122812499996 0.6594057859375 0.4265354546875 0.6410471984375 0.4162964484375 0.6163136859375 0.41232725625000005
0 0.46294530468749995 0.2350483328125 0.4303622265625 0.23794703125 0.4160424671875 0.2518602390625 0.4006787890625 0.25145954531250003 0.39335118125 0.26548438750000003 0.400007878125 0.2797324953125 0.41399218125 0.27995576093749996 0.43643924843750004 0.30253701718750003 0.47181056874999994 0.402405359375 0.4821787015625 0.4092532953125 0.5026331953125001 0.40243124531249996 0.4973599078125 0.3655161328125 0.5068411359375 0.27693140625 0.515311965625 0.2536005328125 0.504231334375 0.24114665 0.46294530468749995 0.2350483328125
1 0.4637986890625 0.2509132390625 0.44872081406250003 0.2481860375 0.4293598921875 0.257512025 0.42911970625 0.270872996875 0.4433401625 0.280579721875 0.4598926828125 0.282708846875 0.4747344015625 0.275952590625 0.4777333421875 0.2629464734375 0.4637986890625 0.2509132390625
11 0.2936388640625 0.3471893640625 0.30443772187499996 0.3391253234375 0.304723528125 0.336798815625 0.301252275 0.33083801562500004 0.293357090625 0.3266714421875 0.28370145468749997 0.32542945 0.2731884015625 0.331166984375 0.272426253125 0.33737100625 0.2814150109375 0.34404151562499996 0.2936388640625 0.3471893640625
11 0.3459800671875 0.24048494687500002 0.3369913109375 0.23381443750000003 0.32724040468750004 0.23334795000000003 0.3211512890625 0.23729125624999997 0.3201986046875 0.24504628281250002 0.329473165625 0.2493902828125 0.33575281874999996 0.24389597031250002 0.34588479843750003 0.2412604484375 0.3459800671875 0.24048494687500002
11 0.549006009375 0.42415124843749996 0.555095125 0.4202079421875 0.555666734375 0.4155549265625 0.5424445796875 0.4091276375 0.530171078125 0.4177897546875 0.5420138546875 0.4240396140625 0.549006009375 0.42415124843749996
11 0.5217955187500001 0.440345125 0.5194178375 0.43688826093750005 0.509857471875 0.4348707671875 0.5024842453125 0.4378611453125 0.5019126328125 0.4425141609375 0.5084284453125 0.44650330625 0.516704703125 0.4475678703125 0.521319175 0.44422263749999996 0.5217955187500001 0.440345125
11 0.5365339031249999 0.48005323125 0.5426230203125 0.476109925 0.5430040953125 0.4730079140625 0.5419105234375 0.4705039796875 0.5281167578125 0.4687297078125 0.52302594375 0.47595245156250005 0.5365339031249999 0.48005323125
11 0.5914231625 0.4894768265625 0.5974170109375 0.486309021875 0.5979886203125 0.48165600625 0.582910746875 0.4789288046875 0.5793898484375 0.484777971875 0.5831469031250001 0.48841226249999997 0.5914231625 0.4894768265625
11 0.6126304359375 0.4254974359375 0.6068006125000001 0.4204865765625 0.592013546875 0.4205019390625 0.5872644109375 0.4252170875 0.590301259375 0.4313607015625 0.600840425 0.435059915625 0.60757068125 0.4327296890625 0.6133251390625001 0.42601296875 0.6126304359375 0.4254974359375
11 0.63307468125 0.4646215609375 0.6352502859375 0.457382265625 0.6274524625 0.4529706203125 0.612883209375 0.454292528125 0.6108238765625 0.4587147921875 0.6214922765625001 0.46754395937500004 0.6236794640625 0.46825147031250003 0.6323532796875 0.4655323703125 0.63307468125 0.4646215609375
8 0.740915046875 0.580158446875 0.7690447078125 0.5687549875 0.8039918078125 0.5502169578125 0.8272628953125001 0.534850034375 0.8425133703125001 0.48807395 0.8498587703125 0.44762530624999997 0.8398019703124999 0.40861076250000006 0.8127457765624999 0.37742358125000003 0.7846192421875 0.3597852078125 0.7492543171875 0.3382112703125 0.6930184546875 0.31729124531249997 0.6390219359375 0.3023342640625 0.5919798640625 0.2936128171875 0.5424162156250001 0.290909253125 0.5165462328125 0.2935906453125 0.5008583015625 0.2955784734375 0.435443159375 0.31553843593750003 0.40803873125 0.32102695937500003 0.3805929609375 0.336524128125 0.364054109375 0.37445498593750004 0.352960775 0.39706331562499997 0.35057792499999996 0.42613226718749997 0.3516633828125 0.4463013953125 0.36762970625 0.4807358671875 0.38073395625 0.49977967031250004 0.407589321875 0.5229295328125 0.44662495468749996 0.5436395953125001 0.5008822296875 0.57098214375 0.5401808015625 0.584715778125 0.6140595609374999 0.60223096875 0.653218365625 0.6025941453125 0.697842315625 0.592311084375 0.740915046875 0.580158446875
11 0.5101916609375 0.158411090625 0.516471315625 0.1529167765625 0.516757121875 0.15059026874999998 0.5130953328125 0.146180475 0.49416513437500004 0.140594484375 0.488552359375 0.14066027812499998 0.4817010953125 0.15080760625 0.48526761250000006 0.155992903125 0.501629596875 0.159673034375 0.5101916609375 0.158411090625