2 0.45912585000000006 0 0.4532712140625 0.000755078125 0.281971696875 0.21934050312500003 0.202781584375 0.308150834375 0.1991812484375 0.32124685 0.2005906890625 0.3308897109375 0.286504596875 0.5036703953125 0.4057788140625 0.7591667890625 0.41223021718749997 0.7709664234375 0.42056637031250005 0.7741018625 0.7497468609375 0.3583108875 0.749078446875 0.34295837812499996 0.5835021359375 0 0.45912585000000006 0
5 0.60930394375 0.4592316109375 0.6165285578125 0.47093152343750005 0.6267494609375001 0.46540276406250003 0.652273653125 0.4298299296875 0.6562527453125 0.3815970734375 0.6635499671875 0.37223482343750003 0.683886978125 0.37662953906249996 0.6927306234375 0.3670678453125 0.6955577484375 0.35407155156250003 0.6919334703125 0.3292756234375 0.6249710734375 0.18913873750000001 0.6072920265625 0.1759801046875 0.5872529171875 0.189792728125 0.5759848453124999 0.215105815625 0.58656801875 0.23900424999999997 0.6007837125 0.2554165921875 0.6053825484375001 0.2814903515625 0.6008076546875001 0.2933085390625 0.604093603125 0.3265692203125 0.599011215625 0.3510845359375 0.5876787734375 0.3651777703125 0.5820567078125001 0.3967802859375 0.5739540875 0.40063232812500005 0.57831115 0.45200062343749997 0.60930394375 0.4592316109375
0 0.574768509375 0.23912252343749998 0.5623971390625 0.24071807031249998 0.5488416203125001 0.27194025312500003 0.45171498125 0.30271252656250003 0.44387807968750004 0.3191619765625 0.45439688437500003 0.331840553125 0.485325309375 0.327851684375 0.5437831734375 0.334347515625 0.590505896875 0.35218147499999997 0.5953143265625 0.34735076875000004 0.6025149984375 0.3211587359375 0.5994708234375 0.26260351718749997 0.59322076875 0.252181434375 0.574768509375 0.23912252343749998
1 0.588299303125 0.3047463890625 0.58568176875 0.2868382203125 0.5759361765625 0.274059921875 0.5672295093749999 0.273779309375 0.5609068453125 0.2844193859375 0.5606328859375 0.304103996875 0.5690334078125 0.318459290625 0.57891598125 0.3213952828125 0.588299303125 0.3047463890625
7 0.5340069640625 0.0464832984375 0.518140053125 0.04572263125 0.49346168281249997 0.06013358125 0.47755434531249996 0.0860450015625 0.47788443125 0.10986226406249999 0.4887737484375 0.11968601718750001 0.5237852765625 0.18675005 0.531952265625 0.1941178671875 0.541464325 0.199908684375 0.56039189375 0.1946605375 0.581172028125 0.17513826875 0.58376561875 0.1551544921875 0.580576225 0.138723596875 0.5340069640625 0.0464832984375
9 0.46567241406250004 0.40898344062499997 0.4616132546875 0.37582248125 0.45593506406250006 0.3639231265625 0.4329483359375 0.3360103125 0.4183943125 0.3280627203125 0.40487921875 0.332612815625 0.38258485000000003 0.3579444578125 0.3772367421875 0.369862365625 0.3771963171875 0.3965344546875 0.3966792625 0.45437306875 0.4120708640625 0.47344079531250005 0.4295163796875 0.4796119484375 0.44498059218749997 0.4776175125 0.4480090671875 0.46599876875 0.4578594546875 0.4633248359375 0.4660346859375 0.43841063281250003 0.46567241406250004 0.40898344062499997
11 0.4769098734375 0.10858443437500001 0.48719514375 0.1142755328125 0.4913995265625 0.1053121703125 0.48898334062500004 0.088781553125 0.47715164843749996 0.083289896875 0.4746950359375 0.0934313671875 0.4769098734375 0.10858443437500001
11 0.5722318296875 0.167870175 0.579424259375 0.173960159375 0.585207246875 0.1704072828125 0.586318784375 0.161842809375 0.5821870140625001 0.14974400937500001 0.572135275 0.15104039062500002 0.5722318296875 0.167870175
11 0.6852081078125 0.3371605984375 0.6754946984375 0.329992228125 0.67125813125 0.3333456609375 0.6729011078125 0.349976003125 0.6800935359375 0.3560659859375 0.6860778734374999 0.3538906625 0.68893718125 0.34650429531250004 0.6852081078125 0.3371605984375
11 0.41803880156249995 0.3398377875 0.4161179265625 0.35147789375 0.422498759375 0.3601483578125 0.42833687343750004 0.3563581953125 0.429784875 0.344398721875 0.42320359375 0.33727271718749996 0.41803880156249995 0.3398377875
11 0.39781342343750004 0.3618134421875 0.39099474375 0.35889492968750003 0.3860654234375 0.36598685937500003 0.38948192812500004 0.37769790312499996 0.3938996984375 0.3816853671875 0.39901921875 0.3802657921875 0.40195761250000006 0.3726713328125 0.39781342343750004 0.3618134421875
11 0.3951846328125 0.41379779531249994 0.3909108203125 0.41662690625 0.3921814265625 0.42823575781249995 0.3957262015625 0.43499267656249996 0.4008799734375 0.439644521875 0.40331759375000004 0.44042207656250004 0.40248315 0.42728608437500004 0.3951846328125 0.41379779531249994
11 0.42852675625 0.4524088421875 0.42490787656249995 0.4509766078125 0.4202424609375 0.45841345312500004 0.42149545312500003 0.4669859578125 0.42580429375 0.470228165625 0.43086123593750003 0.4696686 0.4322888171875 0.46065774687500005 0.42852675625 0.4524088421875
11 0.45535202343750003 0.448288103125 0.4591231359375 0.4416262515625 0.4580336375 0.43417231875000006 0.45198888750000005 0.4292564328125 0.44713327031250005 0.43102092187499996 0.44627731875 0.43682820156249996 0.449367034375 0.44630347812500004 0.45125734843750004 0.4475782921875 0.45535202343750003 0.448288103125
11 0.452826428125 0.3752251875 0.44719978281249995 0.370253975 0.44395200937499996 0.3786476421875 0.446105275 0.38900299843749997 0.450313503125 0.3930174875 0.45466730312500003 0.39462160625 0.4571339109375 0.387200271875 0.452826428125 0.3752251875
8 0.30824632812499997 0.5023526687500001 0.3258809875 0.54665130625 0.34602608749999997 0.5857742 0.362201296875 0.60891493125 0.38946971406249997 0.6315947921875 0.4160777875 0.6441730734375 0.4463119046875 0.6480352140625001 0.47632571874999996 0.648530653125 0.5028808921875 0.6402552421875 0.5185643343749999 0.624647865625 0.5341921593750001 0.5993465359375 0.5545856421875001 0.5545097218749999 0.560467875 0.531435121875 0.5639924484375001 0.5052680734375 0.5647085890625 0.46733541718750005 0.5633303140625 0.448592325 0.5614372578125 0.3872247640625 0.5567634875 0.35338376875 0.554338303125 0.338656428125 0.5378533890625 0.2754584859375 0.5292772609374999 0.25844652031250004 0.5092357734374999 0.225616278125 0.4843494 0.198747065625 0.45764864687499995 0.1818157921875 0.4270800453125 0.1663517875 0.399308571875 0.1607165875 0.37033875312500003 0.16736375312500001 0.3443167 0.186729790625 0.32139441875 0.2105466140625 0.30688316875 0.232308825 0.29119446875 0.27023143906249997 0.2860395296875 0.315043990625 0.2842075859375 0.3565156671875 0.28763618750000003 0.40604299062500004 0.2948046046875 0.45508658124999996 0.30824632812499997 0.5023526687500001