2 0.6145138171875 0.427836 0.5482944265625 0.3212028859375 0.41005925468750004 0.0808455640625 0.3895371921875 0.0663736 0.3671548015625 0.093642240625 0.3404209796875 0.150448228125 0.2475159078125 0.30557647499999996 0.2021148390625 0.372644115625 0.05022068750000001 0.6378072328125 0.0479560203125 0.6449684390625 0.050608853125 0.6710034593749999 0.1650981875 0.9892121171875001 0.3226517078125 0.9809550874999999 0.33356076562500003 0.9696225187499999 0.40022273750000004 0.8463213171874999 0.42721533593750005 0.811646146875 0.55993534375 0.58034045 0.58689559375 0.542898928125 0.6190376375 0.4799878125 0.6186333 0.44540841249999996 0.6145138171875 0.427836
5 0.14329814999999999 0.5643681468749999 0.12896064062499998 0.6101835015625 0.114132409375 0.6809778 0.11352847343750001 0.6962745109374999 0.1404291671875 0.7876319078125 0.1451525859375 0.7899076093749999 0.1560175546875 0.78184688125 0.1799636375 0.7544146890625 0.180389665625 0.7239030421875 0.17635105 0.713246509375 0.1701826734375 0.654342365625 0.18132810625 0.6033214046875 0.1912980140625 0.58566021875 0.19097454375 0.5579966984375 0.1947220375 0.5437560640625 0.17074912343749998 0.5019476796875 0.15828811874999998 0.5074056078125 0.14910005625 0.52498501875 0.14329814999999999 0.5643681468749999
0 0.17226943125 0.631966225 0.171714015625 0.6514124625 0.1776559640625 0.6909521437499999 0.189610075 0.709089984375 0.2036994640625 0.7090012109375 0.2323527921875 0.6824615453125 0.244829971875 0.6783867953125 0.250955346875 0.6666671875 0.311405559375 0.614643934375 0.3293071359375 0.6058472328125 0.3477317796875 0.5748379359375 0.34137997656249996 0.56719308125 0.32183384375 0.5692374546875001 0.266516903125 0.5916415859375 0.19224159375 0.5994102046875 0.1775320953125 0.6134125125 0.17226943125 0.631966225
1 0.204945203125 0.6146999171875 0.1979732875 0.620968596875 0.1850215609375 0.651405465625 0.18360343125 0.6640176 0.1940747171875 0.6892348687500001 0.21199246718750003 0.68182134375 0.2210996609375 0.65732605 0.22088940625000003 0.6393447640625001 0.215988078125 0.6218541234375 0.204945203125 0.6146999171875
7 0.24370835624999998 0.9850923328125001 0.2601442359375 0.984230965625 0.330961971875 0.8812628078125 0.2929698796875 0.778601675 0.2730924125 0.7686448203125 0.2493485046875 0.7977689453125001 0.212563678125 0.864564125 0.21109702812500003 0.8730267296875001 0.22032809531250003 0.9260710703124999 0.24370835624999998 0.9850923328125001
10 0.31126589375 0.3349152828125 0.3173427484375 0.319046146875 0.32669254531249997 0.3152984953125 0.3281915421875 0.3096022421875 0.36549369062500003 0.2863125796875 0.3975655234375 0.284342984375 0.4132832984375 0.289623365625 0.44416343124999996 0.31963036875 0.46188158125 0.3620929515625 0.4677264890625 0.3933335765625 0.46713872656250005 0.4100134625 0.48023049687499997 0.4584993984375 0.49845554375 0.47736621718750005 0.51024791875 0.4816722953125 0.5305273765625 0.47539661874999994 0.5415434234375 0.41331025156249995 0.551578025 0.40118176875 0.509482625 0.2823314015625 0.4926271875 0.2467029234375 0.460884340625 0.209861815625 0.421468603125 0.18628704375 0.40468532812499997 0.17945764687500002 0.40027235625 0.14528782499999998 0.38657503437499996 0.1325131015625 0.372052459375 0.1349197515625 0.3691569609375 0.18761352343749998 0.3386576890625 0.2004878890625 0.29759187656249997 0.23663500937499998 0.27372666093750003 0.2709830796875 0.250805025 0.319081134375 0.222016790625 0.401029615625 0.2024974875 0.4723145625 0.2074796828125 0.49672108125000003 0.21718529687500002 0.523403303125 0.2227229078125 0.5283635828125 0.2484429375 0.5187491296875 0.2576633453125 0.5039360703125 0.26426327031249996 0.46585434374999996 0.2696068 0.45421651093750004 0.2671157015625 0.442013253125 0.2732410765625 0.43029364374999995 0.2752954890625 0.40515115156250003 0.28836043125 0.384396515625 0.29202705625 0.36324 0.30201313750000003 0.34696198906250003 0.3019322703125 0.340046109375 0.31126589375 0.3349152828125
9 0.3203403640625 0.508459484375 0.33476939687499996 0.5374174078125 0.3528974015625 0.54798516875 0.3685666546875 0.549116021875 0.3958503765625 0.53933801875 0.41272750468749997 0.5098754515625 0.4218023515625 0.4826138078125 0.4212848 0.438352175 0.4145610046875 0.3988942703125 0.40016431875 0.3727027 0.38517986875 0.363191015625 0.362506353125 0.3655624875 0.3438876265625 0.37997367031249996 0.32930751406250003 0.40504138593750005 0.31886305625 0.44906469062500004 0.3203403640625 0.508459484375
11 0.2585521328125 0.9816224421875 0.2559801671875 0.962503303125 0.24812936562500001 0.9605547 0.24273731562499998 0.9680430031249999 0.24135153437499998 0.9834214906250001 0.24188722187499997 0.985187775 0.2575887171875 0.9843648937499999 0.2585521328125 0.9816224421875
11 0.27972702968749996 0.784141378125 0.27747853437500003 0.7926857578125001 0.279220134375 0.8077371453125 0.2831778796875 0.8114777999999999 0.292527678125 0.8077301468750001 0.29469530625 0.7922698859375 0.2914385359375 0.781531578125 0.28435340625 0.7781180234375 0.27972702968749996 0.784141378125
11 0.19502419375 0.43570478437500004 0.1936384125 0.45108327187499997 0.1960971625 0.460520178125 0.205511653125 0.4623052328125 0.210919878125 0.45620010468750005 0.21465119531250001 0.44057629374999996 0.209766040625 0.4244688296875 0.2019314140625 0.423903403125 0.19502419375 0.43570478437500004
11 0.370179625 0.15149030937500002 0.371139378125 0.1666234703125 0.37982054375 0.172639825 0.3860267859375 0.1678360984375 0.3905561234375 0.1535136875 0.388846871875 0.1412286546875 0.3840911046875 0.1361866 0.375523153125 0.1398524765625 0.370179625 0.15149030937500002
11 0.5363509718749999 0.3709224453125 0.5373430734375 0.3888219578125 0.5468546062499999 0.398906065625 0.5569700765625 0.393693465625 0.5599842421875 0.38368413437500004 0.55982250625 0.3698523734375 0.5550182203125 0.360660790625 0.5456037296875 0.35887573906250003 0.5363509718749999 0.3709224453125
11 0.34628682187500004 0.5182094968750001 0.354137621875 0.5201580984375 0.3579821546875 0.5142165203125 0.356272903125 0.5019314859375 0.3461089125 0.502994559375 0.34628682187500004 0.5182094968750001
11 0.3914559453125 0.4982516140625 0.38593450625000003 0.4946745109375 0.3797120890625 0.4980950609375 0.3790272859375 0.5064758921875 0.382235534375 0.5130646734375001 0.39158533125 0.509317021875 0.3914559453125 0.4982516140625
11 0.40040140468749996 0.4599245625 0.40589049531250004 0.4607353140625 0.40973502812499996 0.4547937359375 0.41043600468749997 0.44779608125000003 0.4064297375 0.43990589843750005 0.39786178437499997 0.443571775 0.39719315625 0.45333578125 0.40040140468749996 0.4599245625
11 0.3942168515625 0.39963724375 0.390210584375 0.3917470609375 0.38164263125 0.3954129375 0.3801759828125 0.4038755421875 0.3849802703125 0.4130671265625 0.3927663765625 0.409483025 0.3942168515625 0.39963724375
11 0.3513770921875 0.41796662500000004 0.3553024921875 0.41894092499999996 0.3614602140625 0.40998766875000003 0.360581328125 0.40177038906250007 0.35502754375 0.3954269328125 0.34807180312499997 0.4030787875 0.347403171875 0.41284279531249995 0.3513770921875 0.41796662500000004
11 0.32920495625 0.4632165515625 0.336354778125 0.472162809375 0.3440600171875 0.46166282968749994 0.3400052296875 0.44962311875000005 0.32992210625 0.45760207499999994 0.32920495625 0.4632165515625
8 0.5244341578125 0.4886611453125 0.4974058671875 0.482593090625 0.47941984531250004 0.46830180468749993 0.4712751984375 0.4360013234375 0.4644893203125 0.4027485796875 0.4557841765625 0.361610334375 0.44441657343749996 0.3272206640625 0.43462572968749996 0.3104546984375 0.4129798453125 0.295738828125 0.3800385671875 0.2919053640625 0.3535613265625 0.2938673 0.337674 0.3028064703125 0.31475966718750004 0.3359305734375 0.300516 0.3681477921875 0.289000125 0.39927094531249996 0.2810976890625 0.42678110625 0.2796506109375 0.45927742812499994 0.27725257187499996 0.488639546875 0.27011145625 0.5031326468749999 0.2506303484375 0.517298890625 0.232899303125 0.5248133734375 0.22162283437500002 0.537314096875 0.22110705937500003 0.5713305375 0.224936925 0.586293684375 0.2547042078125 0.683807509375 0.2601040390625 0.7022902 0.2680881640625 0.72086265625 0.2875376328125 0.7430871203125 0.33061300781249997 0.7539454921875001 0.3470789078125 0.7554569546875001 0.3735467171875 0.7526886265625 0.406699046875 0.73547495625 0.4198192328125 0.7243989187500001 0.4496360765625 0.6954054421875 0.47342504218750003 0.6589548093750001 0.48905661250000004 0.6282099515625 0.5076663734375 0.5785548265625 0.5191247921875 0.5425851078124999 0.527389390625 0.5069508234375 0.526791128125 0.49488334062500006 0.5244341578125 0.4886611453125