2 0.7070630437500001 0.7725611984375 0.976045653125 0.44915195781249995 0.985800353125 0.4357827484375 0.9811445734375001 0.394142471875 0.6025063890625 0.3404950375 0.5791156640625 0.345096390625 0.297961234375 0.685409921875 0.2949390796875 0.6961103578125 0.30702167187499996 0.7035612875 0.5334945796875 0.7545529296875 0.570607546875 0.7594905468750001 0.67176065625 0.783817021875 0.6914394828125 0.7837471734375 0.7070630437500001 0.7725611984375
5 0.8741165796875 0.41788543437500003 0.820519378125 0.4038594640625 0.8062783187499999 0.4022569640625 0.7749464859375 0.4112946328125 0.7619987015625 0.4212588765625 0.75871789375 0.4296459625 0.7670885859375 0.4416283984375 0.7823657671875 0.43992112499999997 0.796951696875 0.4446080890625 0.8083430359375001 0.45845325781249996 0.8119672124999999 0.465713803125 0.8009162249999999 0.4926426046875 0.8137747796875001 0.50703358125 0.8787663359375 0.5097783828125 0.8941312421875001 0.49627905937500005 0.8839484609375001 0.48066635 0.8890443703124999 0.45078320156249996 0.8741165796875 0.41788543437500003
0 0.6806000937500001 0.48557584218749994 0.5967858703125 0.540864721875 0.593849934375 0.552336275 0.601272225 0.55583643125 0.6162907515625 0.5518158109375 0.6832713515625 0.5220436125 0.8025573828124999 0.4821674765625 0.8085154734375 0.459995490625 0.791427709375 0.4455093234375 0.7740797859375 0.44127297499999996 0.724189965625 0.46040500156249997 0.7087388406249999 0.473133209375 0.6806000937500001 0.48557584218749994
1 0.761821746875 0.45740614687500003 0.7453360046874999 0.46088096093750003 0.72738154375 0.476373134375 0.729797159375 0.48540122031250005 0.750079509375 0.49072918593750003 0.7679462499999999 0.4870290640625 0.783397371875 0.4743008546875 0.776321459375 0.4613219953125 0.761821746875 0.45740614687500003
9 0.6255236265625 0.57150940625 0.5997172875000001 0.5670826734375 0.5707163578125 0.5718141453125 0.540074271875 0.58702074375 0.526262796875 0.6018369921875 0.5208235234374999 0.616072509375 0.52410131875 0.6328117578125 0.5364425640625 0.6425760359375 0.5627662124999999 0.651629465625 0.5909034546874999 0.6517500015625 0.6211129468750001 0.6452509890625 0.6410519328125 0.6349313234375 0.6574529625000001 0.6181222234375 0.6618561109375001 0.6071964796875 0.6586645328125 0.5912283484375 0.64459741875 0.5786049125 0.6255236265625 0.57150940625
11 0.6023279296874999 0.38920547656250004 0.6047435453125 0.3982335625 0.62261028125 0.394533440625 0.6247687484375 0.3886850109375 0.6186412359375 0.3841884296875 0.6023279296874999 0.38920547656250004
11 0.62640086875 0.453588890625 0.612590903125 0.455841971875 0.6108635265625 0.46554598281250004 0.62898891875 0.4641592109375 0.62640086875 0.453588890625
11 0.8157547859375001 0.549895590625 0.8280960328125 0.5596598687500001 0.8377630093749999 0.5580827109375 0.8482074546874999 0.5508824328124999 0.847517709375 0.544713503125 0.8371609890625 0.5401217296875 0.82188380625 0.5418290031249999 0.8157547859375001 0.549895590625
11 0.6551947218749999 0.7362680484374999 0.6607172015625 0.747929984375 0.677547815625 0.7475396359375 0.6894594781250001 0.7408851656250001 0.6913592890625 0.7327233859375 0.6848006843750001 0.724371225 0.680399040625 0.7227338 0.6551947218749999 0.7362680484374999
11 0.388586690625 0.691039225 0.38004205625 0.690077725 0.3692527390625 0.6941935375 0.3658857125 0.7018095093750001 0.373566659375 0.7076230140625 0.386168065625 0.7071374734375 0.394109171875 0.702701159375 0.3962676375 0.6968527296875 0.388586690625 0.691039225
10 0.41059340781250003 0.7117895140625 0.48973679062500003 0.7404920359375 0.5126949171875 0.74459826875 0.6287833484375 0.7390066703125 0.6427642453125 0.7508589890625 0.658041428125 0.7491517156249999 0.6668477296875001 0.7273002296875 0.6839385015625 0.7166600609375 0.729857771875 0.6997461921875 0.7626583250000001 0.6786911625000001 0.7970138171875 0.6463898921875 0.8167833796874999 0.60940165625 0.8273185640625 0.5652829890625 0.82809904375 0.5345335328124999 0.8133406765625001 0.5283043359375 0.7805431375 0.5242330265625 0.7426511921875 0.5374817000000001 0.724265640625 0.54911829375 0.73012998125 0.5889910281249999 0.725206509375 0.6204164109375 0.7003455562500001 0.6495982921875 0.632501271875 0.68422249375 0.5715649843749999 0.69259381875 0.5118387609374999 0.6866344359375 0.4769719828125 0.6640563375 0.44322604375 0.65150275 0.38108119375 0.661641615625 0.3756404125 0.6884403 0.39436933281250003 0.6924513421875 0.40015046718749997 0.706426625 0.41059340781250003 0.7117895140625
7 0.6305127046875 0.3837772234375 0.601269646875 0.38655697187500004 0.5829076015625 0.4000765234375 0.5532216171875 0.43080173593750004 0.551435265625 0.455837421875 0.5885897546875001 0.4600144890625 0.6088254625 0.46780532968750005 0.628091646875 0.46693753125 0.6375567328125 0.46039798125000003 0.6561515609375 0.4353398828125 0.6748575828125001 0.41579132812499997 0.6858380328125 0.39551353906250003 0.6305127046875 0.3837772234375
11 0.5564229546874999 0.6230935984375 0.5524886578125 0.6202280640625 0.5451888484375 0.620980103125 0.5392194421875 0.62379604375 0.538735696875 0.62790845 0.54150340625 0.6301752031250001 0.5489084906249999 0.6317733140625 0.5526225796875 0.6298521828125 0.5564229546874999 0.6230935984375
11 0.591435121875 0.6359800234375 0.5876348578125 0.6338730921875 0.58049040625 0.6331974484375 0.5740192265624999 0.637147396875 0.574211153125 0.64027251875 0.5777398875 0.64232795625 0.5858212421875 0.6415355640625 0.5883089109374999 0.6399016796875 0.591435121875 0.6359800234375
11 0.6174819109375 0.6268113468750001 0.6192947734375001 0.6275685109375 0.622264484375 0.62883731875 0.6285716031249999 0.6276332234375 0.6329778265625 0.6248972171875 0.6343388265625001 0.623009015625 0.6323423140625 0.6192133203125 0.6264117796875001 0.618163746875 0.6213971234375 0.619683834375 0.6206740374999999 0.621643059375 0.617848925 0.624472084375 0.6174819109375 0.6268113468750001
11 0.6300989265625 0.601953546875 0.6341492609375 0.6016437156250001 0.6379486187500001 0.6004977828125 0.6399639968749999 0.598853009375 0.6420627671875 0.594885409375 0.6391545843750001 0.5930223875 0.6305335140625 0.5932008796875 0.6247380062500001 0.5961635453125 0.6233970156249999 0.5996267015625001 0.6262602484375 0.6013517984375001 0.6300989265625 0.601953546875
11 0.5927921625 0.59006335 0.5977292265624999 0.589257871875 0.6033797187500001 0.5864068078125 0.605271375 0.5836429187500001 0.6046442296875 0.580851053125 0.6009025453125 0.5797081937499999 0.5931305296875 0.5804501156249999 0.589100203125 0.5823349 0.587411415625 0.5855046078125 0.5903524234375 0.5893213046875 0.5927921625 0.59006335
11 0.5593385453125 0.6027999140625 0.5624435171875 0.601065315625 0.5638376375 0.596492665625 0.5609204937500001 0.5944740687500001 0.556880415625 0.5934670453125 0.5516733296874999 0.5960706734375 0.5485484453125 0.5990357609375 0.5481327203124999 0.6023479625 0.5529447765625 0.6032290375 0.5593385453125 0.6027999140625
8 0.6240228859375 0.6900663546875 0.6756937828125 0.6711808125000001 0.7114901359375 0.645440221875 0.7196907015625 0.6215039671875 0.7264469828125 0.5900457421875 0.71836333125 0.57180175625 0.7195557781249999 0.5446236234375 0.7611741015625 0.5277149890625 0.7715968546875 0.523653484375 0.7588766031249999 0.512574615625 0.7466747812500001 0.5061324671875 0.6723585359375 0.48643205937499995 0.62784005 0.486394575 0.5677893875 0.489783115625 0.484924253125 0.5161197937499999 0.4379273765625 0.53896565 0.40023728125 0.5747962234374999 0.382390359375 0.609750446875 0.3813475484375 0.6436496703125 0.3886891140625 0.6552692234374999 0.413912221875 0.6484554265625 0.4453632984375 0.6541173390624999 0.46483504218749994 0.66072235 0.4888669515625 0.6756899234375 0.5090423234375 0.6885880140625 0.5511398015625 0.69217613125 0.5893052984375 0.6930326046874999 0.6240228859375 0.6900663546875