2 0.4517261578125 0.857261128125 0.45937551093750006 0.87223183125 0.6522443 0.7183090062499999 0.6523800796875 0.7029748171875 0.50764470625 0.20670031406249997 0.498305834375 0.19877569687500002 0.48818516250000005 0.19924822656250002 0.3014317171875 0.3096888625 0.303886596875 0.336049621875 0.4517261578125 0.857261128125
5 0.5215724484375001 0.4234268046875 0.5322132265625 0.420143109375 0.534820328125 0.3893656859375 0.5414393343749999 0.3848763234375 0.541571828125 0.377902934375 0.506581478125 0.270848234375 0.4954304609375 0.2518607 0.47492741718750003 0.2583917421875 0.429243678125 0.2883935171875 0.42080265937499994 0.30690235625 0.42027926562499995 0.318074321875 0.43103609374999996 0.3496212296875 0.4421936890625 0.3518871640625 0.4476465703125 0.34327192812499996 0.4663308875 0.3423995625 0.49110424375 0.3649313984375 0.5013343921875 0.41601106874999993 0.5215724484375001 0.4234268046875
0 0.452420546875 0.411327634375 0.46624210312500003 0.5681411265625 0.4733877921875 0.5441190015624999 0.48030466718750003 0.44207487343749996 0.4922670828125 0.3774180734375 0.4901965265625 0.3635803375 0.46412784062499995 0.33553521875 0.4492035953125 0.34319923124999996 0.4445193625 0.376860515625 0.452420546875 0.411327634375
1 0.4716414125 0.3658401109375 0.46242845624999995 0.3676637015625 0.459178621875 0.383143284375 0.46099077031249996 0.394206203125 0.4679941 0.4022398640625 0.479025778125 0.3947575953125 0.47799543437500003 0.37529752968749996 0.4716414125 0.3658401109375
9 0.48104043125 0.55072890625 0.46675563125 0.582051559375 0.47192708593750005 0.6291870937499999 0.485930459375 0.6536152171875 0.5066853328125 0.6665805875 0.5325120531249999 0.6500468984375 0.5390117203125 0.6190877312499999 0.540704528125 0.6036808453125 0.5342311671875 0.567753621875 0.5234677609375 0.5529283125 0.50777158125 0.5439070765625 0.48104043125 0.55072890625
7 0.35874054375000003 0.41291463906250003 0.3680728375 0.43756085312500004 0.38429241406250003 0.4354101265625 0.41660893593750004 0.412999665625 0.4182984546875 0.405953578125 0.416631953125 0.354474075 0.4091085171875 0.34925157812499996 0.4012007578125 0.33150605624999996 0.3588927671875 0.35577645625 0.35564622031250004 0.36289524218749997 0.35874054375000003 0.41291463906250003
11 0.413391984375 0.3448712625 0.41287845624999997 0.3309608296875 0.40496412031249995 0.32993690625 0.4045699296875 0.342496278125 0.413391984375 0.3448712625
11 0.382864590625 0.43687023125 0.372097896875 0.43040571875 0.36975906875 0.43887556562499996 0.3720913203125 0.4471273171875 0.3809133734375 0.44950229999999997 0.382864590625 0.43687023125
11 0.49867042968749997 0.2614635109375 0.49205470937499995 0.2575920765625 0.48725113750000004 0.2647835578125 0.48945089687500004 0.2800087015625 0.4993131609375 0.276761353125 0.49867042968749997 0.2614635109375
11 0.49160380156250005 0.5611644640625 0.49206105625 0.5660745015625 0.49539102812499997 0.5711695125 0.49879689843749997 0.5713281984374999 0.5016874953125 0.570261025 0.5028260296875 0.56668525 0.5026218140625 0.5587410234375 0.500239171875 0.554238584375 0.4974261203125 0.5527800093749999 0.4933233296875 0.5556748421875 0.49160380156250005 0.5611644640625
11 0.48605688281250004 0.596754140625 0.48756545781250005 0.5925340390625 0.48485874687499997 0.58263739375 0.48133667343750003 0.5773938953125 0.47658091718750006 0.5857285515624999 0.4767858703125 0.5908092218750001 0.4793460140625 0.595303371875 0.48328365156249997 0.5983007515625001 0.48605688281250004 0.596754140625
11 0.493077590625 0.638793915625 0.49588676249999997 0.6349380874999999 0.49474892343750004 0.6275140109375 0.49118228750000004 0.6227491484375001 0.48462284687499996 0.6222611453125 0.4825334578125 0.627607790625 0.48602455781250004 0.63539855 0.4911176359375 0.638343378125 0.493077590625 0.638793915625
11 0.51739968125 0.65273535625 0.5186553734375 0.6485117328125 0.5172074578125 0.6387151671875 0.5128552796875 0.63700935625 0.508989165625 0.640531334375 0.5069443406249999 0.645399340625 0.5098144312499999 0.652264590625 0.5119752125 0.653435915625 0.51739968125 0.65273535625
11 0.5263994421875 0.608060871875 0.524800378125 0.6081355312500001 0.5245480765625 0.6083061640625 0.5219846984375 0.6133572328125 0.5229305546874999 0.6196769171875001 0.5253576296875 0.6236993296875 0.5286290453125 0.62625125625 0.5320787015625 0.6259313421875 0.5346132703124999 0.62056251875 0.533237740625 0.6144231421875 0.5295235546875 0.6080738593749999 0.5263994421875 0.608060871875
11 0.5158816171875 0.578484278125 0.5169319359375 0.581139909375 0.519950084375 0.584674890625 0.5226914828125 0.583575665625 0.5246470640625 0.5806208390625 0.524546084375 0.573785153125 0.5219415078125 0.569771028125 0.5191280796875 0.5692655828125 0.5167132375000001 0.5720829984375 0.5158816171875 0.578484278125
8 0.5512307171875 0.7762826046875 0.5661369890625 0.760214196875 0.579160271875 0.7419860828125 0.5951857859375 0.7176176421875 0.5974996109374999 0.6882668609375 0.600198275 0.65627286875 0.6022374375 0.6126883734375 0.599178271875 0.5798387046875 0.593327025 0.5486187421875 0.583601975 0.51870554375 0.5758643078125 0.49207307499999997 0.5677027515625 0.47895726875 0.5529836390625 0.46089853906249995 0.5383672578125 0.44620992656249997 0.5194572187500001 0.43509530312500005 0.49866328125 0.4218196265625 0.48589099375 0.42241596093749995 0.45273116875 0.4301287625 0.441773859375 0.445470746875 0.4263435953125 0.462688125 0.41838039374999997 0.483305228125 0.40056250000000004 0.5403736265625 0.40103648437499995 0.5815917703125 0.401686015625 0.6201778703125 0.40718527968749996 0.65891098125 0.41708512343750004 0.6884425734375 0.4275461140625 0.7104484703125 0.4381817671875 0.7320713750000001 0.4545397390625 0.7564271859375 0.47145896093750006 0.7710082796875 0.49633625156249994 0.7829688 0.51409745 0.7862641203125 0.5309174515625 0.786228471875 0.5512307171875 0.7762826046875