2 0.236619759375 0.05637396875 0.2197778875 0.065092575 0.18186370000000002 0.074596534375 0.1243815640625 0.0853966640625 0.11371524687500001 0.08105301718749999 0.10099041093750001 0.08106345468750001 0.0857774796875 0.09899756093749999 0.077022765625 0.097468603125 0.08204534375 0.125883065625 0.13840972812500002 0.2287581828125 0.1446763515625 0.248210809375 0.149189453125 0.249743246875 0.1479454078125 0.25870508281250004 0.17442519843749998 0.304511525 0.18467311250000001 0.314488025 0.21385664062499998 0.38359036875 0.23378714843749998 0.4163449984375 0.3478398625 0.6535850062499999 0.354671803125 0.66023600625 0.349197315625 0.661264590625 0.3498760421875 0.6651043828125001 0.3599882109375 0.6743129265625 0.388368434375 0.7308707875 0.3934245203125 0.735475059375 0.40163625312500006 0.7339321828125 0.402857959375 0.7408438078125 0.41312821250000004 0.73494685 0.4177770609375 0.7372472453125 0.437345009375 0.735951078125 0.4447422703125 0.7298004515625001 0.5150961578125 0.7118211140625 0.78832230625 0.625573178125 0.824867871875 0.6163263640625 0.9386216046875001 0.5798777515625 0.9429989609374999 0.5806422312499999 0.9810257625000001 0.56662634375 0.984374775 0.4707231390625 0.904892015625 0.0210615953125 0.44744788125 0.010414465625 0.2889100671875 0.040201609375 0.2886274078125 0.0466024234375 0.27617406093749997 0.048148778125 0.27522384375 0.04277306875 0.272339684375 0.050456134374999996 0.2609834703125 0.050209424999999995 0.2572848390625 0.0532847375 0.236619759375 0.05637396875
5 0.5862542078125 0.12239719687499999 0.6159678328125 0.10649938125 0.6377300421875 0.1016170890625 0.7498788875 0.1360882359375 0.74739079375 0.15401190625 0.760387121875 0.155537384375 0.7777496375 0.165764071875 0.7753972890624999 0.1844557 0.7685430109375 0.1936781609375 0.787681384375 0.205951578125 0.827642921875 0.20003026406250002 0.83283475 0.2054024921875 0.8577526109375 0.1943730546875 0.869945634375 0.1833540515625 0.8705109546875001 0.170552425 0.879559496875 0.157743840625 0.8922955046875 0.1497966703125 0.9111847234375 0.1446607109375 0.8964572140625 0.10934158281249999 0.8823860937499999 0.09373570625 0.8834943953125001 0.0840059125 0.8532824671875 0.0650849734375 0.8354104765624999 0.027976259375 0.8344543296875001 0.019422140625 0.7014384109375 0.0163261609375 0.6964098296875 0.017593325 0.5789798046875 0.041243790625 0.562827828125 0.045865457812499996 0.5188738328125 0.0691996296875 0.5148925421875 0.0786757546875 0.5447883046875 0.1278077 0.56038613125 0.1280509265625 0.5862542078125 0.12239719687499999
0 0.747548878125 0.13890640468749998 0.7385338406249999 0.1279047984375 0.6619468375 0.1026213171875 0.651959246875 0.1021174625 0.6500364734375 0.10723950625 0.6431933625 0.1085252359375 0.6163750671875 0.10880325625000001 0.5915929515625 0.1206006546875 0.570329046875 0.160301703125 0.5806791984374999 0.194856353125 0.55203091875 0.32878001874999996 0.55008580625 0.349775521875 0.5592030828125 0.3853552765625 0.565774703125 0.38253362968750004 0.5730473890625001 0.367678315625 0.5963251374999999 0.3553701046875 0.6137658359375 0.3100396796875 0.6869909937500001 0.1963052875 0.747548878125 0.13890640468749998
1 0.6451960359375 0.143854803125 0.63422471875 0.16178543125 0.6652734578125 0.169440659375 0.6933469671875 0.15226407343749998 0.6906208921875 0.144841634375 0.6721612453125 0.1364080078125 0.654233409375 0.1389829484375 0.6451960359375 0.143854803125
7 0.410707996875 0.1212610765625 0.26425424375 0.15671241875 0.2479441859375 0.17643958906249999 0.2424138515625 0.21715182500000002 0.25727710625 0.2532389109375 0.26452745312500003 0.25425705781249996 0.2780890984375 0.242980909375 0.2982111984375 0.23681984531250003 0.30696591406249996 0.238348803125 0.3206297984375 0.2516508046875 0.3652625203125 0.23215642656250002 0.45313700468749996 0.209298275 0.4604655359375 0.1547593078125 0.4925315046875 0.12016986562500001 0.47968209218749996 0.111475615625 0.410707996875 0.1212610765625
9 0.765457809375 0.34422236875 0.7249644609375 0.33913511875 0.68610005625 0.3432633703125 0.6238221578124999 0.358931875 0.5711022781249999 0.3886738171875 0.5501433687499999 0.4061005921875 0.5383464124999999 0.4273602 0.5426790953125 0.45987159999999994 0.5712509109374999 0.4775137671875 0.567959515625 0.48289295625 0.6025599703125 0.4946416453125 0.6353957359375 0.496406871875 0.719017440625 0.4814889296875 0.760087278125 0.4658378234375 0.799946575 0.4353383609375 0.8127160874999999 0.4035810015625 0.7970383609375 0.3628861625 0.765457809375 0.34422236875
11 0.439030659375 0.1214938671875 0.43942672812500005 0.1317344734375 0.451868903125 0.13812485000000002 0.46692374843750006 0.13529624375 0.475836546875 0.12171970000000001 0.46312287812499997 0.1137934078125 0.4453307890625 0.1171363046875 0.439030659375 0.1214938671875
11 0.2706918375 0.2491315359375 0.2750468578125 0.26576947500000003 0.3015936625 0.2639555375 0.3144654140625 0.2567763265625 0.31229348749999997 0.24448899218750003 0.2972498109375 0.2393808671875 0.28342784375 0.24118436718749997 0.2706918375 0.2491315359375
11 0.80435056875 0.0282577625 0.813534065625 0.018935215624999998 0.771419771875 0.017954993750000002 0.7724761890625 0.0239315125 0.793401590625 0.0303149296875 0.80435056875 0.0282577625
11 0.6844376046875 0.3578580609375 0.6732171359375 0.35837931093750003 0.6632183765625 0.3658121875 0.662935715625 0.3722130015625 0.6705932984375 0.375535021875 0.680445146875 0.3752709171875 0.698655640625 0.36629516562500003 0.6989383 0.359894353125 0.6844376046875 0.3578580609375
11 0.6251237656249999 0.4062951109375 0.6310166609375 0.399633671875 0.624048971875 0.3922147125 0.6050240062500001 0.3965827140625 0.5939281140625 0.405808653125 0.6103404125 0.41065963281249995 0.6251237656249999 0.4062951109375
11 0.6046743343750001 0.450603909375 0.6039844390625 0.45470084687499995 0.614922246875 0.460580409375 0.6361414765625 0.45262628281249995 0.63752126875 0.44443240624999997 0.6269906953125 0.44085671875 0.61193585 0.443685325 0.6046743343750001 0.450603909375
11 0.712750815625 0.462036303125 0.7134407125 0.457939365625 0.7041430171874999 0.4533385734375 0.692922546875 0.4538598234375 0.6823808062500001 0.458220865625 0.6778565328124999 0.464625159375 0.6800396281250001 0.4689757640625 0.691803078125 0.471526346875 0.7026163109375 0.46870122031249994 0.712750815625 0.462036303125
11 0.748379671875 0.42360358906249995 0.7449525312499999 0.42821481875 0.753153096875 0.4346086734375 0.7568517265625 0.43153335937500004 0.76793645 0.43024415156250007 0.7704133734374999 0.4202572125 0.767133146875 0.417699671875 0.748379671875 0.42360358906249995
11 0.7518514875 0.38724543749999996 0.7675962296875001 0.3803198953125 0.7617256718750001 0.3711078734375 0.742429215625 0.3739399578125 0.74009920625 0.376758125 0.73954505625 0.3816230203125 0.7518514875 0.38724543749999996
8 0.30575112031249996 0.5041134671874999 0.33774525624999996 0.5626686750000001 0.3815859265625 0.5936128078125 0.42183053125000003 0.6097806921875 0.496433959375 0.631082334375 0.5706765140625001 0.6392064984375 0.6186573359375 0.6379174921875 0.713975078125 0.62056080625 0.7708262828125 0.6082232656250001 0.8393255140625 0.5727275671875 0.8913533812500001 0.5386706640625001 0.94176079375 0.5065741796875 0.9655990484375 0.48002114375 0.9778219921875 0.45454755625 0.9784983374999999 0.447245984375 0.9436455265625 0.26119942812499997 0.917110315625 0.24466314531250002 0.88392408125 0.2183394296875 0.84652011875 0.21267410625 0.779235740625 0.1993792203125 0.7147048828125 0.1905340640625 0.6607267625000001 0.1912939265625 0.594936053125 0.19758513125 0.49103109375000004 0.22759231249999998 0.453877990625 0.245609959375 0.40556452343749994 0.2784167265625 0.3695359 0.308363878125 0.331389209375 0.35416009531250003 0.31316215625 0.384625940625 0.302897784375 0.437875678125 0.3005585890625 0.47473752031250005 0.30575112031249996 0.5041134671874999