2 0.7221897015625001 0.2238120421875 0.2186399625 0.203529153125 0.1721337875 0.20299316093750003 0.157411165625 0.20665351250000003 0.0698260859375 0.6953977734375 0.6082435703125 0.872553346875 0.6428956109375 0.8764791484375 0.6944480000000001 0.8549571984375 0.7047010140625 0.8441457609375 0.7141365375000001 0.81258668125 0.778818246875 0.40286479374999995 0.7986228859375 0.316940675 0.79995990625 0.2831163484375 0.78642435 0.262432309375 0.7535930546875 0.230316034375 0.7221897015625001 0.2238120421875
5 0.6176676109375 0.28402804531250003 0.5686963781250001 0.27274422343750004 0.5445043828125 0.2738899921875 0.5008899078125 0.26437273906250003 0.456261546875 0.26100922031249996 0.4332208046875 0.2980164234375 0.4424134890625 0.31078015937500003 0.47754925156250005 0.3203398171875 0.5203568703125 0.35189380937500003 0.5399399375 0.395861278125 0.5670574890625 0.41980791406250006 0.6595629015625 0.42395676406250005 0.670196121875 0.41083767812499994 0.672477365625 0.39699177812499997 0.6222175109375 0.307831353125 0.6349587984375 0.2990570265625 0.6176676109375 0.28402804531250003
10 0.33365680625 0.6966402203125 0.25145085 0.66425849375 0.2311876625 0.6415585484374999 0.21262911406249999 0.6342217328124999 0.1876999234375 0.63127208125 0.16025923749999998 0.6349960390625 0.13604401875 0.6448525265625 0.1227957890625 0.6567037203125 0.1210214875 0.6674727515625001 0.13506398749999998 0.6850799234375 0.18289459531250002 0.70328669375 0.1881013953125 0.7145332 0.207420359375 0.7172547171875 0.29384245 0.7583259609375 0.3366965109375 0.7724585125 0.4038693015625 0.7846760796875001 0.5021116765625 0.78828385 0.5301163812499999 0.80684596875 0.5525572984375 0.8077585125000001 0.5755177453125 0.7540990843750001 0.610596434375 0.738295796875 0.6436134953125 0.700726309375 0.6564012265625 0.6745305421875 0.6626006484375 0.594054546875 0.6320970390625 0.5306709328125 0.62668320625 0.50354141875 0.6000261546875 0.49393935781250004 0.5934717015625 0.4737327921875 0.605706046875 0.46803533125 0.6037247156250001 0.46292135625 0.527462753125 0.4458815578125 0.4955060171875 0.4598758703125 0.48187757812500004 0.47403471406250003 0.4800800578125 0.493514465625 0.48505660781250004 0.497588684375 0.4786859625 0.501975846875 0.48985997968749995 0.519853559375 0.51299165 0.542282965625 0.5271376625 0.5678316406249999 0.535443196875 0.58597989375 0.5371013953125 0.6187644625 0.5204080765625 0.6600952234374999 0.50177986875 0.67889056875 0.467945315625 0.695712409375 0.40694677031250004 0.70600905625 0.33365680625 0.6966402203125
9 0.419345615625 0.5450570640625 0.398552265625 0.53414470625 0.376007834375 0.525290659375 0.34721949375 0.520054559375 0.3090652921875 0.5202453796875 0.2843431328125 0.5331787343750001 0.2724657734375 0.5452792640624999 0.26379066406249996 0.572223046875 0.267476634375 0.5927001515625 0.2964487859375 0.6225299796875 0.3238430296875 0.6362274625000001 0.349509415625 0.6432725359375 0.38741014375 0.6446201484375 0.42921646406249997 0.6308327671875 0.4478446734375 0.6120374234375 0.45164675 0.5889609265625 0.443721421875 0.5685050234375 0.419345615625 0.5450570640625
11 0.2316792078125 0.27007444375 0.2330268609375 0.2790345015625 0.2406184234375 0.2843766125 0.250214534375 0.28612197968749997 0.2625756171875 0.27965530312500003 0.25051444843750004 0.26716210625 0.23992766875 0.2628597515625 0.2316792078125 0.27007444375
11 0.3027091921875 0.3788579484375 0.32342225 0.37311808125 0.3139760921875 0.361892778125 0.3031358421875 0.3591288578125 0.29402344999999996 0.36301734531249996 0.292502621875 0.37224794375000003 0.3027091921875 0.3788579484375
11 0.6409685453125 0.4768257734375 0.6195415140625 0.46975949687499996 0.6064432390625 0.47213075312499997 0.5988052374999999 0.4842100828125 0.6057631203125 0.4933982765625 0.6245751390625001 0.499196659375 0.6376734140625 0.496825403125 0.646048609375 0.48884149531250004 0.6409685453125 0.4768257734375
11 0.573697003125 0.7822895562500001 0.55625585625 0.7767405125 0.5416599718749999 0.779631646875 0.5386415343750001 0.789382125 0.5554257796875001 0.8074879718749999 0.5751249484375001 0.8079018390625 0.5817490640625 0.8019762421875001 0.5833966296875001 0.7919764265625 0.573697003125 0.7822895562500001
11 0.17019975 0.6946395796875 0.156491015625 0.6921462 0.1466182109375 0.7006499859375 0.14821933437499998 0.7080716109375 0.1622850546875 0.7169680625 0.1720079015625 0.7179442140625001 0.1798761578125 0.713037171875 0.1800261125 0.7035572343750001 0.17019975 0.6946395796875
0 0.305966559375 0.5133436312499999 0.33805002968750003 0.49858010156250004 0.414751228125 0.44439570625 0.45470295156249996 0.4247251328125 0.50891679375 0.3870496359375 0.5153571 0.3565303109375 0.5070283453125 0.347092778125 0.4629301484375 0.331941671875 0.42563987656249996 0.3354586984375 0.41190792187499997 0.3416760359375 0.31415794531249996 0.4807659953125 0.305966559375 0.5133436312499999
1 0.426744690625 0.38874157343750004 0.44393236406250003 0.39582905 0.46787088906249996 0.39622171562499997 0.48147610625 0.39077359375 0.48860716562500006 0.38177113125 0.4853014015625 0.3589863765625 0.47136241874999996 0.3493207078125 0.4521701921875 0.345829975 0.43782777968750003 0.3471826765625 0.42046692812500003 0.35828585625 0.41717179687500006 0.3782854859375 0.426744690625 0.38874157343750004
11 0.3117319421875 0.56505143125 0.309989640625 0.5575954125 0.29992749218750003 0.5517199640625 0.28596013125 0.5566751875 0.2867629765625 0.56467416875 0.2966802625 0.5688579218750001 0.30643990468750004 0.5688480515625 0.31128128906249997 0.5652071453125 0.3117319421875 0.56505143125
11 0.29786476875 0.6028635765625 0.3044842359375 0.6077555484375 0.3124780359375 0.6094479546875 0.320123834375 0.6081021 0.3250427578125 0.6039991421875001 0.322970796875 0.601123478125 0.3243164046875 0.6019632140625 0.3206587953125 0.5971338 0.31233214062500003 0.593596665625 0.2997467125 0.5927352609375001 0.2929516203125 0.597924640625 0.29786476875 0.6028635765625
11 0.3537938515625 0.6264808890625 0.3629620390625 0.6300522421875 0.3700633765625 0.6294400328124999 0.374731046875 0.628147503125 0.37702595 0.6245195875 0.376322346875 0.621060128125 0.3702464734375 0.6167423875 0.359181734375 0.614372590625 0.35389716875 0.61555291875 0.3482495296875 0.6189283421875 0.3537938515625 0.6264808890625
11 0.41183214531249995 0.5947988859375 0.40248750468749994 0.593575409375 0.3976142 0.5948305406250001 0.39414129999999997 0.5978868859375 0.393909184375 0.600581159375 0.4019442 0.6084678796875 0.40900004218749997 0.6107027296875 0.4129352625 0.6099908109375 0.41809409999999997 0.6070026375 0.41907020624999997 0.6062286593749999 0.41935947812499996 0.6031874671875 0.4195915921875 0.60049319375 0.418678621875 0.59830448125 0.41183214531249995 0.5947988859375
11 0.398471646875 0.553581796875 0.39026848125 0.5531601375 0.3861035140625 0.5552579343749999 0.3841298015625 0.5582304359375 0.382971140625 0.56396883125 0.39109216406249997 0.567468565625 0.3986975734375 0.5676618718750001 0.4025603609375 0.56610410625 0.4068725578125 0.5643896078124999 0.407829653125 0.5637310125 0.408185990625 0.5626137625000001 0.4066995125 0.5590039890625 0.40432661562499994 0.5566693734375 0.398471646875 0.553581796875
11 0.345114990625 0.5349530437500001 0.3392919390625 0.5342512453125 0.334494803125 0.535044075 0.33126779375000004 0.5365994296875 0.3283523875 0.5414225203125 0.33034817968749997 0.544760484375 0.3371184859375 0.5487283781250001 0.342996203125 0.5503924265625 0.35019134531249996 0.5492022859375 0.351804725 0.5484253781249999 0.3531972109375 0.5457583500000001 0.353454553125 0.5409913375000001 0.350505278125 0.5370045890624999 0.345114990625 0.5349530437500001
7 0.3014495484375 0.2684545203125 0.2592737265625 0.26336863906249997 0.24069558125 0.26113838437500003 0.23878376562499998 0.300713815625 0.229910659375 0.3390231078125 0.226778571875 0.3611439796875 0.2436659765625 0.370533840625 0.2867437984375 0.376358175 0.31192337187499997 0.3789279203125 0.32450780468749996 0.374036490625 0.3157588796875 0.3535060546875 0.314887625 0.317427759375 0.31968277968750003 0.2821107140625 0.3014495484375 0.2684545203125