2 0.4943522265625 0.4334287578125 0.3773066078125 0.4866662171875 0.40376502812500004 0.7304140343750001 0.41087658281249995 0.7424395984375 0.61695840625 0.662713959375 0.6208283812500001 0.6555334312500001 0.6166267609375 0.6058822328125 0.5920156203125 0.4105493734375 0.5864925000000001 0.4025822953125 0.5778734015625 0.4003596375 0.4943522265625 0.4334287578125
1 0.5436583984375 0.5703309921875 0.5405543296875 0.574689271875 0.540594775 0.581619971875 0.543795909375 0.593895365625 0.5508508421875 0.5962179515625 0.5563092484375 0.593095915625 0.55708324375 0.5916598093750001 0.5577844375 0.577748446875 0.553043403125 0.569731403125 0.5506890624999999 0.5684951609375 0.545996559375 0.5687949546875 0.5436583984375 0.5703309921875
9 0.48813045625000007 0.5738785546875 0.4841229703125 0.55749470625 0.4778177671875 0.54957759375 0.4676102359375 0.5432964484375 0.457451234375 0.5453321437499999 0.44813094218750005 0.5570208484375 0.4420036953125 0.5795988078125001 0.4428909359375 0.5975686578125 0.44529381093750003 0.6071217390625 0.451615190625 0.6178111296875 0.4626290734375 0.6282007265625 0.4720059890625 0.626215 0.47901238749999997 0.6202207515625 0.4836563546875 0.61160411875 0.48825987968750006 0.5960567890624999 0.48813045625000007 0.5738785546875
11 0.569151690625 0.5146226781250001 0.5683857859375 0.5174449234375 0.5691921359375 0.521553375 0.573134909375 0.5268481046875 0.5746909890625 0.5253620359375 0.5770129734375 0.5210537171875 0.5769887046875 0.5168953000000001 0.5761904453125 0.5141729859375 0.5746181875 0.5128867765625 0.57070776875 0.51313660625 0.569151690625 0.5146226781250001
11 0.5336586343749999 0.46558396562500004 0.5376014078125 0.47087869531250004 0.5399395703125001 0.46934265937499997 0.5414875593749999 0.4664704484375 0.5414390265625 0.45815361093750007 0.539076596875 0.4555312296875 0.5359482625 0.45573109062499995 0.5343921828125 0.4572171625 0.5336181890625 0.4586532671875 0.5336586343749999 0.46558396562500004
8 0.5347019609375 0.6115239140625001 0.534952046875 0.598471978125 0.5349469734375 0.59760286875 0.5331968984375 0.5496226578125001 0.5313269984375 0.5372844015625 0.52765468125 0.5239034390625 0.522993178125 0.5091366171875 0.5162074078125001 0.494215696875 0.5104143234375 0.4815484609375 0.5010300390625 0.46940047187499995 0.4800540875 0.45886248125 0.468928346875 0.45638674375 0.455713834375 0.45983929218749997 0.44186238906249997 0.46622787031249996 0.42951506562499997 0.47831519375 0.42204890781250004 0.4869041296875 0.4141269703125 0.501317025 0.40750603124999996 0.5147759781250001 0.404793853125 0.52595791875 0.398896034375 0.5512501609375 0.3955689 0.5691342765625 0.394066953125 0.591828571875 0.3950008328125 0.611757559375 0.3990186578125 0.6283043734375 0.4056772484375 0.6493180640625 0.41214364375 0.6654172453125 0.420708053125 0.67703799375 0.431080740625 0.6905718921874999 0.4424114046875 0.7002770421875 0.4525699375 0.7051330609375001 0.47398048125000003 0.7060822921875001 0.482458703125 0.702933721875 0.49564955624999996 0.695426715625 0.5044175125 0.6858865609375 0.51203698125 0.6755489625 0.518822275 0.66236793125 0.5231834421875 0.653688940625 0.5286525125 0.6388531328125 0.5331205812500001 0.6206063171875 0.5347019609375 0.6115239140625001
0 0.49432241406250005 0.5623897109375 0.518664075 0.57747445 0.5493513859375 0.607407003125 0.5617838359375 0.5927461546874999 0.5655890968749999 0.5744765109375 0.56630646875 0.563337428125 0.5537365078125001 0.5544339015624999 0.518518475 0.5525239375 0.4934270859375 0.543033721875 0.4848403421875 0.5463556234375 0.49432241406250005 0.5623897109375
5 0.5897204453125 0.5535216203125 0.5825765359374999 0.5359514953125 0.5731915328125 0.5365510828125 0.565378784375 0.5384368796875 0.563846971875 0.5440813703125 0.5672098875 0.5840795562500001 0.5571722234375 0.6069073453125 0.5353224125 0.6166232218750001 0.5292517890624999 0.648904159375 0.5465951421875 0.6713692874999999 0.5668726953125 0.6603672031250001 0.570726490625 0.650414396875 0.581627128125 0.641398040625 0.5933907390625001 0.6461931125 0.5980427984375 0.638962621875 0.5897204453125 0.5535216203125
11 0.46890955468750006 0.6061399078124999 0.46945952343749997 0.6109594546875 0.47064479062500003 0.612965103125 0.4733947859375 0.6151009671875001 0.47468570625 0.6128220296875 0.4758493921875 0.6111294578125 0.476281071875 0.606940521875 0.47521698125 0.6033102890625 0.4731197015625 0.601479390625 0.47110160156249997 0.6019549859375 0.46890955468750006 0.6061399078124999
11 0.478207084375 0.5794226874999999 0.47724701718749996 0.5824902953125 0.47733687500000005 0.586761003125 0.47944011875000003 0.58974799375 0.47989887812500004 0.5900653515625 0.4821118203125 0.5894608265625 0.4829760921875 0.5888814546875001 0.48385127656250004 0.58588166875 0.4836287875 0.5812727703125 0.48211335625 0.5785962734375001 0.4804159890625 0.57812648125 0.478207084375 0.5794226874999999
11 0.4699732484375 0.5649229203125 0.4714744140625 0.5652887718749999 0.4742723671875 0.565110015625 0.47693214375000004 0.5620502953125001 0.4761940703125 0.5585143296874999 0.47493715156249994 0.5553581750000001 0.47257472343750007 0.5527357937499999 0.46990446874999997 0.553136575 0.468102790625 0.557181465625 0.46885087187499996 0.5625665921875 0.4699732484375 0.5649229203125
11 0.457919628125 0.5549422546875 0.45569859843750005 0.5541606375 0.45401123906249996 0.555540003125 0.45273255468749996 0.559781665625 0.452823765625 0.5642838578125 0.4540056578125 0.5657114859375 0.4562266984375 0.5664944875 0.45882865937500006 0.5655184453125 0.4599882984375 0.563132803125 0.46009800624999997 0.5595426734375 0.45955882812500004 0.5565722359375 0.457919628125 0.5549422546875
11 0.4473063421875 0.5795484578125001 0.4460114796875 0.5810178390625 0.445187296875 0.585115371875 0.44520078906249994 0.587427453125 0.4465220515625 0.590347925 0.4470497671875 0.5913542031250001 0.44958516406250004 0.59170805625 0.4510852953125 0.5902879609375 0.45191475625 0.587228696875 0.451302575 0.5828762671875001 0.44965663749999996 0.58009163125 0.4473063421875 0.5795484578125001
11 0.454357434375 0.603602971875 0.4533336859375 0.607019925 0.453221390625 0.6100319828125 0.45382211562499997 0.612421640625 0.455267809375 0.6144092624999999 0.45657413281250003 0.614904040625 0.4588534484375 0.6144117546875 0.4608607578125 0.6120870484375 0.4610373984375 0.6088393062499999 0.459442890625 0.6037398296875 0.45663191718749996 0.6024162796875 0.454357434375 0.603602971875
7 0.5774598375 0.5170537859375 0.5736944765625 0.4784776734375 0.569384590625 0.45827072031249994 0.5657917 0.44924987656250004 0.5468765765625 0.44864180468750003 0.538058546875 0.45415969218749996 0.5329520984375 0.4571289 0.5353759359375 0.47349189999999997 0.5393418796875 0.4824889078125 0.544439884375 0.525935790625 0.5486832625 0.5359522953125 0.57091555625 0.5290352140625 0.577315140625 0.5241668703125 0.5774598375 0.5170537859375
11 0.5867697390625 0.62947565625 0.58737988125 0.6360260656250001 0.5922574046875 0.639009146875 0.594102328125 0.636610228125 0.59462080625 0.62745290625 0.5911684078125 0.623871259375 0.5867697390625 0.62947565625