2 0.3472330734375 0.62768883125 0.355018740625 0.6386005234375001 0.533514703125 0.7276909625 0.5923696921875 0.7558823984374999 0.6138843234375 0.7562430484375 0.776878153125 0.569397828125 0.7747891265625 0.5656347375 0.5242449515625001 0.4494919484375 0.5063379359375 0.45251680937499994 0.3472330734375 0.62768883125
5 0.4454480453125 0.6603688921875001 0.462503271875 0.66826206875 0.4925937 0.67576920625 0.4997395359375 0.655434975 0.4674637203125 0.6377649562500001 0.45812476562500004 0.6136782171874999 0.46830777812499996 0.5925888296874999 0.46099618593749997 0.5794180156250001 0.4529908296875 0.5764121984374999 0.4216362 0.5749293921875 0.41508776875000003 0.5786988296875 0.4028157296875 0.5960251265625 0.40965324687500004 0.611455065625 0.3868744109375 0.6171187453125 0.3837755703125 0.6250267375 0.39067474999999996 0.6333038421875 0.4454480453125 0.6603688921875001
0 0.45844081562500005 0.612172134375 0.4674637203125 0.6377649562500001 0.4775581046875 0.6445338640625 0.49524543125 0.649414878125 0.50828063125 0.6490288343749999 0.529032103125 0.6324492312500001 0.5875286109375 0.6143360359375001 0.606129390625 0.601146175 0.5014700796875 0.6128934359375 0.45844081562500005 0.612172134375
1 0.5001410984375 0.6292268625 0.49861702656249995 0.625775821875 0.49513672656249996 0.622949640625 0.48700631874999994 0.6208621062499999 0.48188753437500004 0.6211591328125 0.4784302109375 0.6242456562500001 0.4795333796875 0.628358075 0.48295882187499994 0.630780353125 0.490709059375 0.634007340625 0.496851071875 0.6335258484375 0.5001410984375 0.6292268625
7 0.5827416515625 0.71259628125 0.5901765718750001 0.711461428125 0.6093477921875 0.7024122375 0.614851709375 0.6967612546875 0.6048189890625 0.6828395125 0.576405178125 0.6742017578125 0.5542237453125 0.6633006453125 0.5452702375 0.6648130765625 0.5416009578125001 0.6685803984375001 0.535526603125 0.6700907125 0.5126514078125 0.6693546 0.5105970796875 0.6791441359375 0.5493596593750001 0.7001975500000001 0.5602441703125 0.7032012515625 0.563693759375 0.7073398046875 0.5827416515625 0.71259628125
9 0.5588257125 0.5864989031250001 0.569394171875 0.5910086859375 0.5882840390624999 0.597018203125 0.610843184375 0.5992603984375 0.6233079453125 0.5947336859375 0.6292859390625 0.5868235796875 0.63149829375 0.576281003125 0.6221940359375 0.5657468875 0.61618134375 0.5601043703124999 0.5929554 0.5473217125 0.5807103265625 0.5439425484375 0.5679911765625001 0.542822509375 0.55767710625 0.543959478125 0.5453703703125 0.5477331484375 0.537873784375 0.5560208328125 0.538698609375 0.5658082546875 0.5487313296874999 0.5797299953125 0.5588257125 0.5864989031250001
11 0.5105970796875 0.6791441359375 0.51420469375 0.6825296484375001 0.5237286390625 0.6851578859375 0.52739791875 0.6813905640625 0.523948328125 0.6772520109375 0.5185060734375 0.6757501593749999 0.5173035359375 0.6746216578124999 0.5115452296874999 0.6746258890625 0.5105970796875 0.6791441359375
11 0.6169060375 0.6869717171875 0.6117798343749999 0.683963784375 0.606337578125 0.682461934375 0.603458425 0.68246405 0.6016237859375 0.6843477109375 0.601149709375 0.686606834375 0.6021942234375001 0.6884883796875 0.6058018390625 0.6918738921875 0.61260465625 0.6937512046875 0.6171604234375 0.69261846875 0.6179505515625 0.6888532625 0.6169060375 0.6869717171875
11 0.5533611453125 0.5584767859374999 0.5489785296874999 0.559984728125 0.547128565625 0.5615367390625 0.5478035640625001 0.5639719546874999 0.550578715625 0.566893521875 0.5585366515625 0.56852716875 0.5633505671875 0.5665758140625 0.563680221875 0.5633861796875 0.5586642234375 0.559846225 0.5533611453125 0.5584767859374999
11 0.566268896875 0.5776906078125 0.5625351109375 0.5785347468750001 0.5618997453125 0.5795527921875 0.5613098046875 0.58194564375 0.5646633546875 0.5861509 0.57027431875 0.5868556578125 0.5743663328124999 0.5859231640625 0.5774859453125 0.5839726765625 0.573493090625 0.5795901984375 0.566268896875 0.5776906078125
11 0.6193298375 0.5750882765625 0.614008271875 0.57380694375 0.6101020953125 0.5738538609375 0.6088931125 0.5755819609375 0.6099657984375 0.579345796875 0.6148783953125 0.582576 0.62102678125 0.583147846875 0.6230625828125 0.5807102609375 0.623090996875 0.5773442875 0.6193298375 0.5750882765625
11 0.595684284375 0.5852456734375 0.591912003125 0.5862664 0.591874865625 0.586443365625 0.5916486140624999 0.5899427515625 0.5950274546875 0.593218128125 0.60155135625 0.593612384375 0.60648051875 0.592723696875 0.6055497328125 0.5890930234375 0.6019664062500001 0.5867920828125001 0.595684284375 0.5852456734375
11 0.6014507453125 0.555345415625 0.597686465625 0.5555254953125 0.59683299375 0.5571644890624999 0.5960553109375 0.5584491734375 0.5986631124999999 0.5621682125 0.6059057937500001 0.5639796984375 0.6114586531249999 0.5633563359375 0.61099878125 0.560698471875 0.6061128375 0.5565387640624999 0.6014507453125 0.555345415625
11 0.575297590625 0.55000268125 0.570143215625 0.54792463125 0.5671314859375001 0.5477491546875 0.5635753734375 0.548549115625 0.563335315625 0.54946673125 0.56370615 0.5519590171875 0.567331653125 0.555677684375 0.57331813125 0.5562048500000001 0.5757344921875001 0.555184365625 0.5772540828125 0.5527923359375 0.575297590625 0.55000268125
8 0.7266906421875 0.602842753125 0.723162759375 0.5935832390625 0.7183716437500001 0.5793553453125 0.7108981015625 0.566935690625 0.7020393312500001 0.5570017093749999 0.6935542703124999 0.549402271875 0.6849030421875 0.5398442234374999 0.66833839375 0.5268285328125 0.6481155953125 0.516148471875 0.623284634375 0.5054721734375 0.6021698 0.4962993703125 0.5771630859375 0.49194777187499994 0.5557144734375 0.48985271093750005 0.5377289859375 0.4904667625 0.5246567375 0.49100191249999997 0.5086284359375 0.493270584375 0.49482911406249996 0.497270478125 0.48562682500000004 0.5026983015625001 0.47462030000000005 0.50985805 0.46751243125 0.514907871875 0.462969184375 0.5214612828125 0.4566750078125 0.5377302203125 0.45363937656250003 0.5453369953125 0.45394045 0.5562553171875 0.45415629218750003 0.5593421515625 0.4603118484375 0.5698047921875 0.4690455578125 0.5803415843749999 0.4760505734375 0.5908785171875001 0.4843720578125 0.6033728390624999 0.492407709375 0.6103702671875 0.4970872234375 0.612776940625 0.5302181265625 0.6313449484375 0.5367468843750001 0.63376005 0.5500625453125 0.6403025953125 0.5606790234375 0.6432323296875 0.5812743015625 0.6493938140625 0.5947094421875 0.6526234 0.607757025 0.6549493843749999 0.62686935 0.657196371875 0.6391761359375 0.6575652937500001 0.6548883890625 0.6568027046875 0.6675416281250001 0.6555138078125 0.6820444015625 0.6509121890625 0.6971657421875 0.6447278421875 0.7100579421875 0.6368130296875 0.7188601515624999 0.625060928125 0.723579309375 0.6121820640625 0.7266906421875 0.602842753125
11 0.38921654375000003 0.623372703125 0.3911113109375 0.6292618203125 0.40435115312500003 0.6322423328125 0.40914104375000004 0.62912283125 0.401284334375 0.6225141578125 0.39200680625 0.620357821875 0.389270046875 0.6229668359375 0.38985318750000003 0.6236654984375 0.38921654375000003 0.623372703125