2 0.42765757187500003 0.8532822703124999 0.43284841875 0.8637115874999999 0.6118530171875001 0.8260348875 0.758837196875 0.78675960625 0.76695670625 0.7754692671875001 0.68208926875 0.3740872125 0.6727682703125 0.358705625 0.34347302343749997 0.4390520953125 0.33892515625 0.44831720625000004 0.3403355015625 0.4678804421875 0.42765757187500003 0.8532822703124999
5 0.69118845625 0.573230334375 0.6793601890625001 0.5617799453125001 0.6641266453125 0.571733196875 0.6654257171875 0.5837586796875 0.6726382734375 0.6015080546875 0.670935503125 0.6122091890625 0.6720602515625 0.6481457015625 0.6651991296875 0.683609965625 0.6491976546875 0.694919546875 0.64757339375 0.7007085109375 0.6445163953125 0.70796605 0.6361449046875001 0.7161336015625 0.6560325953125 0.7727449265625 0.6604658734375 0.77259809375 0.6716469109375 0.770075409375 0.6695199765625001 0.7502301109375 0.688269796875 0.7353908812500001 0.7026635515625 0.7157837078125 0.7083586578125 0.68847873125 0.7113600718749999 0.6561230124999999 0.70589248125 0.6172552703124999 0.7019596484374999 0.60935519375 0.6943119296875 0.59290384375 0.69118845625 0.573230334375
0 0.712520203125 0.663886021875 0.669823878125 0.61178671875 0.637258590625 0.5995968421875 0.589386871875 0.586348725 0.5522488359375 0.5700404703124999 0.52163546875 0.5679254874999999 0.5417267171875 0.5883732046875 0.6017777125 0.6326052828125001 0.6433139078125001 0.676941578125 0.7006607828125 0.737490771875 0.7045849640624999 0.7381128109375 0.7170753796875 0.6820897171875 0.712520203125 0.663886021875
8 0.5179107171874999 0.4405808765625 0.4875072171875 0.42006005625 0.4502977515625 0.4264216125 0.41893572187499994 0.445256078125 0.4030073734375 0.4675742828125 0.3962791484375 0.4895446203125 0.41602644062499994 0.508212165625 0.43146081562500005 0.5453773421875 0.4280250078125 0.5790309515625001 0.4290230078125 0.6125404671875 0.43326415156250003 0.6503928484375 0.4449054015625 0.6839202906249999 0.4602676546875 0.7100738421874999 0.466669121875 0.720523934375 0.48406209687499996 0.73723585625 0.526183390625 0.7526921421874999 0.5485335140625 0.7458084265625 0.5679529875 0.7149334203125 0.5781728390625 0.6844047828125001 0.600981475 0.6798927609375001 0.6139696078125 0.6991047874999999 0.61866279375 0.68789239375 0.62017811875 0.66558824375 0.6206795953124999 0.6575425734375 0.6077860828125 0.58565175 0.5997578578125 0.5619180390625 0.5868784984375 0.5255424984375 0.5671368265625001 0.4909512875 0.5483375703125 0.4647714109375 0.5179107171874999 0.4405808765625
9 0.5080125796875 0.6910116093750001 0.513384125 0.6900932562500001 0.5251315953125 0.6852556437499999 0.5337532953124999 0.67246485 0.5392492234375 0.6517208734375 0.5391084312500001 0.630525990625 0.5325072390625001 0.6005334375 0.5153999703125 0.5695078734375 0.5069026531249999 0.5624730453125 0.4912620484375 0.55948866875 0.4779798484375 0.56458866875 0.4695951640625 0.574509746875 0.4630666984375 0.5940156546875001 0.462733459375 0.62094996875 0.4693346515625 0.650942521875 0.4771209234375 0.6665864984375001 0.49337635156250004 0.685026325 0.5080125796875 0.6910116093750001
7 0.6644891328125 0.5001661765625001 0.66596754375 0.4914258359375 0.6542998859375 0.43117834374999997 0.64675063125 0.41266465312499995 0.5851245203125 0.42602982031250003 0.5968484953125001 0.49475526875 0.6182384546875 0.515146459375 0.649965540625 0.5111368 0.6644891328125 0.5001661765625001
11 0.613845365625 0.7790125625 0.6187428796875001 0.7838336421875 0.6256209953125 0.7784139265625 0.6232062703125 0.7618516 0.6154763156249999 0.7546855765625 0.6106914359375 0.7668204046875 0.613845365625 0.7790125625
11 0.45101172187499994 0.8224121609375 0.455881078125 0.8229942640625 0.456913615625 0.82423233125 0.4619918296875 0.817705740625 0.46320506562499997 0.8075961406250001 0.452614515625 0.7938461984375 0.4464756046875 0.7948957437499999 0.4429602765625 0.8053989250000001 0.444020971875 0.8108759703124999 0.45101172187499994 0.8224121609375
11 0.377201778125 0.5436241828124999 0.3817214859375 0.5301200953125 0.37830238125000004 0.5165586765625 0.3747025796875 0.514344925 0.3677963046875 0.5155256640625 0.36375063124999996 0.5232903234374999 0.366137196875 0.5356136734375 0.37413232500000004 0.54414895625 0.377201778125 0.5436241828124999
11 0.65321103125 0.421462321875 0.6441833671875 0.41168897187500003 0.64114206875 0.41645271875 0.6422590828125 0.43040771875 0.6517889390625 0.43868061562499994 0.6520541109375 0.44004987656249994 0.655095409375 0.435286128125 0.65321103125 0.421462321875
11 0.6091263125 0.492656178125 0.6042287984375 0.48783509843750006 0.5978810328125 0.49599333593750006 0.5997372515625 0.5055781640625 0.605667303125 0.5116373109375 0.6072020296875 0.5113749249999999 0.61124770625 0.503610265625 0.6091263125 0.492656178125
11 0.522391 0.6558351734375 0.526036253125 0.6567566968749999 0.5275358453125001 0.6569105515625 0.5286242999999999 0.6490262265625 0.5271518578125 0.6439774703125 0.522889696875 0.6405090453125 0.51922530625 0.6426816859375 0.5180251453125 0.6486301359375 0.5207836015625 0.6545638281249999 0.522391 0.6558351734375
11 0.5165443640625 0.6122183625 0.518838465625 0.6144771015625 0.521479521875 0.6146876031249999 0.52378860625 0.613188028125 0.5245353359375 0.611685375 0.524492096875 0.6046749499999999 0.5223872578125001 0.6008391125 0.5188118 0.5983580859375001 0.5145354234374999 0.598647846875 0.5149558390625 0.60785148125 0.5165443640625 0.6122183625
11 0.49148718437500005 0.5844758156250001 0.493638046875 0.589187909375 0.497808421875 0.5909051921875 0.4997296890625 0.5912387515625 0.50158558125 0.5890937968750001 0.50236815625 0.5850458140625 0.5004440359375 0.5783074484374999 0.4958971984375 0.5740035703124999 0.49321917031250007 0.57424074375 0.491609465625 0.578713059375 0.49148718437500005 0.5844758156250001
11 0.472813625 0.596724609375 0.47257629218749997 0.6031704796875 0.4734457984375 0.6076602890625 0.47542187656249996 0.6101926625 0.47834837343750003 0.6112384859375 0.48126142656250004 0.6102990984375001 0.481755509375 0.6064602859375 0.48115411249999995 0.600157809375 0.47804481406250005 0.595609578125 0.4745981140625 0.5944320125 0.472813625 0.596724609375
11 0.4778372828125 0.63672636875 0.4766107359375 0.638702896875 0.47765399375 0.645371184375 0.479966196875 0.6502777859375 0.48373943906249994 0.65250290625 0.48605318124999997 0.6516659812500001 0.487432521875 0.6485585281249999 0.4877202703125 0.6436501921875 0.4841096421875 0.6358746828124999 0.48069991874999995 0.6342494453125 0.4778372828125 0.63672636875
11 0.49942527031250006 0.6599822109375 0.5000807093749999 0.668483634375 0.50154486875 0.6722083296875 0.5046414921875 0.674771221875 0.507162334375 0.6750036875000001 0.5096324953125 0.6736972515625 0.5109795171875 0.6717001265625 0.5120268875 0.6668825968750001 0.5082686265625 0.660899159375 0.5026514234375 0.6581051703125 0.49942527031250006 0.6599822109375
1 0.6332154421875 0.6437091374999999 0.63767290625 0.6490538765625 0.64307375 0.6515821328125 0.64753980625 0.6508185890625 0.6526498875 0.6456969046875 0.65050360625 0.6338488 0.6446239453125 0.62423464375 0.6351998953125 0.6239870546875 0.6303048140625 0.6325236000000001 0.6332154421875 0.6437091374999999
10 0.4210658921875 0.5163205515625 0.4004151375 0.49155919062500003 0.3945414015625 0.493977996875 0.38113482187500003 0.5189036203125 0.3835213875 0.53122696875 0.381123071875 0.5556851484374999 0.38323271718749996 0.6034207671875 0.3875599765625 0.6380458765625 0.39678234375 0.680406546875 0.41247173437500007 0.7200715671875 0.4235908234375 0.7422243875000001 0.438604859375 0.7665348390625 0.43541102187499997 0.7868852328125 0.44169072343750004 0.8070305718749999 0.4462104296875 0.79352648125 0.4508146125 0.7927393234375 0.45904675624999997 0.798404890625 0.46748775625 0.7969617671875 0.486812640625 0.8148768203125 0.5101832015625 0.825027215625 0.5519141734375 0.8235510234375001 0.584030815625 0.801085003125 0.6061435703125 0.77608551875 0.611904671875 0.7567108046875 0.6267779140624999 0.7598263734375 0.6262194078125 0.752848871875 0.61640796875 0.7021862078125001 0.6035153265625001 0.6888298484375001 0.5878465609375 0.6816064953125001 0.5720534140625 0.6942087671875 0.5599727046874999 0.7259806953125 0.5421707984374999 0.7445847828125001 0.503802615625 0.7511444421875 0.48220379687500003 0.73786194375 0.4574228921875 0.7081483109375 0.4475715453125 0.6900282 0.430853834375 0.6405462749999999 0.4255377875 0.5867130640625 0.42810120781250005 0.5731162249999999 0.428964796875 0.548920434375 0.427317434375 0.5322269109375 0.4210658921875 0.5163205515625