2 0.786975921875 0.669982903125 0.8029559531249999 0.664711265625 0.8098087796875 0.6567468609375 0.741961375 0.332151890625 0.7194536968749999 0.2734407859375 0.7041385984375 0.18831976875 0.6941991140625 0.18182086718749998 0.6145205109375 0.20253803750000002 0.2117115 0.3255066859375 0.1957314671875 0.3307783234375 0.1818633625 0.34594590625 0.272853425 0.7522648484375 0.279100684375 0.754821253125 0.29861048437500004 0.7527308859375 0.5491512421875 0.711092790625 0.786975921875 0.669982903125
5 0.47923509375 0.6840459937500001 0.485378996875 0.679438928125 0.47806848750000003 0.6451837296875 0.47133385937499994 0.6403436453125 0.439107984375 0.642962221875 0.38320755625 0.6214770296875 0.3731647171875 0.6078146578125 0.348175678125 0.5975890374999999 0.2908868203125 0.6163522015625 0.284846271875 0.6281227390625 0.2881544859375 0.6369450265625 0.301682840625 0.6402229515625 0.362560296875 0.6917084124999999 0.3821734546875 0.696781515625 0.45325647656249995 0.689220975 0.47923509375 0.6840459937500001
9 0.47907344375000005 0.462875965625 0.5112550625 0.44669167187500003 0.5295243171874999 0.4321092453125 0.5401875671874999 0.415282846875 0.5315183125 0.38134008124999996 0.4913172640625 0.36662651562500004 0.4642014578125 0.3664729109375 0.42767779062500005 0.3756698015625 0.39717982812499997 0.393064115625 0.3778176390625 0.4158836734375 0.374435484375 0.43343159218749994 0.3790433453125 0.4483436921875 0.3966921921875 0.4642500375 0.422227696875 0.47035709218750005 0.4518985390625 0.46912460625 0.47907344375000005 0.462875965625
7 0.6267184578125 0.5335404734375 0.57261961875 0.5739304140625 0.5881120125 0.639844696875 0.595880475 0.6428498968749999 0.6350625328125 0.6394303875 0.7321241703125 0.626694865625 0.746095634375 0.618690753125 0.751973725 0.6061589890625 0.733173115625 0.5314224171874999 0.6500386828125 0.5225881109375 0.6267184578125 0.5335404734375
1 0.43303802343750003 0.62119908125 0.450864165625 0.6178986921875 0.465057184375 0.6042535625000001 0.46262035 0.5928351625 0.436375921875 0.5900854468750001 0.4202334328125 0.5945958578125 0.4114753953125 0.606991259375 0.41597989999999996 0.6147398875000001 0.43303802343750003 0.62119908125
0 0.400236265625 0.5944025453124999 0.391950753125 0.6290495890625001 0.42851867656250003 0.6334184140625 0.47063978124999994 0.623733021875 0.48037255312499993 0.6159049796875 0.5280767890625 0.4787598453125 0.5218886265625 0.46980119531250003 0.502216371875 0.4711303375 0.4962349234375 0.47649863124999997 0.400236265625 0.5944025453124999
10 0.2551528453125 0.3843442984375 0.23638266562500002 0.408815753125 0.2245996828125 0.4487350765625 0.22430164531250002 0.46895901718750005 0.2328554875 0.504718740625 0.24476800937499998 0.521618284375 0.27499781562500003 0.55084375625 0.2854384875 0.5608465859375 0.273820671875 0.5712698406250001 0.2843664515625 0.581765184375 0.31314639375 0.578248371875 0.348818734375 0.5767642890625 0.3694446453125 0.5653030640625001 0.39373153125 0.549382453125 0.391141234375 0.5329235546875 0.3600309578125 0.5039005390625 0.32683530625 0.48672645000000003 0.3087767859375 0.45832066875 0.3021913765625 0.4231416859375 0.3215368453125 0.3840668453125 0.36208945937500003 0.3535533375 0.4146700140625 0.3275092609375 0.4561571 0.3143520796875 0.500771859375 0.3071941859375 0.5499834234375001 0.3129329171875 0.5754925078124999 0.30706731875000004 0.60931319375 0.2925720671875 0.6307220546875 0.26749386875000003 0.6298429484375 0.26769601249999997 0.61166884375 0.2517195859375 0.5982741625 0.2408459578125 0.5937416718749999 0.232585484375 0.5753192765625 0.21976704218749998 0.5548932703125 0.245135921875 0.5241054625 0.25221531875 0.4759729109375 0.2601821 0.41502810781250005 0.2772967375 0.3576010984375 0.2936024875 0.320080003125 0.3167004515625 0.29100202343750003 0.3404412046875 0.26718548124999997 0.3412666765625 0.2381558875 0.34794178593749997 0.226173 0.373953453125 0.245975165625 0.380252840625 0.2551528453125 0.3843442984375
8 0.57943209375 0.3082281734375 0.5478032484375001 0.3113667015625 0.5163846249999999 0.31549025468749997 0.484439096875 0.317151553125 0.44780878125 0.3271244328125 0.41138884375 0.3380831015625 0.3840807515625 0.34849662656249997 0.34662685312499997 0.376230878125 0.33585007031249997 0.390595003125 0.32259523749999997 0.4236176125 0.32010671562500004 0.45519796562500003 0.3222662640625 0.48260943906250003 0.3374191625 0.4930787796875 0.363445 0.5025988265625 0.386675778125 0.5292986078124999 0.3891609671875 0.54526499375 0.377112403125 0.566640821875 0.387485878125 0.5720073640625001 0.41467838593749995 0.5740231921875 0.41928702500000004 0.5739976390625 0.499441178125 0.5607919890625 0.53152876875 0.5507728078125 0.564574096875 0.536972525 0.598748184375 0.5198118015625 0.6310575890625 0.5025631625 0.6579553953125 0.47725619375 0.6937272265625001 0.44164020156249995 0.7138087828125 0.406014478125 0.719749259375 0.3689886375 0.721424346875 0.34224626874999997 0.7131755203125001 0.3208867125 0.682458240625 0.2850556609375 0.6494335375 0.2730106859375 0.6444044640625 0.271066184375 0.6290572796875 0.28131361093749996 0.602695328125 0.29616051875 0.57943209375 0.3082281734375
11 0.7420784968749999 0.6132258046875 0.7382238171875 0.6085220812500001 0.7280627749999999 0.6076642 0.713441490625 0.6126234046875 0.7091437 0.6192017187500001 0.7153318609375 0.6281603687499999 0.7381056187499999 0.621326571875 0.7420784968749999 0.6132258046875
11 0.63871076875 0.556337565625 0.637248665625 0.5494865265625 0.6226864812499999 0.5480434859375001 0.6123038843749999 0.552826621875 0.609364840625 0.5590925046875 0.6176206671875 0.5643813843750001 0.6327293203125001 0.5617058578125 0.63871076875 0.556337565625
11 0.2717316140625 0.5800291 0.2808588203125 0.5827218671875001 0.291241415625 0.57793873125 0.2982566953125 0.570735553125 0.29358973593750004 0.5622256984375 0.283428696875 0.5613678156249999 0.272721190625 0.5646284984375 0.2672271109375 0.572280471875 0.2717316140625 0.5800291
11 0.22906485000000001 0.37342425625 0.2377046890625 0.37383334375 0.25390627656250003 0.3629206875 0.253315553125 0.35347353593749997 0.244025890625 0.3500195421875 0.2331559296875 0.3525189984375 0.22581573437500002 0.3581997234375 0.222876690625 0.36446560625 0.22906485000000001 0.37342425625
11 0.5657975515625 0.24808049375 0.5797099171875 0.2464786265625 0.5952025812499999 0.238923309375 0.5986289921875 0.23494110781250002 0.5922783765624999 0.22522123125000001 0.58195488125 0.223602121875 0.5673335953125 0.2285613265625 0.5582506453125 0.2394342765625 0.5657975515625 0.24808049375
11 0.50144861875 0.40742032031250003 0.496988371875 0.4132374078125 0.5006805984375 0.417179903125 0.5066029453125 0.41821385624999996 0.518506740625 0.41387951406249995 0.5168821828125 0.40626724843749995 0.50144861875 0.40742032031250003
11 0.41329263125000004 0.428489628125 0.411830528125 0.4216385890625 0.40302823437499996 0.4204682734375 0.3952006734375 0.42386532031249996 0.39834643281250004 0.43192637968750003 0.41329263125000004 0.428489628125
11 0.47180719375 0.44218648437499997 0.46870569062499995 0.44769114062500004 0.47495295000000004 0.4502475453125 0.488377946875 0.44636199843749996 0.4899582484375 0.4404085484375 0.48387344531250004 0.43861336875 0.47180719375 0.44218648437499997
11 0.49472316562499996 0.3857783578125 0.49104952500000004 0.380373378125 0.48090729843749996 0.3800845515625 0.473768146875 0.383741759375 0.472104246875 0.38775391406250004 0.47241043281249995 0.39334306093750004 0.479634521875 0.392675378125 0.49472316562499996 0.3857783578125
11 0.42252023124999993 0.396346728125 0.42566306249999997 0.4012548625 0.43109721093750003 0.40141721874999997 0.43910340625 0.3967532734375 0.443240678125 0.3891489578125 0.43658582343749996 0.38664634531250003 0.42532847812499996 0.39125129687500004 0.42160455781249995 0.3957363375 0.42252023124999993 0.396346728125
11 0.43667856406250005 0.44106195625 0.42436579218750003 0.4440944171875 0.4187207578125 0.448013390625 0.41628865 0.4517989046875 0.4176309765625 0.45471572031249996 0.41907110468750003 0.4564009953125 0.42830654375000005 0.45750365468750004 0.437532084375 0.455180278125 0.4434517265625 0.449181740625 0.443839740625 0.44425391249999996 0.43667856406250005 0.44106195625