10 1 0.3931168296875 0.9551453828125 0.20591128749999998 0.919024946875 0.19589483125 0.865156359375 0.1880365921875 0.8510219484375 0.1759571265625 0.84389723125 0.17554137187500002 0.8247405406249999 0.18354890937499999 0.802996815625 0.1807591765625 0.7911948828125 0.16668655625 0.736426871875 0.1902584890625 0.7210809671875 0.2024427453125 0.7151347484375 0.2186735828125 0.7254706359374999 0.244219503125 0.734628021875 0.253118828125 0.7666953750000001 0.2638113125 0.7900324265625 0.2615229578125 0.85741129375 0.2671277703125 0.9113496484375 0.2870051984375 0.953880165625 0.3296388125 0.9610869093750001 0.359716928125 0.9576004484375 0.3803498265625 0.9461926093749999 0.4031060109375 0.9243461249999999 0.4292074046875 0.8958020078125 0.45081153125 0.854544275 0.4721300390625 0.8195448265625 0.48438415468749996 0.7316705015625 0.5046553921875 0.695944159375 0.5314677421875 0.690609815625 0.5443883031250001 0.6952295234375 0.5636691453125 0.7133472515625 0.5630533953125 0.7475622937499999 0.5709814921875 0.7594217390625 0.5794301328125 0.7606454859375 0.572809578125 0.7730470359375 0.5659287515625 0.789074584375 0.562453409375 0.8038783828125 0.5655986203125 0.8070075234375 0.561066425 0.934234190625 0.5173883203125 0.9791754296875 0.49385131718749997 1 0.479077321875 1 0.3931168296875
9 0.7668594296875 0.32313603125 0.7201278171875 0.3333367171875 0.688754365625 0.3489963171875 0.6646329109375 0.37146688437500003 0.657705240625 0.38946553281249996 0.6622674390625 0.4143703546875 0.6802126375 0.4306265390625 0.712464778125 0.4420902546875 0.745386303125 0.444619715625 0.7953743359375001 0.4362820453125 0.82324906875 0.423612175 0.8517931843750001 0.40200804687499997 0.8632585328125 0.37362788281250003 0.8542736765625 0.347856621875 0.8336264218749999 0.332051121875 0.8005776171875001 0.3231264484375 0.7668594296875 0.32313603125
5 0.7143013093749999 0.16828312031249998 0.768872275 0.1262967859375 0.771631840625 0.120222121875 0.76462214375 0.10855840937500001 0.7515964609375 0.10110634375000001 0.7086058656249999 0.1034645578125 0.6615499265625 0.0888556296875 0.6301642171874999 0.086872059375 0.5929473109375001 0.089871371875 0.5677623765625001 0.0844473890625 0.5542520953125 0.08670081406249999 0.5452917562499999 0.0962158890625 0.46823791249999996 0.13232755624999998 0.4519105578125 0.1462796234375 0.4623614625 0.160577584375 0.46840196718750005 0.1916522765625 0.4830784875 0.1884022765625 0.49259319062499995 0.1812008984375 0.51961375 0.17669405 0.5523382296875 0.16080910937499998 0.5961254874999999 0.1559118515625 0.6538048609375 0.16794680625 0.6651099390625 0.174081746875 0.7143013093749999 0.16828312031249998
2 1 0.3931168296875 0.9470146984375001 0.171977003125 0.7104970546875 0.020673353125 0.5550460046875 0.0161501890625 0.1786823734375 0.26082900625 0.1682559859375 0.2818173828125 0.156281521875 0.284616696875 0.156039225 0.28946944218750004 0.1722063078125 0.31003248125 0.586650434375 0.5737588625 0.68889299375 0.6369110015625 0.69829268125 0.6409575828125 0.714874590625 0.639795940625 0.9953302531249999 0.4967711859375 1 0.493468671875 1 0.3931168296875
0 0.5186445578125001 0.19610502968750002 0.5247425703124999 0.2215557421875 0.6095283140625 0.3525860328125 0.6256256296875 0.3611298796875 0.6400721078125 0.38037579374999997 0.64412519375 0.37969976562499996 0.64398565625 0.355661384375 0.63653283125 0.2365961890625 0.64306640625 0.1817687375 0.6347631921875 0.16470638906249999 0.595698403125 0.1599933625 0.5452832812499999 0.1724125453125 0.5317154921875 0.18028994843749999 0.5186445578125001 0.19610502968750002
1 0.5933781796875001 0.179629684375 0.569059678125 0.1836858484375 0.5470859124999999 0.20339202968749998 0.55213270625 0.2185913625 0.5767057656250001 0.227325621875 0.598137425 0.22294890781249999 0.6165549625 0.2118564359375 0.6185056046875 0.1906776453125 0.5933781796875001 0.179629684375
7 0.38671146562500003 0.3608764109375 0.43459706093749995 0.332035978125 0.4555893734375 0.3140976078125 0.4558769234375 0.2859777140625 0.36924708125 0.24107491093750003 0.345725240625 0.24259203125 0.3000448484375 0.2630440984375 0.2613741515625 0.2951598796875 0.26666324218750004 0.30550646718749996 0.3633169046875 0.3687887421875 0.38671146562500003 0.3608764109375
11 0.2815122921875 0.28538453124999996 0.2745723625 0.285740009375 0.262540390625 0.294163303125 0.2657393015625 0.3016502984375 0.27630522812499997 0.304700303125 0.2871134515625 0.3028975625 0.2937413125 0.295375640625 0.29226300625 0.2892057703125 0.2815122921875 0.28538453124999996
11 0.44471138125 0.30388115625 0.4364204265625 0.30446197656249996 0.4240188765625 0.31134280468750003 0.42451573125 0.319280484375 0.43545123124999996 0.3238729546875 0.44625945624999996 0.3220702171875 0.4557741625 0.314868840625 0.453741490625 0.30638527031249996 0.44471138125 0.30388115625
11 0.831413653125 0.1527598375 0.8190696140625 0.1540166859375 0.7972108703125 0.1624749109375 0.797835003125 0.176807803125 0.8060684484375 0.181850959375 0.8309413156250001 0.180108496875 0.8470263734374999 0.1710091765625 0.8471413921875 0.1597612171875 0.831413653125 0.1527598375
11 0.7879083437500001 0.5634499843749999 0.77574909375 0.5654780671874999 0.764086696875 0.575443828125 0.7663041546875 0.5846986328125 0.7797569249999999 0.5880691875 0.7971355015625 0.5843685015625 0.8059110531250001 0.574082190625 0.79828948125 0.56572875625 0.7879083437500001 0.5634499843749999
11 0.7091018140625 0.375278540625 0.7157296734374999 0.367756615625 0.713269915625 0.36335455781250003 0.7071266515625 0.361170990625 0.6953369765625 0.36474154062499997 0.69503716875 0.37521826406250003 0.7091018140625 0.375278540625
11 0.6908813234375 0.40478541718749994 0.6908238140625 0.4104093953125 0.6988724703125 0.41468132031250005 0.7069786390624999 0.41332926406250003 0.7128098375 0.408346384375 0.7084446859375 0.401855965625 0.70113518125 0.40066897656249995 0.6908813234375 0.40478541718749994
11 0.7646580109375 0.4253642203125 0.76606655 0.41951489999999997 0.75820268125 0.416014209375 0.7512627515625 0.41636968750000003 0.7464130046874999 0.4195847578125 0.7499814921875 0.4286142203125 0.7646580109375 0.4253642203125
11 0.824366271875 0.35204292187499997 0.814724290625 0.35284908593750003 0.805024796875 0.3592792265625 0.8063183140625 0.3646778625 0.8139973953125 0.36740731875 0.8234545890625 0.36582992187499996 0.830636815625 0.3606216984375 0.8305095390625 0.3542264859375 0.824366271875 0.35204292187499997
11 0.77356931875 0.3452764671875 0.7755322203125 0.341740846875 0.769019378125 0.3380148140625 0.7545276484375 0.3420360484375 0.75656031875 0.3505196203125 0.766387090625 0.350484690625 0.77356931875 0.3452764671875
11 0.81881415 0.4051025640625 0.8258115859374999 0.39912310781250004 0.82451806875 0.39372447187500004 0.8089176078125 0.39311830468750003 0.8044374375000001 0.3978758421875 0.8047495046875 0.40504228906249995 0.81881415 0.4051025640625
8 0.6670306312500001 0.5644953984375001 0.6875578515625 0.5614397375 0.69191623125 0.550051871875 0.6971950140625001 0.5263794046875 0.713973846875 0.5184340187500001 0.7541768296875 0.5007001703125 0.79618436875 0.48781212343749997 0.8287616140624999 0.48127563125000006 0.8632250109375 0.47185074531250004 0.8967240125 0.453029425 0.9268983421874999 0.43108681718749997 0.9477499421875001 0.4051842484375 0.9552266421875 0.38261615312499997 0.954058228125 0.358916209375 0.9535085875 0.3351130578125 0.939441728125 0.3113588375 0.9201709578124999 0.2954576921875 0.9004233609375 0.2829437546875 0.8747342187499999 0.272524453125 0.8368840796875 0.2678085453125 0.8074251546875001 0.26316480625 0.7819108359375 0.26153815156250004 0.7585930828125 0.2610160953125 0.742678509375 0.25374510625 0.7297183609375 0.2426728625 0.7174300890625 0.22634176718750001 0.71215738125 0.21509013437500002 0.7040408499999999 0.205415659375 0.6809785296875 0.20595382187500003 0.6438146078125 0.22023963906250002 0.6322998875 0.22326304375 0.5468310921875 0.269952175 0.534278153125 0.27931494843750004 0.5197557140625 0.29129448281250003 0.5044482796875001 0.3107581921875 0.487059275 0.334980396875 0.475669309375 0.360039509375 0.4666465296875 0.38690944374999997 0.46156298281249997 0.4087110390625 0.460671403125 0.42650496093749996 0.4755005125 0.453440521875 0.4926324 0.4711693875 0.5110404484375 0.5022874515625 0.5348761343749999 0.5211030171875 0.566764128125 0.5385763140625001 0.6016065515625 0.5522483546875 0.6251252828125 0.5589865046875 0.6670306312500001 0.5644953984375001