2 0.6187148031249999 0 0.4162829390625 0.5222494078125 0.4144791625 0.5361466046875 0.42598637500000003 0.5544389984375 0.6974643453125 0.7868901375 0.7210279374999999 0.7783866374999999 0.7282047625 0.76935755 0.9967490375000001 0.07098143125 0.997834040625 0.033692328125 0.693951328125 0 0.6187148031249999 0
9 0.7123500828125 0.4330680078125 0.7272285390625 0.3995504484375 0.73520475625 0.3525178296875 0.735479340625 0.3299736875 0.7298665078125001 0.30532271875 0.7181055890625 0.28417826874999996 0.6845778953125 0.2661055203125 0.6802196671875 0.272645640625 0.650761696875 0.287507715625 0.6307638953125 0.3190092234375 0.6138244796875 0.3678046234375 0.60739833125 0.398087984375 0.6071237484374999 0.42063212656250004 0.61810615 0.4543839046875 0.631410178125 0.46724450156249997 0.6536808859375001 0.4741096140625 0.691076796875 0.4587746265625 0.7123500828125 0.4330680078125
5 0.8848440765625 0.22345467343749997 0.91096908125 0.2138428515625 0.9322632453124999 0.16274003125 0.9468949578125001 0.1179050125 0.9420884765625 0.0467851140625 0.9610470953125001 0.033504278124999995 0.88501110625 0.020285065625 0.8686208578124999 0.023992178125 0.8665564187499999 0.04350271875 0.8680786484375 0.060615065625 0.8747271828125 0.07127806249999999 0.8739451875 0.088118090625 0.856237696875 0.1368227171875 0.8436808640625 0.14944909374999998 0.83264974375 0.17495511875 0.832896490625 0.18627257656250001 0.85026328125 0.2405333953125 0.86742160625 0.2369170578125 0.8848440765625 0.22345467343749997
0 0.867032509375 0.0873011359375 0.8632234515625001 0.04875296875 0.8466073359375 0.0157464234375 0.8271447843749999 0.019090443749999998 0.8053606078125 0.043325648437499996 0.7948368984374999 0.07453578749999999 0.728945640625 0.179631584375 0.6861418828125 0.2324254640625 0.6784437296875 0.2526812375 0.6820234421875 0.25874844375 0.69405894375 0.25734875156250003 0.7240452046875 0.222794590625 0.7845181765625 0.1678557859375 0.8162908140624999 0.1405679296875 0.8608670265624999 0.11197115312499999 0.867032509375 0.0873011359375
1 0.85321063125 0.08143452343749999 0.8560466265625 0.057782057812499996 0.847611715625 0.039852753125 0.8399309609375001 0.0389450265625 0.8199436015625 0.05774843281249999 0.817114565625 0.0729355 0.8250316265625001 0.0978587859375 0.8380889093749999 0.099401925 0.85321063125 0.08143452343749999
11 0.6744606796875 0.4257680796875 0.6729175703125 0.4340519328125 0.680337659375 0.4405730046875 0.688279078125 0.435867390625 0.6900793734375 0.42620289375000003 0.68394173125 0.41701131093750005 0.6744606796875 0.4257680796875
11 0.7031784140624999 0.3769536296875 0.70701183125 0.3858728953125 0.71700029375 0.3828202421875 0.720593925 0.37195665 0.7170176921875 0.36165674062500003 0.704721525 0.368669775 0.7031784140624999 0.3769536296875
11 0.6945211171875 0.31807797031249996 0.6978436453125 0.32552581875 0.7047563234374999 0.3263427734375 0.709882625 0.3198934265625 0.7098895859375001 0.311428025 0.7011905296875 0.3033447671875 0.6945211171875 0.31807797031249996
11 0.6730219640625 0.30707092812500003 0.6622723875000001 0.301567409375 0.6566247546875 0.3192434421875 0.6581574265625 0.3236576890625 0.6678887015625 0.3219856765625 0.6730219640625 0.30707092812500003
11 0.64224675 0.3669305171875 0.639949484375 0.3581927984375 0.632268728125 0.3572850703125 0.6279000625 0.376523290625 0.6378850421875 0.37770333749999996 0.64224675 0.3669305171875
11 0.6358032031249999 0.41837737812500003 0.63604646875 0.43392753749999996 0.6475676015625 0.4352891296875 0.6506433828125 0.431419521875 0.65091100625 0.417340778125 0.6447698828124999 0.4123818953125 0.6358032031249999 0.41837737812500003
8 0.769991934375 0.5687065265625 0.8022152765625 0.5064669265624999 0.81768330625 0.46124676249999996 0.829544334375 0.4110751171875 0.84339435 0.3394254953125 0.8427930874999999 0.27782898437500003 0.8392233921875001 0.232167846875 0.8261493765625 0.170003165625 0.814195553125 0.139637365625 0.7674547281249999 0.10154105 0.7686314421875 0.10694751875 0.7436687 0.08877791874999999 0.68901771875 0.08774740625 0.646661428125 0.101742671875 0.5916320109375001 0.156763215625 0.5387007671874999 0.251842728125 0.512698271875 0.3320096 0.50260914375 0.41858093125 0.49829029843750006 0.47688113750000005 0.5062830453125 0.5312080953125 0.5218289484375 0.5828083921875 0.5457462890625 0.6326832078125 0.60201451875 0.6601430859375 0.6436967171875 0.6659736546875 0.693112034375 0.649194740625 0.731708134375 0.6175644218749999 0.769991934375 0.5687065265625