2 0.42299732187499994 0.7984889921875 0.43151966093749994 0.801286975 0.7304056890624999 0.371795828125 0.7286687859375001 0.356459890625 0.54095315625 0.0220421515625 0.4541280703125 0.0185043015625 0.41014258281249993 0.026070790625 0.2547623125 0.251787075 0.1820775921875 0.343885434375 0.1794049921875 0.3571372265625 0.18148168125 0.366729359375 0.27911437656250004 0.5361296984374999 0.41574789687499997 0.786944009375 0.42299732187499994 0.7984889921875
5 0.5975523546875 0.478508553125 0.6055650140625 0.48992224375 0.6153602640625 0.4839732234375 0.6383029328125 0.447335784375 0.6389014140625 0.398907321875 0.6455169546875 0.38924126875 0.6660811265625 0.3928104640625 0.67422313125 0.3828818234375 0.6761324984375 0.3697613234375 0.6707924390625 0.345095840625 0.594314684375 0.20758984218749998 0.5757866593750001 0.195142353125 0.5567894984375 0.209781 0.547331465625 0.23557075 0.5595406203125 0.25905459531249997 0.574845821875 0.2748991578125 0.581245784375 0.300803653125 0.5775132828125 0.312816434375 0.5831068968750001 0.345966334375 0.579754725 0.3707057375 0.5694497984375 0.3852704640625 0.5660545109374999 0.4171239765625 0.5582522890625 0.421308809375 0.566176146875 0.47253525625000004 0.5975523546875 0.478508553125
0 0.547795459375 0.2596536875 0.5355837343750001 0.2617543765625 0.5242594484375 0.293550515625 0.429659125 0.32830129375 0.42300046875 0.34508145625000003 0.434362728125 0.357340278125 0.464892040625 0.35208855156249996 0.5235747374999999 0.3562072 0.5713591640625 0.3721499625 0.5758117828125 0.3671199953125 0.581156984375 0.3406164078125 0.574039475 0.2821445609375 0.5670867171875 0.2719698828125 0.547795459375 0.2596536875
1 0.56585178125 0.32477184375 0.561995071875 0.306957884375 0.55139604375 0.29456776875 0.5427038125 0.2946416890625 0.537148175 0.305546753125 0.5382486234375 0.325256190625 0.54761785625 0.3392791984375 0.5576666593749999 0.3418145921875 0.56585178125 0.32477184375
7 0.4937532671875 0.0685414203125 0.4778952703125 0.068426675 0.4543187140625 0.08385307812500001 0.44028128281249995 0.11043058593749999 0.44227174218750004 0.13425093906250002 0.4538038953125 0.1436378578125 0.4933575140625 0.20932201250000002 0.5020066296875 0.2163622046875 0.5118855390625 0.221769503125 0.530373021875 0.21574656406249998 0.549709965625 0.1953641140625 0.550899215625 0.175260796875 0.54657594375 0.158948434375 0.4937532671875 0.0685414203125
9 0.450976246875 0.43407733750000005 0.4446194015625 0.401058734375 0.43813320781250004 0.38938245781249997 0.4132888796875 0.362386790625 0.3982372328125 0.355026640625 0.38509238125 0.360130528125 0.36465241875 0.386388075 0.3601566828125 0.3985321515625 0.361977246875 0.4252244046875 0.3854193171875 0.48230940312500004 0.40208109218750004 0.50076328125 0.41988899999999996 0.506227953125 0.43515365624999996 0.503602090625 0.43735969375000006 0.49185189375 0.44698505 0.4887747796875 0.453390153125 0.4635102015625 0.450976246875 0.43407733750000005
11 0.44121183906250006 0.1330119265625 0.4518539828125 0.13828793281250001 0.45541659218749997 0.1291470515625 0.451856553125 0.112703396875 0.43968794375 0.10768997656249998 0.43794846875 0.117938575 0.44121183906250006 0.1330119265625
11 0.54029761875 0.1884552171875 0.5478868296875 0.1942563953125 0.553399353125 0.19046544062499998 0.55390903125 0.18184973437500002 0.548949303125 0.169910871875 0.5390272765625 0.1716176828125 0.54029761875 0.1884552171875
11 0.6646434609375 0.35326029531250003 0.65446788125 0.3464826921875 0.6504818218749999 0.350011059375 0.6532786296875 0.366586009375 0.6608678421875 0.3723871859375 0.6666770359374999 0.3699665390625 0.66900985 0.362458546875 0.6646434609375 0.35326029531250003
11 0.398704621875 0.3668243671875 0.397603346875 0.37855081562500004 0.4045641671875 0.38696733125 0.41011504375 0.38293668125 0.4107230125 0.370909909375 0.40367027968749997 0.364047090625 0.398704621875 0.3668243671875
11 0.38009143125 0.389639303125 0.3730957703125 0.3869965703125 0.36868049062499997 0.39429425625 0.3729006953125 0.405874234375 0.3775793984375 0.409684478125 0.38257988125 0.408055340625 0.38497695468750004 0.4003358890625 0.38009143125 0.389639303125
11 0.3810997078125 0.44176685156250006 0.37703996875 0.4447720515625 0.3791155265625 0.45633719531250005 0.38311786406250004 0.46295438281249995 0.3885760484375 0.467399484375 0.39105839531250003 0.468078265625 0.3893107515625 0.45496715 0.3810997078125 0.44176685156250006
11 0.41700536093749996 0.47904627812499995 0.4133006953125 0.47776049218749994 0.4091723515625 0.48539257812500003 0.41101852968749997 0.4939199859375 0.4155367359375 0.49698889375000005 0.42053488281250007 0.496222909375 0.42132822968749994 0.4871476375 0.41700536093749996 0.47904627812499995
11 0.44343834375 0.47382976250000003 0.446729946875 0.46700964375 0.445124665625 0.45959492500000004 0.4387605625 0.4549219015625 0.43404701718750005 0.45688544374999995 0.4335995640625 0.46273162812499996 0.43733827343750004 0.47208760312500003 0.43931014218750003 0.47328628437500003 0.44343834375 0.47382976250000003
11 0.43582522656249995 0.40081901875000003 0.4298737359375 0.39607359531249997 0.4272242515625 0.4046054109375 0.43009156875 0.4148802296875 0.4345634359375 0.418726053125 0.43901214375000003 0.420153903125 0.44095135 0.41262692031250003 0.43582522656249995 0.40081901875000003
8 0.30067924218750003 0.5339252546875 0.32133559843750004 0.577536175 0.3441314921875 0.61586548125 0.361857975 0.6383632671874999 0.39060217812500003 0.659947903125 0.41798385937500004 0.67145085 0.44836931875 0.674083871875 0.47830044843749997 0.67335683125 0.5041745343749999 0.6639937640625 0.5187078265625 0.6477365749999999 0.532509403125 0.62178096875 0.5496950843749999 0.576082153125 0.5539444921875 0.5527518765625 0.555629696875 0.5264230609375 0.5536965875 0.48843489218749997 0.5510160453124999 0.469734940625 0.544848946875 0.40840189843749997 0.5378324484375 0.374727825 0.534389253125 0.3600890671875 0.5135596 0.297518875 0.5038300984374999 0.28084450625 0.48157643281249995 0.2488080015625 0.4549126890625 0.22293405625 0.4271349953125 0.2070788703125 0.3956069328125 0.1928495578125 0.3675507953125 0.188341909375 0.3391578984375 0.19617398125000002 0.3145886109375 0.21661365781250003 0.29341750625 0.24138091718750002 0.28048123125 0.2637494546875 0.2674995671875 0.3023375890625 0.26549120937500004 0.3473912765625 0.26655978125 0.3889663859375 0.2734303640625 0.43838840625 0.28399240937500003 0.4871739921875 0.30067924218750003 0.5339252546875