2 0.5501156375 0.2299804671875 0.335366265625 0.5259811015625 0.32491948593750003 0.5421191875 0.3221889328125 0.555688459375 0.48301694531250006 0.968888059375 0.49482259375000004 0.9945807921875 0.529985675 0.9941716328125001 0.7714406296874999 0.6804330828125 0.9797333984375 0.388691959375 0.9853090828125 0.3729094890625 0.9799885984375001 0.347672215625 0.8358005796875 0.0584894703125 0.7068351953125 0.027571993750000003 0.6939219890625 0.036091015625 0.5501156375 0.2299804671875
5 0.8348608671875001 0.524277228125 0.8445413078125 0.5079722578125 0.8467696484375 0.4730477640625 0.87793365625 0.3976836921875 0.882945375 0.34495225937499996 0.8912605390625 0.3354319234375 0.892678640625 0.324409621875 0.8816678937500001 0.30359874531250003 0.8727798375000001 0.2563387109375 0.8642883421875001 0.23890923125 0.8564047109375 0.2343596390625 0.8160267640625 0.26805827187500003 0.8245271859375001 0.305319159375 0.8185378265625 0.374834375 0.8113238109375001 0.39875840937499996 0.78304883125 0.4478402078125 0.7860613671875 0.45274541562500004 0.7874444984375 0.4856235953125 0.8209082671875001 0.5339862921874999 0.8348608671875001 0.524277228125
0 0.8149263546875 0.37688068750000003 0.8144241421875 0.3555254671875 0.8048843234374999 0.319454621875 0.794807321875 0.3059290390625 0.7707248953125 0.3063501859375 0.7538743375 0.3225101171875 0.7200586453125 0.343473903125 0.6522159578125 0.4023521484375 0.6298336140624999 0.410225475 0.5918378265625 0.44770056406250003 0.626838934375 0.44498308125 0.7239788828125 0.4193962953125 0.7549055453125 0.42471478124999995 0.801423140625 0.4121826390625 0.8103372421874999 0.39571078437499996 0.8149263546875 0.37688068750000003
1 0.7861402359375 0.3847758578125 0.7945521234374999 0.34694877968750004 0.7925789828124999 0.34085353125 0.78086365 0.3354695109375 0.7715619171875 0.34194221874999997 0.7610094843749999 0.366555640625 0.761564521875 0.38367319375000003 0.776239565625 0.398200090625 0.7861402359375 0.3847758578125
10 0.46177743125 0.597417665625 0.4594077296875 0.5614918609374999 0.4481767546875 0.53780024375 0.4357479046875 0.5280116734375 0.40602804218750005 0.52862155 0.397889209375 0.5650917 0.38246568124999997 0.5900607359375 0.382800490625 0.6042975515625 0.38794464375 0.6025850078125 0.3899177828125 0.608680259375 0.388667084375 0.6268209671875 0.3836375109375 0.639889584375 0.3909750328125 0.6471530328124999 0.3924109890625 0.6757935453125 0.3890197484375 0.680720596875 0.39591680937499996 0.6822225656249999 0.4097905421875 0.740483059375 0.42562848593749997 0.7850073953125001 0.45454704062499995 0.8281311125 0.478858625 0.8504221109375001 0.5035489140625 0.86288085 0.5028004296875 0.9023767812499999 0.5126572031250001 0.9130216250000001 0.5182857109375 0.8930014859375 0.56298864375 0.8616610921875001 0.5832393703125 0.860405515625 0.6010236718749999 0.8515308781250001 0.6377373203125 0.8241162265625 0.68275720625 0.7673498296875 0.70922645 0.7192911875 0.7319696437500001 0.6619227859375 0.778997640625 0.56735115625 0.754280565625 0.49539819375 0.724560703125 0.49600807187499996 0.6963296203125 0.521020796875 0.679003634375 0.57531973125 0.668081425 0.6295968203125 0.6441314296875 0.681036859375 0.630293409375 0.7021019984375 0.6009701062499999 0.73254243125 0.556918934375 0.752693634375 0.519368265625 0.744516253125 0.4937970546875 0.7205345578125 0.481253628125 0.6993899109374999 0.45894122656249997 0.619462271875 0.46177743125 0.597417665625
9 0.620559403125 0.599418521875 0.6295174 0.5588775906250001 0.6281870953124999 0.5217617437500001 0.62007430625 0.4945000015625 0.60572514375 0.47437851249999996 0.5804887437499999 0.4646336296875 0.5650562875 0.46977125624999994 0.541476071875 0.4915476265625 0.525506434375 0.519230515625 0.5152888109375 0.55808075 0.5131132968750001 0.5887675765625 0.5223272359375 0.630433015625 0.5331177515625 0.64836315 0.544286971875 0.656461025 0.5737337828125 0.6572080734375 0.5951823796875 0.64204945625 0.620559403125 0.599418521875
11 0.7502085609375 0.08234186875 0.7528862890625 0.0730102625 0.7517323140625 0.0628442296875 0.742316003125 0.0579608671875 0.7373920796875 0.0625541484375 0.7336221328125 0.0773134625 0.73477610625 0.0874794953125 0.74293279375 0.0906721625 0.7502085609375 0.08234186875
11 0.7017364203125 0.2516676890625 0.704687203125 0.2409791578125 0.7038062843749999 0.2294561984375 0.69926106875 0.22421721875 0.6899593359375 0.23068992968750002 0.685696103125 0.24392543125000002 0.6878894718749999 0.252901421875 0.6975788390625 0.2564278578125 0.7017364203125 0.2516676890625
11 0.7752187640625 0.5622790625 0.7578749218749999 0.57691518125 0.7548184890625 0.596079046875 0.7561398687499999 0.6133634859375 0.767414740625 0.612986025 0.775950134375 0.60634643125 0.7813584140625001 0.583445553125 0.7752187640625 0.5622790625
11 0.5353215265625 0.9236227781249999 0.5415579 0.9164825249999999 0.5425883687499999 0.8954610781250001 0.5355767265625 0.8826030359375 0.5263278203125 0.884838078125 0.5187261703125 0.8987629640625 0.5185148671875 0.9157136343750001 0.5260726203125 0.9258578203125 0.5353215265625 0.9236227781249999
11 0.3845095015625 0.6315811359375 0.3879535703125 0.6224164156249999 0.3878918171875 0.606822675 0.3806071203125 0.5953215609375 0.3715784421875 0.60043734375 0.36518359375 0.620290596875 0.3673241359375 0.6335042546875 0.3734020328125 0.6390770031249999 0.3845095015625 0.6315811359375
8 0.44608951250000006 0.52226256875 0.45834011874999997 0.5403704421875 0.4613306375 0.5637264234375 0.46281411562499997 0.58947935 0.4667188140625 0.6184846796875 0.4694660375 0.6481458531250001 0.47406725781250003 0.6609534703125 0.492250825 0.6903431624999999 0.497590925 0.709671278125 0.5094185718750001 0.722236775 0.5371396546875 0.7373554703125 0.547770515625 0.740579865625 0.5749616093750001 0.745591928125 0.5989139828125001 0.7208372 0.619043596875 0.6997909421874999 0.633910640625 0.6794158828125 0.65305780625 0.6581556765625 0.6633298437499999 0.6376864578125 0.6711067234375 0.6066840703125 0.67534263125 0.5830859734375 0.6792626171875 0.5585097546875 0.6837808609375 0.5386047640625 0.6958758609375 0.5167167187499999 0.7052383484375 0.5033155109375 0.7198965015625001 0.48652659062500003 0.731753109375 0.48365973906250004 0.742487140625 0.4787312 0.7465529234375 0.4687188953125 0.750472909375 0.44414267812499997 0.7477639578125 0.42447963906249997 0.7261191140625 0.3265066734375 0.7208118359375 0.3087168234375 0.70340155625 0.2831285703125 0.675296284375 0.272467159375 0.6271927578125001 0.25926655625 0.596252078125 0.2652435609375 0.5662938453125 0.271434515625 0.5238173828125 0.29397249375 0.49933992343750006 0.3213365921875 0.478373659375 0.35673281874999996 0.45085135625 0.40432418593749997 0.42729298125000004 0.45005363750000005 0.41730818125 0.4869319671875 0.41194865781249995 0.5084695640625 0.41219658593749997 0.51488173125 0.4253177015625 0.51592329375 0.44608951250000006 0.52226256875
7 0.6753844703125 0.2261675671875 0.6903727625 0.2485032515625 0.6963744843749999 0.254351190625 0.7132454625 0.24440232968750003 0.7382824140625 0.2117098 0.753747715625 0.196005971875 0.775385134375 0.17256293125 0.782674928125 0.15416940625 0.7793343515625 0.13255300781249998 0.7733964875 0.10855518906249999 0.7674968953125 0.094555503125 0.754857196875 0.0681889078125 0.7516285578125 0.0638527671875 0.7261976078125 0.075570571875 0.7003191015625 0.1098970625 0.68583625 0.1258148390625 0.66500625 0.15034161562499998 0.6566311125000001 0.176672775 0.6655892203125 0.20859439375000002 0.6753844703125 0.2261675671875
11 0.6006516734375 0.511516203125 0.6001583890625 0.509992390625 0.6015236640625 0.5032077562499999 0.6008101484374999 0.49880320312500004 0.598784184375 0.49694562031249995 0.593419803125 0.495777421875 0.5916140671875 0.49680057812499995 0.5903016171875 0.49934754843749996 0.58948245 0.5034183296875 0.5899757359375 0.5049421421875 0.5888835140625 0.5103698515625 0.589870084375 0.5134174765624999 0.593155675 0.5169657578125 0.596494090625 0.516276371875 0.599339221875 0.514063171875 0.6006516734375 0.511516203125
11 0.5882146374999999 0.6051223390625 0.5851492765625 0.604454796875 0.58153780625 0.606501109375 0.5790803078125 0.6187134546874999 0.5793005375 0.62159419375 0.582586128125 0.6251424765625 0.5836255234375 0.623952434375 0.586690884375 0.6246199765625 0.588496621875 0.6235968187500001 0.589809071875 0.62104985 0.5917204578125 0.611551359375 0.5915002281249999 0.6086706203125 0.5882146374999999 0.6051223390625
11 0.5530857546875 0.5054069812499999 0.55243399375 0.51659616875 0.556758978125 0.5189544078125 0.5600973953125 0.5182650234375 0.5632155812499999 0.514694896875 0.5645280328125 0.5121479265625 0.565347196875 0.5080771453125 0.5633740578124999 0.5019818953125 0.5580096765625 0.500813696875 0.5554376000000001 0.50166996875 0.5530857546875 0.5054069812499999
11 0.530888671875 0.560061528125 0.5300695046875 0.5641323109374999 0.53100325 0.571417603125 0.5337955546875001 0.5734420703125 0.53768008125 0.5700388296875001 0.5405780375 0.563587965625 0.5413972046875 0.5595171828125001 0.5404106343749999 0.556469559375 0.5368519875 0.5542782046875 0.532201121875 0.557514559375 0.530888671875 0.560061528125
11 0.552038171875 0.6099917296874999 0.5507785453125 0.60830103125 0.5477131843749999 0.6076334906249999 0.5441017140625 0.6096798015625 0.5427892625 0.6122267703125 0.5419700984375 0.616297553125 0.5426307859375 0.624939771875 0.5479951671875 0.6261079703125 0.5498009046875 0.6250848125 0.5500739593749999 0.623727884375 0.5521527500000001 0.621347803125 0.5535180265624999 0.6145631671875 0.552038171875 0.6099917296874999
11 0.606853075 0.5482764343750001 0.6045012296875 0.552013446875 0.6028628984375 0.5601550093750001 0.602810071875 0.564392678125 0.6058226078125 0.5692978859375 0.606862003125 0.56810784375 0.6106937046875001 0.5689422703125 0.613811890625 0.56537214375 0.615723278125 0.555873653125 0.6147367078125 0.5528260296874999 0.6101914921875 0.5475870484375001 0.606853075 0.5482764343750001