2 0.8155148234375 0.8830827078124999 0.82466360625 0.8640796703125 0.8501471890625 0.5348283703125001 0.8671480765625 0.25392505625 0.8621012640625001 0.207577946875 0.8575775078125 0.1989405859375 0.5981625921875 0.222864475 0.530832440625 0.2370739671875 0.3106143640625 0.2604960515625 0.304238509375 0.26151920156249997 0.2949258140625 0.2749305625 0.28643894375 0.5284206124999999 0.2653987265625 0.9165435109375 0.2654196078125 0.9304999890625 0.27041421875 0.9419559 0.28317636875 0.9468878374999999 0.79530251875 0.8888798609374999 0.8155148234375 0.8830827078124999
5 0.6539980421875 0.8429479328125 0.6659823953124999 0.8478344421875 0.6819987656250001 0.8445832828125001 0.6942483015625001 0.8187837109375 0.7436682234374999 0.789572928125 0.759171978125 0.7555902624999999 0.778125190625 0.73995089375 0.7857288171875 0.7278352406249999 0.7852162015624999 0.6971037328125 0.7966357375 0.6363675375 0.7989064890625001 0.59463438125 0.7950070593749999 0.587429009375 0.7584401171875 0.578315728125 0.74634405625 0.6027287375 0.74713229375 0.6097524046875 0.7367661796875 0.6468261828124999 0.7147539765625 0.6971750421875 0.7009279671875001 0.708927284375 0.67838226875 0.7145881546874999 0.6693556359375 0.7112699140625 0.665947940625 0.7208395734375 0.6597255578125 0.7204761625 0.6515289265625 0.752094540625 0.6539980421875 0.8429479328125
0 0.67866833125 0.6978585515625 0.701848796875 0.7006079078125 0.7094628625 0.69547049375 0.72744304375 0.653259303125 0.7300625000000001 0.6366659796875 0.7284547031249999 0.6016839296875001 0.7113013890625 0.5727715921875001 0.6960523750000001 0.5690899390624999 0.668020328125 0.54651986875 0.6439085953125 0.5451116500000001 0.610913259375 0.5320203875 0.57182813125 0.5032226718749999 0.5374411109375 0.49563223437500004 0.5298270453125 0.5007696453125 0.5454038828125001 0.515634653125 0.5557000484375 0.5357733515625 0.6138114703124999 0.597779371875 0.6361024265624999 0.6297828203125 0.6506154046875 0.6613320046875 0.67866833125 0.6978585515625
1 0.701611803125 0.6461685546875 0.7051520874999999 0.62125585625 0.700781803125 0.6112319312500001 0.6869349125 0.6090276953125 0.6771513625 0.61962050625 0.6762514140625 0.6418963578125 0.683896803125 0.6576936640625 0.6947859734375 0.658329634375 0.701611803125 0.6461685546875
9 0.5313857718749999 0.60692065 0.5355399453125 0.5764616984375001 0.5308000765625 0.527341465625 0.5142606468750001 0.4928828796875 0.4929322796875 0.48047301249999996 0.47177826562499997 0.4806330609375 0.44676658125 0.501500696875 0.4306280578125 0.5270731359374999 0.417161190625 0.5709434484375 0.41551476562499995 0.6141085937499999 0.42241367656250006 0.6507951890625 0.437540540625 0.6767981234375 0.46027103125 0.69068540625 0.48095419218749996 0.6877068046875 0.4986691921875 0.6761816953124999 0.5182258484375 0.6480178375000001 0.5313857718749999 0.60692065
7 0.68448354375 0.42607063125 0.7024042171875 0.44805015625 0.7100287234375 0.4498909828125 0.759316053125 0.4360232453125 0.778433178125 0.4259755515625 0.786169396875 0.3985168578125 0.7905120140624999 0.33806510625 0.7970763140625 0.3070491546875 0.7947116015625 0.28597815781249997 0.789880903125 0.280113921875 0.74896455625 0.2749331953125 0.7481971984375 0.281866009375 0.7373289093750001 0.29518651875 0.713688028125 0.29659685156250004 0.7040370703125001 0.29184662031249997 0.6877137546875 0.29787090312500003 0.68383520625 0.3046220125 0.6757220953124999 0.39206630625 0.6789971984375 0.3978396890625 0.67809725 0.42011554375 0.681065409375 0.42866204999999996 0.68448354375 0.42607063125
10 0.3968517921875 0.40787629531249997 0.3903015859375 0.3963295296875 0.38871466875 0.3753039609375 0.3693918734375 0.35184701875 0.35728537031249996 0.36928178749999996 0.3294694375 0.38719459375 0.29998933125 0.540376215625 0.2924692265625 0.6083177828124999 0.29477443124999997 0.6935794953125 0.2998003640625 0.7259701234375 0.3135564234375 0.7714303609375001 0.3136086234375 0.8063215578125 0.304306371875 0.8267111578125 0.3027716546875 0.840576784375 0.3123213421875 0.8816047734374999 0.33098849375 0.882695009375 0.345100565625 0.8542131625 0.3640955390625 0.8664867515625 0.37828069375 0.8868525828125 0.41314900625 0.9042398125 0.46106553437500003 0.9098293749999999 0.47708190625 0.906578215625 0.5091042125 0.8930976578125 0.613531671875 0.8266292796875 0.6163150390625 0.8156276312499999 0.6250524765625001 0.7296153265624999 0.6069678921875 0.7020441234375 0.589528515625 0.6898613890624999 0.5759990078125 0.6918622640625001 0.56232646875 0.70222794375 0.5463414171875 0.7264138203125 0.5115566234375 0.764852503125 0.471613309375 0.7862435999999999 0.43350121093749994 0.7840177046875 0.39799813125 0.7582202484375 0.372104246875 0.7092600640625 0.36270803125 0.666845509375 0.35794728125 0.6037687984375 0.364393084375 0.5455331703125 0.3978143828125 0.42746987656249996 0.3968517921875 0.40787629531249997
11 0.795028984375 0.2901832703125 0.789573959375 0.282887046875 0.78101818125 0.2823873578125 0.7756153578125 0.3099823296875 0.779361315625 0.3185742625 0.79258388125 0.3193465109375 0.795838103125 0.311163415625 0.795028984375 0.2901832703125
11 0.6945844765625 0.4196829359375 0.6967435171874999 0.4072493 0.6940823 0.3959296671875 0.6867647359375 0.3913157140625 0.67992846875 0.396498553125 0.6765312140625 0.41304645000000006 0.6788854875 0.42713920781250003 0.6865099953125 0.42898003593749995 0.6945844765625 0.4196829359375
11 0.607964934375 0.8486325750000001 0.610727421875 0.8236744484375 0.603092475 0.8148553828124999 0.5943832265625 0.8157422562500001 0.58647265625 0.83063103125 0.5846309984375 0.84726978125 0.589625609375 0.85872569375 0.601292578125 0.8594070890625 0.607964934375 0.8486325750000001
11 0.3305176390625 0.8798764562500001 0.3336183890625 0.8730799234375001 0.33186756093750003 0.8464626765625001 0.3223700734375 0.8403258812500001 0.313671265625 0.84819099375 0.308718415625 0.8646480390625 0.3102948921875 0.8786953703125 0.3194854359375 0.8876052890624999 0.3305176390625 0.8798764562500001
11 0.3212206046875 0.383921778125 0.3077015359375 0.3929008921875 0.3030556296875 0.40658481249999995 0.3057272875 0.42488268281249997 0.316933840625 0.4297237671875 0.324077053125 0.4217678046875 0.327310396875 0.3996282296875 0.3212206046875 0.383921778125
11 0.45086124375000003 0.5352324609375 0.44216243593750004 0.5430975734375 0.4413950765625 0.5500303859375 0.44747442968750006 0.5587585984375 0.4541467859375 0.5479840828125 0.45086124375000003 0.5352324609375
11 0.49423313437500005 0.5182281859375 0.48893157968749995 0.5095454 0.480232771875 0.5174105109375 0.48133839375000004 0.5286392906249999 0.49253450625 0.526502134375 0.49423313437500005 0.5182281859375
11 0.5169845046875 0.5460719468749999 0.5129420453125 0.547231378125 0.5070474843749999 0.5580513203125 0.508930903125 0.569325525 0.5165554109375 0.571166353125 0.5195026921875 0.5657563796875 0.5207304640625 0.55466388125 0.5169845046875 0.5460719468749999
11 0.4979926640625 0.6398585109375 0.5026594515625 0.6401310687499999 0.5080935953125 0.633470815625 0.509167896875 0.623764878125 0.5047976125 0.6137409546875 0.49579186249999996 0.6243791890625 0.4979926640625 0.6398585109375
11 0.4709336484375 0.6438602625 0.46579600781249997 0.640769153125 0.4584993234375 0.6501116796875 0.4600757984375 0.6641590109375 0.46692250937499996 0.6659544109375 0.4697163171875 0.6619310031250001 0.47265315625 0.6495427921875 0.4709336484375 0.6438602625
11 0.4315311390625 0.610857434375 0.43279023125 0.6206996499999999 0.4394834703125 0.6238816140625 0.444446759375 0.6144028078125 0.4434946109375 0.601787465625 0.43898129375000006 0.60012834375 0.4315311390625 0.610857434375
8 0.388127721875 0.47662393437499995 0.3762563015625 0.5142629046875 0.369946128125 0.5529481578125 0.36246450625 0.6168784390625001 0.360105228125 0.65651871875 0.370103575 0.7164083265625 0.37938154687500003 0.724181809375 0.41756431562499996 0.7712528703125 0.4441743921875 0.7836558203124999 0.466897459375 0.7835357734375 0.51088729375 0.778149059375 0.5293166 0.76186785 0.5470722078125 0.726021096875 0.5739475656249999 0.6993843531249999 0.5994122078124999 0.7001473093749999 0.6180482734375 0.7149774718749999 0.6209636765625001 0.7252736765625001 0.6346325875 0.7043743578125 0.6448075046875 0.663744778125 0.656259484375 0.6152338890625 0.662632925 0.564979234375 0.65488448125 0.5395607359375 0.6583396796875001 0.49385252187499995 0.6577886546875 0.4475335375 0.6434275578124999 0.379433234375 0.629600165625 0.34680348437499997 0.602471840625 0.3097811015625 0.5573959828125 0.28834378437499997 0.532398128125 0.27603639062499996 0.4962076984375 0.2695826421875 0.44891517187499996 0.27549935 0.409225753125 0.300664821875 0.37736618437499997 0.3356892453125 0.3728756578125 0.3506144890625 0.386681409375 0.36877835000000003 0.400995675 0.4043294609375 0.400555784375 0.43395590312500004 0.388127721875 0.47662393437499995