10 0.26953125 0 0.25390625 0.0333333328125 0.2375 0.084722221875 0.2234375 0.0958333328125 0.221875 0.102777778125 0.2265625 0.12361111093749999 0.2203125 0.14444444375 0.2046875 0.15277777812499999 0.21875 0.2125 0.228125 0.23055555625 0.24296875 0.240277778125 0.26953125 0.23611111093749998 0.2796875 0.22916666718749998 0.2953125 0.2 0.296875 0.1763888890625 0.31328125 0.1111111109375 0.34140625 0.0625 0.38984375 0.030555556249999997 0.4203125 0.030555556249999997 0.43984375 0.0388888890625 0.46015625 0.055555556250000006 0.48203125 0.08333333281250001 0.4984375 0.1166666671875 0.5125 0.1625 0.51875 0.2 0.52421875 0.2916666671875 0.54453125 0.3333333328125 0.55625 0.3416666671875 0.57578125 0.3416666671875 0.578125 0.3236111109375 0.59140625 0.2916666671875 0.6015625 0.28194444375 0.5953125 0.2791666671875 0.590625 0.26527777812500003 0.58984375 0.2486111109375 0.5953125 0.23472222187499997 0.59140625 0.23055555625 0.56953125 0.09444444375 0.55390625 0.04444444375 0.53359375 0 0.26953125 0
9 0.4 0.3375 0.425 0.33888888906250003 0.44375 0.325 0.46015625 0.2958333328125 0.46796875 0.2638888890625 0.46796875 0.2125 0.46015625 0.18194444375000002 0.44375 0.14861111093749999 0.41796875 0.13055555624999998 0.39140625 0.13333333281249998 0.37265625 0.15 0.35859375 0.18055555625 0.353125 0.2138888890625 0.35546875 0.2625 0.365625 0.29722222187499997 0.38359375 0.3263888890625 0.4 0.3375
5 0.09609375 0.3791666671875 0.11875 0.46388888906250003 0.1296875 0.48333333281249996 0.1453125 0.4763888890625 0.1765625 0.477777778125 0.17578125 0.4625 0.1703125 0.4513888890625 0.1703125 0.4236111109375 0.16015625 0.3875 0.1625 0.34305555625 0.18359375 0.2888888890625 0.19140625 0.2791666671875 0.19375 0.22916666718749998 0.16171875 0.165277778125 0.15625 0.1611111109375 0.14375 0.165277778125 0.134375 0.1763888890625 0.1296875 0.21944444375 0.1078125 0.2625 0.10078125 0.29305555625 0.09765625 0.33055555625 0.08828125 0.3541666671875 0.08828125 0.36805555624999997 0.09609375 0.3791666671875
2 0.23515625 0 0.00703125 0.24305555625 0 0.25694444375000003 0 0.302777778125 0.196875 0.7805555562500001 0.215625 0.7958333328125 0.21640625 0.8083333328125001 0.22109375 0.809722221875 0.24375 0.7986111109375 0.56796875 0.4513888890625 0.64609375 0.365277778125 0.6515625 0.35694444375 0.653125 0.34027777812500004 0.559375 0.029166667187500002 0.54609375 0 0.23515625 0
0 0.21484375 0.4291666671875 0.35625 0.3763888890625 0.3671875 0.3625 0.38828125 0.352777778125 0.38828125 0.34861111093749997 0.36484375 0.34305555625 0.24765625 0.322222221875 0.1953125 0.302777778125 0.17734375 0.30694444375 0.16640625 0.34444444375 0.1703125 0.397222221875 0.17578125 0.4125 0.1890625 0.4291666671875 0.21484375 0.4291666671875
1 0.22890625 0.3791666671875 0.228125 0.35694444375 0.2203125 0.3361111109375 0.2 0.3291666671875 0.18515625 0.3513888890625 0.18515625 0.3763888890625 0.20078125 0.40277777812500004 0.21640625 0.40138888906250003 0.22890625 0.3791666671875
7 0.2546875 0.7041666671875 0.33203125 0.6236111109375 0.328125 0.5986111109375 0.3078125 0.54444444375 0.29375 0.51944444375 0.26640625 0.5125 0.20859375 0.5875 0.20625 0.6111111109375 0.21875 0.6611111109375 0.24375 0.70694444375 0.2546875 0.7041666671875
11 0.25546875 0.6944444437499999 0.25546875 0.6833333328125 0.24921875 0.675 0.24296875 0.675 0.2375 0.684722221875 0.23671875 0.6916666671875 0.24296875 0.70555555625 0.25078125 0.7041666671875 0.25546875 0.6944444437499999
11 0.3 0.5416666671875 0.3 0.5305555562500001 0.29453125 0.51944444375 0.2859375 0.51944444375 0.28203125 0.527777778125 0.28125 0.5361111109375 0.2859375 0.55 0.29375 0.5513888890625 0.3 0.5416666671875
11 0.221875 0.1416666671875 0.22421875 0.1166666671875 0.21796875 0.0986111109375 0.20703125 0.0958333328125 0.19765625 0.109722221875 0.196875 0.12222222187500001 0.2015625 0.1458333328125 0.215625 0.14861111093749999 0.221875 0.1416666671875
11 0.61328125 0.2638888890625 0.6125 0.24583333281250003 0.60390625 0.23472222187499997 0.59453125 0.240277778125 0.590625 0.25 0.590625 0.2625 0.5984375 0.27638888906250003 0.6078125 0.27638888906250003 0.61328125 0.2638888890625
11 0.39453125 0.2833333328125 0.38828125 0.275 0.38359375 0.27638888906250003 0.38046875 0.28194444375 0.38203125 0.29444444375 0.3921875 0.29722222187499997 0.39453125 0.2833333328125
11 0.43125 0.302777778125 0.43125 0.29444444375 0.42734375 0.2875 0.4203125 0.290277778125 0.41796875 0.29722222187499997 0.4203125 0.3083333328125 0.42578125 0.309722221875 0.43125 0.302777778125
11 0.45234375 0.240277778125 0.446875 0.2375 0.4421875 0.24444444375000002 0.44140625 0.2513888890625 0.44375 0.25694444375000003 0.453125 0.25555555625 0.45234375 0.240277778125
11 0.40390625 0.177777778125 0.40390625 0.16805555625 0.4 0.15972222187500001 0.39375 0.1583333328125 0.390625 0.16388888906250001 0.38984375 0.17361111093749998 0.39453125 0.184722221875 0.4 0.184722221875 0.40390625 0.177777778125
11 0.37578125 0.2125 0.37265625 0.20972222187499998 0.36796875 0.215277778125 0.36953125 0.23055555625 0.378125 0.23055555625 0.3796875 0.2208333328125 0.37578125 0.2125
11 0.44140625 0.18194444375000002 0.43671875 0.17361111093749998 0.43125 0.17361111093749998 0.428125 0.1888888890625 0.43203125 0.19444444375 0.4390625 0.19583333281249998 0.44140625 0.18194444375000002
8 0.31920390625 0.49328194375 0.3417625 0.5104763890624999 0.36646953125000004 0.525759721875 0.3868796875 0.5359486109375 0.40406718750000004 0.5410444437499999 0.43271328125 0.5327652781250001 0.45276562499999995 0.5200291671875 0.48606718750000005 0.5092027781249999 0.5082671875 0.490097221875 0.53046796875 0.4627138890625 0.5494460937500001 0.43150972187500003 0.55983046875 0.40985694375000004 0.5720046875 0.3697375 0.57236328125 0.348722221875 0.56197890625 0.3417166671875 0.539778125 0.3308916671875 0.53476484375 0.3124236109375 0.52402265625 0.26848194375 0.51829375 0.2239041671875 0.5172195312500001 0.190152778125 0.51363828125 0.153852778125 0.50074765625 0.11628055625 0.4842765625 0.08125555625 0.46243359375 0.054508332812500004 0.441665625 0.041772221875 0.41839062499999996 0.0373138890625 0.39511562499999997 0.03221944375 0.3696921875 0.0404986109375 0.35107265625 0.05578194374999999 0.335675 0.0723388890625 0.32135234375 0.09526527812499999 0.31060937499999997 0.1315638890625 0.3013 0.159584721875 0.2955703125 0.1844208328125 0.2912734375 0.20734722187500002 0.28160546875 0.22135694374999998 0.26871484375 0.23154583281250002 0.2508109375 0.239825 0.23899453125 0.24237222187500002 0.22825234375 0.2481041671875 0.22502968750000002 0.2710291671875 0.23290703124999998 0.31115 0.23398124999999997 0.3232486109375 0.2655734375 0.41879444374999997 0.27265390625 0.43342083281250005 0.28196328125000003 0.45061388906250005 0.29843515625 0.47035555625000003 0.31920390625 0.49328194375