2 0.47501035312499995 0 0.12273667968749999 0.5105737968749999 0.11967584843750001 0.5341897765625 0.24194488593750002 0.8447312359374999 0.287437409375 0.9495715671875 0.30559891875 0.9580890875 0.32174110625 0.9453798109375 0.4003121296875 0.8325162796875001 0.4086436015625 0.8149509453125001 0.45907371875 0.7404837796875 0.7652867171875 0.295384284375 0.7678617359375 0.2843644328125 0.76603290625 0.2715774625 0.75908898125 0.271004934375 0.7581269453124999 0.2625014921875 0.746363246875 0.2531074515625 0.739940078125 0.23011353437499998 0.6202119125000001 0 0.47501035312499995 0
5 0.2980272453125 0.45201747968749995 0.304234565625 0.4427011328125 0.3068698859375 0.44572645624999996 0.3136233203125 0.4378591546875 0.3286383390625 0.43207704687500004 0.3335629453125 0.411422775 0.33322649375 0.3510221609375 0.3230408359375 0.3319300875 0.3137822703125 0.3311667171875 0.30217411875 0.34003776406249997 0.28822596875 0.3248475328125 0.28337124999999996 0.32585128124999996 0.2567734390625 0.3643748765625 0.249985059375 0.3820674375 0.23969457031250002 0.392451146875 0.231769434375 0.45076657343750004 0.22765132187499998 0.461659196875 0.2173306796875 0.4650203171875 0.20241569843749999 0.45817449374999997 0.1832476234375 0.48467449062499995 0.17841826249999998 0.5095486734375 0.1794755453125 0.5222720296875 0.22711757656249998 0.6427338125000001 0.23357568906249998 0.6559024671875 0.25446776249999997 0.6716652265625 0.2590018015625 0.6678269984375 0.2793922921875 0.6386197499999999 0.2935151609375 0.604683675 0.2844566734375 0.578664434375 0.27773818281249996 0.5767064734375 0.2686796921875 0.5506872328125 0.2743409015625 0.5399218390625 0.27974173125 0.5403671375 0.28432029999999997 0.4930079515625 0.2972207546875 0.4617791265625 0.2980272453125 0.45201747968749995
0 0.2878923 0.4806662796875 0.281484903125 0.515238496875 0.2825421859375 0.527961853125 0.2750425609375 0.5596359750000001 0.2787351640625 0.575384653125 0.289406634375 0.5818806015625 0.320884521875 0.56622369375 0.3400525984375 0.5397236984375 0.4241704109375 0.47926625156249997 0.44121433593750004 0.461015240625 0.457997884375 0.45397492812499995 0.46433539375 0.43905323125000006 0.463598790625 0.4291643578125 0.45546739531249997 0.42147381875 0.36306263906249997 0.455975640625 0.29558241406249997 0.45743198593749995 0.2878923 0.4806662796875
1 0.294124978125 0.49522036875 0.29206112812499996 0.5175145296875 0.3003830140625 0.53364489375 0.317938109375 0.5266681921874999 0.3243708640625 0.5159664109375 0.3242502625 0.4878760609375 0.3168904125 0.4802491390625 0.30531720625 0.47929492656250006 0.294124978125 0.49522036875
9 0.45281011875 0.2696205296875 0.4448246828125 0.31389078125 0.44430392812499997 0.3363121703125 0.4551563015625 0.384943640625 0.46984105625000006 0.410022746875 0.49394950781249997 0.42043461718749997 0.5087390921875 0.41603793749999995 0.526649809375 0.40207045625 0.5441795468749999 0.37122331875 0.5558925296874999 0.3328764875 0.5618237015624999 0.2772047015625 0.552930346875 0.2357548515625 0.5401093671874999 0.2136374546875 0.50683759375 0.20668212968750002 0.4892825 0.2136588296875 0.4694730640625 0.2344898640625 0.45281011875 0.2696205296875
7 0.3093524421875 0.6467060515624999 0.3048533484375 0.64071901875 0.2957852734375 0.6483954749999999 0.2769378765625 0.6777299515624999 0.27735379843749997 0.6847843453125 0.2908764390625 0.72661588125 0.3330163140625 0.8101152671875 0.3664435296875 0.7763710328125 0.38615771875 0.7513200859375 0.39870255 0.7270820437500001 0.390856890625 0.732051246875 0.3853957578125 0.7175607734375 0.3857513828125 0.7105699921874999 0.3934065515625 0.6971609578125 0.37222874375 0.6687384578125 0.3512883203125 0.6221155578124999 0.3416246453125 0.6201225625 0.3364392140625 0.6131157828125 0.3093524421875 0.6467060515624999
11 0.2865520640625 0.67150254375 0.282564140625 0.67678981875 0.281627459375 0.6921568140625001 0.285129571875 0.6994656640625 0.293070478125 0.6987163734374999 0.29828081875 0.69072184375 0.2992174984375 0.67535485 0.2954899515625 0.66943143125 0.2865520640625 0.67150254375
11 0.3893137953125 0.73192401875 0.39825168125 0.729852909375 0.4041383234375 0.71770208125 0.4040780234375 0.70365690625 0.3988073828125 0.6976062578125 0.389418628125 0.7024482359374999 0.38526556875 0.7231661203125 0.3893137953125 0.73192401875
11 0.47240030468749994 0.34143676093750003 0.4696697375 0.3341915234375 0.46118271875000005 0.3334917671875 0.45928400312499995 0.3403553203125 0.460792153125 0.350307809375 0.470822265625 0.35113479375 0.47240030468749994 0.34143676093750003
11 0.4893044546875 0.36248679687499996 0.48795184999999996 0.37079939687499996 0.4925461875 0.38100634375000003 0.4969500359375 0.38277346093750003 0.5031573578125 0.3734571140625 0.5042845296875 0.36652994687499996 0.5012332828125 0.3564502296875 0.494289359375 0.355877703125 0.4893044546875 0.36248679687499996
11 0.5256720015624999 0.33600088125 0.5273103421875 0.3403480234375 0.5352512468749999 0.33959873125 0.53609268125 0.3200118234375 0.5284724546875 0.3235955953125 0.5256720015624999 0.33600088125
11 0.5431510234375 0.2574128703125 0.5376549484375001 0.25274765625 0.532895478125 0.25797131875 0.5313174390625 0.2676693515625 0.5330510234375 0.27623640781250003 0.5423095890625 0.276999778125 0.5431510234375 0.2574128703125
11 0.5116477796875001 0.24919934062500002 0.51280989375 0.2324469125 0.50332589375 0.23306897656249997 0.5009763078125 0.24270339531250001 0.5029353265625 0.2498850171875 0.5063421953125 0.2529739546875 0.5116477796875001 0.24919934062500002
11 0.4791379671875 0.27600332656250004 0.47663283593749994 0.2673726578125 0.46869192968749995 0.26812194843750004 0.46489449531249993 0.281849053125 0.46894272187499997 0.2906069515625 0.4743435515625 0.29105225 0.4791379671875 0.27600332656250004
11 0.1860734328125 0.49613963906249997 0.18381909375 0.5099939734375 0.1912741859375 0.521840809375 0.1999866390625 0.5211551328125 0.2051969796875 0.5131606046875 0.20732113124999998 0.50491161875 0.2020854328125 0.48903570937499996 0.1928268671875 0.4882723390625 0.1860734328125 0.49613963906249997
8 0.6473499078125 0.1303139453125 0.635447190625 0.10919891562499999 0.6246353140625 0.089078009375 0.5904353390625 0.045319790625 0.5421874953125 0.034032417187500004 0.510381859375 0.0409686078125 0.47818686250000003 0.05799568125 0.44339666875 0.09673817343749999 0.41088828125 0.127233446875 0.3876171890625 0.166364084375 0.36613294375 0.21182675624999997 0.352257721875 0.2528567046875 0.33776860625 0.31689005 0.33306449374999997 0.372733209375 0.3339251484375 0.41553974218749995 0.33863424375 0.4558527296875 0.3429020140625 0.47194929218750004 0.36100777968750003 0.525094621875 0.3683674328125 0.538604371875 0.3780381625 0.5618941328125 0.41250940937499997 0.5866670890625 0.4403189078125 0.598518559375 0.4741296109375 0.5984954078125 0.521151428125 0.5826908109375 0.5582412015625 0.5548225125 0.58137925 0.5280517296875 0.61080435625 0.483805390625 0.6372821156249999 0.4365051953125 0.6598636796874999 0.38044980625 0.6655419484375 0.33593316875 0.6744866984375 0.250184415625 0.6676417625 0.1825949265625 0.6634265187499999 0.1642534546875 0.6473499078125 0.1303139453125