2 0.3731743875 0.245574490625 0.06347566875 0.319193228125 0.053405715625 0.3248498390625 0.048333725 0.3408488328125 0.06164189531249999 0.370559396875 0.29240645781249996 0.643512525 0.3125758125 0.665704221875 0.343584078125 0.672537759375 0.3587111625 0.6708309203125 0.41868722500000005 0.6481346484375 0.7039875859375 0.5322802828125 0.712371828125 0.5253070828124999 0.7102573265625 0.5152851171874999 0.4773782625 0.232310021875 0.4679146140625 0.22749416249999999 0.3731743875 0.245574490625
5 0.3272754515625 0.288279778125 0.301412940625 0.3125083109375 0.3035866140625 0.31613766249999997 0.3209908515625 0.325223709375 0.3341069171875 0.32065843906249997 0.350047271875 0.3228062 0.391672621875 0.3199032765625 0.42203027187500003 0.32365313281249997 0.431331265625 0.32769806875 0.44693145312500004 0.3482527578125 0.4543840796875 0.350210184375 0.4811041734375 0.343392403125 0.513325046875 0.3292810046875 0.5073511640625 0.314313096875 0.40889961562500005 0.274764721875 0.3272754515625 0.288279778125
0 0.41301000625000006 0.38099632968749997 0.4345843453125 0.34311647968750003 0.43214453593749996 0.33155267187500004 0.4205072140625 0.3231074625 0.3777432859375 0.32061394375 0.36805781406250004 0.32141978125000004 0.34399935625 0.3341796734375 0.3687819234375 0.444966971875 0.385151065625 0.4558201125 0.3952801890625 0.44377088750000004 0.41301000625000006 0.38099632968749997
1 0.3969958890625 0.331787503125 0.3764271953125 0.33439534531250004 0.36733316718750003 0.344677478125 0.37874866093750004 0.35874438125 0.3933286125 0.361117396875 0.410688540625 0.3566472921875 0.41689910937499997 0.346044740625 0.41222645625 0.3372441984375 0.3969958890625 0.331787503125
10 0.36697732968749996 0.6032405046875 0.40875047656249996 0.6210572640625001 0.421215925 0.6134083109375 0.44308585312500004 0.6169678328125 0.46371371874999995 0.6079673734375 0.498921534375 0.601339928125 0.5358742328125 0.5896364593750001 0.5456862625000001 0.5866411078125 0.57308375625 0.5725839515625 0.5940056078125 0.5586774921875 0.607257471875 0.5469617234374999 0.6264594921875 0.5251708203125001 0.64303586875 0.476948584375 0.6272435796875 0.4221180609375 0.5955403859375 0.3986446921875 0.5140642875 0.3594769875 0.474937915625 0.3675511046875 0.4703095734375 0.3723067109375 0.471107984375 0.3961100796875 0.47975836093749996 0.397071334375 0.49052324062499997 0.4080545578125 0.5218568140625 0.4164299359375 0.5594895796875 0.4413150640625 0.57432080625 0.4715713 0.5634670359375 0.506878221875 0.54832509375 0.5285338265624999 0.5249172484375 0.5443774015625 0.4894876078125 0.556626540625 0.405689771875 0.5665122453125 0.3825037546875 0.5767341265625 0.3720493234375 0.587241509375 0.36697732968749996 0.6032405046875
9 0.43124210625000003 0.447390659375 0.4068583390625 0.45860871249999996 0.39488085 0.4685704265625 0.3850178640625 0.48855410624999995 0.38794563437499996 0.502430675 0.40681375937500003 0.5184550078125 0.4544721640625 0.5241273750000001 0.48151756562500003 0.5188514359374999 0.5045409296875001 0.507858634375 0.5149953593750001 0.4973512515625 0.52023000625 0.4821231765625 0.515291215625 0.4653881765625 0.50300328125 0.4538592859375 0.48744740625 0.4468607484375 0.459973215625 0.4434313125 0.43124210625000003 0.447390659375
7 0.165579365625 0.42276292031249996 0.1715089390625 0.424174678125 0.2426343578125 0.4076108546875 0.274692578125 0.3927285359375 0.263395428125 0.3658764015625 0.24844585624999999 0.3484053984375 0.214287996875 0.333316984375 0.1813130234375 0.337181165625 0.1215587859375 0.3542557421875 0.1334030703125 0.377028021875 0.15862955625 0.40316948906250005 0.165579365625 0.42276292031249996
11 0.2651697609375 0.39430529375 0.255543459375 0.3887185125 0.24482289062499998 0.391291440625 0.2391594546875 0.397814140625 0.24149578124999999 0.4022144109375 0.251669215625 0.40372133750000005 0.2622271296875 0.4003774875 0.2653324140625 0.39507621249999997 0.2651697609375 0.39430529375
11 0.14848584375 0.36176503125 0.15110316562499998 0.3541509953125 0.1509405125 0.353380075 0.14572072656249999 0.348659384375 0.1319540453125 0.3501409734375 0.1256399921875 0.3535799890625 0.1247083796875 0.36251061562500003 0.1350444703125 0.3647884625 0.1445672890625 0.36321170625 0.14848584375 0.36176503125
11 0.5312615593750001 0.3542359640625 0.524563028125 0.3625257546875 0.5282597578125 0.366700775 0.53995625 0.3687533703125 0.5498635468749999 0.36232583906250004 0.548887625 0.3577003171875 0.5424700890625 0.3539757984375 0.5312615593750001 0.3542359640625
11 0.6442630687500001 0.509457328125 0.6455643015625 0.51562469375 0.6547026406249999 0.5188987109375 0.6640628046875 0.516551034375 0.66852849375 0.51102450625 0.6675525703125 0.5063989828125 0.6580889234375 0.501583125 0.6442630687500001 0.509457328125
11 0.43807303124999997 0.6265742125 0.4410156625 0.620502015625 0.44085300937499994 0.6197310953125 0.43563322187500003 0.6150104046875 0.4269828453125 0.6140491484374999 0.4129943390625 0.62115243125 0.4115747640625 0.6277702984375 0.4195153546875 0.6320404859375001 0.4292008265625 0.6312346515625 0.43807303124999997 0.6265742125
11 0.4236086671875 0.47188245 0.4282077484375 0.47054490156249995 0.431566159375 0.46814499062500003 0.43257382812499995 0.4652135859375 0.43220406562499997 0.465356190625 0.4301945390625 0.46261160468750007 0.4245917 0.461120215625 0.41611881562499997 0.46240823750000004 0.41327699375 0.4672565921875 0.4140928875 0.4691951171875 0.4236086671875 0.47188245
11 0.4142094375 0.49774770312500005 0.41871466562500004 0.49596533281250005 0.42141590312500005 0.492859628125 0.4209048765625 0.48995708281250006 0.4159097140625 0.486521240625 0.40873237656250005 0.48817079999999996 0.40384015156249997 0.4919759734375 0.4041281875 0.4952696875 0.4095023140625 0.49760557343749995 0.4142094375 0.49774770312500005
11 0.43912812656250005 0.513668584375 0.44405609375 0.5138898359375 0.448457915625 0.5125849484375 0.45058198125000004 0.511081153125 0.4527934453125 0.5074358140624999 0.449532925 0.5051480921875 0.4445581140625 0.504704815625 0.440062278125 0.5055641109375 0.43608199687500004 0.50887361875 0.4347126265625 0.5110582828125 0.43912812656250005 0.513668584375
11 0.48273228125 0.495734396875 0.4780781625 0.49777200156249995 0.476221784375 0.4995769421875 0.474332590625 0.5021939453125001 0.4761852203125 0.5061501171875 0.482787696875 0.5056329500000001 0.48670251093749994 0.5039483375 0.49236362343750006 0.501858890625 0.4924566515625 0.50114536875 0.492183628125 0.5000448578125 0.49121268437500004 0.49640385781249996 0.4873937578125 0.49565350625000004 0.48273228125 0.495734396875
11 0.488695234375 0.47965410156250005 0.49698777187500004 0.47943315000000003 0.4999908046875 0.4782449765625 0.5016981281249999 0.4766944984375 0.5030204921875 0.4742870359375 0.501670421875 0.4717452203125 0.498913528125 0.47024297031250006 0.4941501671875 0.47080189062500005 0.490658603125 0.47160979375 0.48488757343750005 0.4751001171875 0.488695234375 0.47965410156250005
11 0.455534246875 0.4612961875 0.45951897812500003 0.462825715625 0.46427310781250003 0.463190640625 0.4688641546875 0.462775940625 0.472119321875 0.46085428281249996 0.473128353125 0.45792265312499997 0.47333963749999997 0.45564091875 0.47022308281249997 0.45379530468749996 0.4652012640625 0.45312923125 0.4594851109375 0.45591873125 0.455639528125 0.4579381484375 0.455534246875 0.4612961875
8 0.36273740625 0.5901915546875001 0.3842745875 0.57158758125 0.41671363125000005 0.560999278125 0.441817 0.5592977375 0.47085888750000005 0.5557169734375 0.5059314296874999 0.5499097796875 0.5327602406249999 0.53840895625 0.556852378125 0.51907556875 0.5653024859375 0.502638509375 0.5734238890625 0.47950525 0.5683735234375 0.46069994531249997 0.5547596218749999 0.44239264218749996 0.5321833421875 0.425262125 0.5172587562500001 0.42128903749999996 0.4962872703125 0.4143271140625 0.47437024843750003 0.4105910875 0.462428059375 0.3950755265625 0.46262877343750003 0.380618721875 0.45579051093749995 0.371316665625 0.4364050125 0.3693092953125 0.417559353125 0.3724296984375 0.3545259625 0.3920729734375 0.33607897656249996 0.3945138140625 0.316226521875 0.40056308124999995 0.29915575156249996 0.40952668125 0.2824779953125 0.42548460312499997 0.259916571875 0.441803175 0.24257680625 0.47260065781250005 0.236908546875 0.49195281875 0.23834035937500003 0.5064464890625 0.24349373437500002 0.528302478125 0.25231801875 0.5418793 0.2699329015625 0.5586034140625 0.2863970984375 0.572449515625 0.32147407499999997 0.5872030359375 0.3441419078125 0.59449763125 0.3573701484375 0.598138046875 0.36273740625 0.5901915546875001