2 0.5303431546875 0.7127053734375 0.551771209375 0.5373309953125001 0.5718584234375 0.3462606640625 0.5677033171875 0.3356321328125 0.5120233109375001 0.311430584375 0.1549530109375 0.2804445640625 0.14925300156250002 0.285698890625 0.10252425312499999 0.6299344078125 0.1133662625 0.6420087515625 0.4638349796875 0.7380566468749999 0.5024045796875 0.7318007953125 0.5231662640625 0.723316284375 0.5303431546875 0.7127053734375
5 0.22351801875000002 0.638256565625 0.2674406015625 0.6485641546875 0.285034075 0.6361512484375 0.29389883437500003 0.6194185265625001 0.2858745484375 0.6176835515625 0.2794666484375 0.6049462421875 0.2612367640625 0.6042480359375 0.24427278125 0.5989584703124999 0.21667777031250002 0.580829334375 0.2098444453125 0.5542156859375 0.19963538593750002 0.5398456625 0.151561159375 0.5343163343749999 0.1439622984375 0.546457696875 0.1841690453125 0.6216402609375 0.1898010328125 0.6269122078125 0.2049341875 0.628562540625 0.22351801875000002 0.638256565625
0 0.31675305 0.526247790625 0.33490799375 0.506658684375 0.33976060937499997 0.48905847343750003 0.3319473046875 0.48655827343749997 0.3197713765625 0.4896015578125 0.272973428125 0.5257012453125001 0.216953315625 0.5541310453125 0.21055233593749997 0.5722073187500001 0.2337132375 0.5909994203125 0.2582795390625 0.599554415625 0.27988515468749997 0.5880089984375 0.3016982953125 0.5602915625 0.31675305 0.526247790625
1 0.23370977499999998 0.5755926296875 0.2418055421875 0.5822081265625 0.24694408281250002 0.5841300031250001 0.2563057484375 0.5861541406249999 0.2594024765625 0.5852020125 0.26665085 0.5794716234374999 0.2687606828125 0.571819359375 0.26643640625 0.564830059375 0.2630572140625 0.5616668921875 0.2509493046875 0.55418390625 0.24384043437499997 0.554268546875 0.24074370625000002 0.5552206765625 0.23391730000000002 0.5594206125000001 0.23173598593750003 0.56219235625 0.23068107031250001 0.5660184875 0.23180746718749998 0.5670728781250001 0.23166796406249998 0.572718625 0.23370977499999998 0.5755926296875
10 0.45664306874999994 0.3683782890625 0.4587529015625 0.3607260234375 0.441924959375 0.3343839171875 0.43129739375 0.3369511390625 0.41538832656249997 0.3278354390625 0.2936866703125 0.30152165000000003 0.1895888703125 0.3090153296875 0.195009875 0.315052503125 0.189946275 0.3334179390625 0.1587714703125 0.35911123749999996 0.13696524999999998 0.4176422546875 0.1649280453125 0.506394375 0.1738677453125 0.5099489671875 0.1999824109375 0.518027896875 0.22440575156250003 0.516821846875 0.22876838125 0.5112783609375 0.23537688281250002 0.47703006875 0.20270789531250002 0.43104599375 0.2023504875 0.40664338593749993 0.21445147812499998 0.38331278593749996 0.23056806875000002 0.3762564671875 0.23879987656249999 0.3618194234375 0.256886796875 0.35275658593750003 0.304113634375 0.34594002968750004 0.3932281609375 0.3773706421875 0.40660196875 0.3802622671875 0.41342837499999996 0.37606233125 0.4383451640625 0.3782063515625 0.45664306874999994 0.3683782890625
9 0.36867569843750003 0.43044281562500003 0.359943521875 0.41071620624999994 0.3410772296875 0.3969068875 0.319396671875 0.3881649921875 0.285611665625 0.387346903125 0.2562676890625 0.41667943281250003 0.2642988953125 0.449227990625 0.273803521875 0.461013171875 0.29302030156250003 0.46841151718749996 0.310617234375 0.4714054015625 0.3323658140625 0.469621028125 0.3641055484375 0.45215832031250003 0.36867569843750003 0.43044281562500003
11 0.44657469218749996 0.6670246203125 0.43841090312500003 0.6709353921875 0.44165059375000004 0.6797443078125001 0.4574881796875 0.683979484375 0.465440984375 0.6808339390625 0.464665071875 0.673368575 0.44657469218749996 0.6670246203125
11 0.4071438578125 0.5993074203125001 0.4110845203125 0.595294384375 0.40721187812500004 0.5887811484375 0.3982721796875 0.585226559375 0.39074134374999997 0.586841653125 0.3895469234375 0.5963135328125 0.396938259375 0.6003441875 0.4071438578125 0.5993074203125001
11 0.1650675484375 0.500748628125 0.16471360156249998 0.49175281093749995 0.15753325 0.48695692968750004 0.14577928906249998 0.4884697625 0.1438804390625 0.4953568 0.14930144218750002 0.501393971875 0.1569037609375 0.5046594 0.1650675484375 0.500748628125
11 0.18248 0.3090999703125 0.17009308750000002 0.3129084828125 0.1726998265625 0.324013078125 0.18339887500000002 0.326326378125 0.1902252796875 0.3221264421875 0.18987133437499998 0.313130625 0.18248 0.3090999703125
11 0.440090671875 0.31533789375 0.4214388203125 0.31617014062500004 0.4184850546875 0.3268833109375 0.4312259140625 0.3320706171875 0.4418534796875 0.3295033953125 0.44487872656249994 0.3236707453125 0.440090671875 0.31533789375
7 0.47339167968750007 0.6228545828125001 0.4677565140625 0.6009207203125 0.43090631874999996 0.5926190671875 0.40975428437500006 0.586709396875 0.38941657812499997 0.5863216953125 0.382313559375 0.6014909281249999 0.40337845781250004 0.6077166359375 0.4039065359375 0.6248698984375001 0.39655772031250003 0.66568894375 0.4324132953125 0.67613834375 0.4717296078125 0.68397100625 0.4650752640625 0.655135425 0.47339167968750007 0.6228545828125001
11 0.3512217265625 0.43720997187500005 0.34474580781249997 0.4349989328125 0.33897431562499997 0.43537273593750003 0.3356666046875 0.43709009062500004 0.3344007046875 0.4416814484375 0.338201865625 0.4433141625 0.3435513859375 0.4444708140625 0.3477745125 0.444573075 0.3526305890625 0.44237965625 0.35326353906249996 0.44008397656250003 0.3512217265625 0.43720997187500005
11 0.34004600156250003 0.4090557828125 0.334377025 0.4070686796875 0.330854840625 0.4074925828125 0.3267530359375 0.40948420781249995 0.3266650578125 0.40980330625 0.32437240312500004 0.411678509375 0.32852647031250004 0.41486326250000005 0.33471850625 0.4160326109375 0.3393931484375 0.4151808328125 0.34188546249999996 0.41258660625 0.34004600156250003 0.4090557828125
11 0.2974162703125 0.4063585734375 0.304069653125 0.405849490625 0.3074651984375 0.4015880453125 0.30592719062499996 0.398038075 0.2980978484375 0.3974463765625 0.29247320625 0.40012472656250003 0.2931066375 0.40373290937500006 0.2974162703125 0.4063585734375
11 0.2730969828125 0.4145628140625 0.2691191046875 0.41395652812500006 0.26621856093749996 0.41719873593749995 0.2661738 0.420347296875 0.27082785625 0.42279282656249995 0.27599003125 0.42340056875 0.2788276953125 0.4222367453125 0.27948870625 0.41983928906249995 0.27782542656250003 0.4172782203125 0.2730969828125 0.4145628140625
11 0.28292136874999996 0.4401398625 0.279539609375 0.440594128125 0.27511466875 0.4428994140625 0.2760999703125 0.44501550312499993 0.2792696203125 0.44908772812500003 0.28460796718750003 0.4490565078125 0.28885720937500003 0.44760435000000004 0.2905177875 0.44533868906249996 0.288332565625 0.4419877125 0.28292136874999996 0.4401398625
11 0.30889080468749996 0.4543684578125 0.310490165625 0.4571922046875 0.3166159609375 0.4602105515625 0.3220054046875 0.4589197859375 0.32459251093749997 0.4581250484375 0.32256985781249997 0.45311536874999997 0.315951084375 0.4513453515625 0.31298926250000003 0.451890415625 0.30889080468749996 0.4543684578125
8 0.3647120140625 0.36484393437499996 0.3396704953125 0.35483613593749996 0.3021384171875 0.34530700312499996 0.2807512453125 0.3466903109375 0.2474285 0.3532673375 0.22938987968750002 0.364915046875 0.2194526828125 0.3807882984375 0.20629500625000002 0.40161925 0.2057142609375 0.4082074765625 0.20532177499999998 0.4275585546875 0.2164367203125 0.44550972031249997 0.23215664062500002 0.473645040625 0.23421429218749998 0.48186350312500004 0.2313056484375 0.50137679375 0.2257551296875 0.5125444953125 0.21845429843750003 0.516619959375 0.2131771796875 0.520073209375 0.23616575156250003 0.5352911484375 0.3079107984375 0.557639771875 0.327922146875 0.556543609375 0.3631183578125 0.5588530859375 0.40604642812499997 0.5532931078125001 0.43344599375000004 0.5457897359375 0.46013695312499997 0.5296517203125 0.4740603671875 0.5082792765625 0.48921171875 0.48469925781249995 0.50175256875 0.4549007890625 0.49680282968749995 0.428034375 0.4909371046875 0.411218171875 0.48598736562499995 0.384351759375 0.466954975 0.3615077765625 0.4491315 0.3746161171875 0.4167911828125 0.38211180625 0.390553109375 0.3764387265625 0.3647120140625 0.36484393437499996