2 0.5812661515624999 0.61816145625 0.5920488578125 0.6149734046875001 0.6867010328125 0.47353463281249997 0.6904403640625 0.4539224359375 0.366884625 0.43452315781250006 0.3518693734375 0.4381579828125 0.32654 0.4697860125 0.24875210937499997 0.5804903015625 0.2427197875 0.5967572750000001 0.5493453484375 0.6179436453125 0.5812661515624999 0.61816145625
5 0.365816340625 0.4589780734375 0.334668303125 0.5019820937499999 0.33459442500000003 0.5189012796875 0.35861723125 0.5222588765625 0.368454784375 0.5153270937500001 0.3752432265625 0.5020551046875 0.403194396875 0.4865492484375 0.41974651406249996 0.48326466406249996 0.43991483750000004 0.4885665265625 0.4738490765625 0.4680731546875 0.46373196562499996 0.45094852812499997 0.3948770640625 0.453604421875 0.3852777921875 0.45000549218749997 0.37295821875 0.45284330468749995 0.365816340625 0.4589780734375
0 0.3742488234375 0.5095908328125 0.3865191453125 0.5180324781250001 0.42647772812499996 0.527138709375 0.45622069375 0.5416792296875 0.47506580156249995 0.54173986875 0.416861809375 0.48331293124999997 0.3821960765625 0.4951715890625 0.3742488234375 0.5095908328125
1 0.41290881874999996 0.5078161125 0.4173550203125 0.5024783562499999 0.413360759375 0.4923944171875 0.39621692343750003 0.49907249218749994 0.3965703578125 0.5062097125 0.403284921875 0.5098569109375 0.41290881874999996 0.5078161125
7 0.3534069265625 0.5704682234375 0.368331653125 0.5435257390625 0.3449498171875 0.5254951953125 0.329934565625 0.52913001875 0.30323272968750004 0.5667962828124999 0.31337446562500004 0.57828118125 0.33874511093750004 0.5812402703124999 0.3454843015625 0.5792477375 0.3447281796875 0.5762527546875 0.3534069265625 0.5704682234375
9 0.56688320625 0.5210299078125 0.5567660953125 0.50390528125 0.534280159375 0.5008979250000001 0.5150323640625001 0.504979521875 0.5009622640625 0.5123580765625 0.4845252953125 0.5333105953125 0.4860129125 0.5449402921875001 0.5103891515625001 0.5554351093750001 0.5492874296875 0.543129678125 0.56688320625 0.5210299078125
11 0.3553218546875 0.57231595625 0.34300228125 0.5751537671875 0.34297765468749997 0.5807934968749999 0.351631775 0.5806486953125 0.3553218546875 0.57231595625
11 0.33974749375 0.5278379656250001 0.329934565625 0.52913001875 0.3285621015625 0.5351682531249999 0.33837503125 0.5338762 0.33974749375 0.5278379656250001
11 0.3841189859375 0.45115274375 0.3710186640625 0.4566353 0.373097996875 0.4648715078125 0.3825328640625 0.4620819625 0.390266459375 0.452553703125 0.3841189859375 0.45115274375
11 0.5057068609375001 0.540898975 0.5066629671875 0.5368489875 0.5067413875 0.536769475 0.5016053015625 0.53473315 0.4959605140625 0.5381288546875 0.4944466890625 0.5410885078125001 0.4941132890625 0.5442487203125 0.499196884375 0.5447862421874999 0.503426340625 0.5430650359375 0.5057068609375001 0.540898975
11 0.52790290625 0.5459537421875 0.5290016546875 0.5435875234374999 0.528518240625 0.5404105265625 0.5245680421875 0.5405815109375001 0.521784815625 0.5418751203125 0.5175846265625 0.5453932765625 0.517687615625 0.5474822359375 0.5207581343750001 0.5490076140625 0.5250413453125 0.5480558375 0.52790290625 0.5459537421875
11 0.5535528578125 0.5300878796874999 0.5472330015625 0.529013878125 0.5429238625 0.53154396875 0.5417880640625 0.533763434375 0.5437459234375 0.5364811578124999 0.5467672046875001 0.5366870078125 0.5506017453125 0.5350825625 0.553519853125 0.533198703125 0.5535528578125 0.5300878796874999
11 0.545449009375 0.520828746875 0.548621003125 0.5205185203125 0.5562142531250001 0.5181165703125 0.5569319968750001 0.5170409859375 0.5549380484374999 0.5120632515625 0.5534098484375 0.511489175 0.5507418203125 0.5121203046875 0.547485340625 0.5143391625 0.5447190078124999 0.516256196875 0.5438645609375 0.51847133125 0.545449009375 0.520828746875
11 0.533094959375 0.5094105671875 0.5306914109374999 0.5054897265625 0.5252187421875 0.5084426843750001 0.522257153125 0.511829584375 0.522715215625 0.5142062234375 0.5255444140625001 0.5153322390625 0.529432515625 0.514496478125 0.532294078125 0.5123943828125 0.533094959375 0.5094105671875
11 0.5051892390625 0.5265307625 0.507280840625 0.5247351703125 0.5083837109375 0.5217771296875 0.5072839359375 0.5197101125 0.5025737515625 0.5195328984375001 0.5005775671875 0.5211441796875 0.49737465312499995 0.5241317171875 0.49779105625 0.5274620984375 0.501431875 0.5273278703125001 0.5051892390625 0.5265307625
8 0.5939385859375 0.4577988390625 0.5651472734375 0.455421440625 0.5301063046875 0.455799465625 0.5046881640625 0.46354158593749994 0.47475395468750003 0.47443420156249994 0.45170059843750004 0.4866952015625 0.41038693437499996 0.5247864078125 0.3982054546875 0.538584365625 0.40082141406250005 0.560271515625 0.4098538953125 0.5782462765624999 0.43649110156250004 0.601225178125 0.4584604625 0.6008553328125 0.5085057765625 0.60488884375 0.543528540625 0.5963491515625 0.5729691046875 0.5867370265625 0.5986900375 0.5720989703125 0.618995821875 0.555432265625 0.6325190734375 0.5394102671875001 0.6389072890625 0.5177829953125 0.6399407953125 0.492748565625 0.62864185 0.47226801875 0.614585384375 0.46190355156249996 0.5939385859375 0.4577988390625