2 0.1600429703125 0.1038479984375 0.15058715312499998 0.12190968906249999 0.1194192859375 0.44876351562499994 0.097555815625 0.728117190625 0.1017788203125 0.775029778125 0.10613923125 0.7841472609375 0.3652614234375 0.787333934375 0.43265541562500004 0.7801543828125 0.652679403125 0.7797440015625 0.65905566875 0.7793868171875 0.6685772265625001 0.7669384890625001 0.6814709265625 0.51412995625 0.7092364640625 0.12789198125 0.7094595484374999 0.11392197343749999 0.7046788312500001 0.10193440625000001 0.69203784375 0.09566377499999999 0.18030120624999998 0.100159965625 0.1600429703125 0.1038479984375
5 0.3204157703125 0.1609070703125 0.3085496546875 0.1547632484375 0.29252035 0.15634203124999999 0.27985349843749996 0.1808815015625 0.2300584953125 0.204947615625 0.2140033265625 0.2373365 0.1948287296875 0.2510064265625 0.18703419999999998 0.26233672812500003 0.1870083359375 0.293146828125 0.1745586453125 0.352738121875 0.1715647703125 0.39426772187500003 0.1753275921875 0.40188675781249994 0.21163506875000002 0.414831675 0.22412463906250002 0.391663846875 0.2234613078125 0.3845520359375 0.2344469328125 0.3485322234375 0.257278734375 0.30044450624999997 0.271272246875 0.290128659375 0.2938550984375 0.2868210484375 0.30279900625 0.2910860078125 0.30636460468750004 0.28186495 0.3125635875 0.28287940312500004 0.321290334375 0.2520925375 0.3204157703125 0.1609070703125
0 0.293277446875 0.303534334375 0.2702085484375 0.29835849531249997 0.2625255609375 0.3027037921875 0.2438569484375 0.34306890156250003 0.240954678125 0.3594017671875 0.24194671093750003 0.3945803984375 0.2585477421875 0.42531015781250003 0.27369063125 0.43058957031249995 0.301251421875 0.4561096203125 0.325272478125 0.460040625 0.357948615625 0.476593234375 0.39642336718750004 0.509501940625 0.4305835078125 0.5206947953125 0.43826649531250006 0.5163494984375 0.42299212500000005 0.49984335937499996 0.413076125 0.47861149999999997 0.3562075734375 0.41047769531249995 0.334537 0.37611700937500003 0.320615153125 0.343024390625 0.293277446875 0.303534334375
1 0.269493490625 0.3528668828125 0.265527521875 0.3774295859375 0.26971065 0.387918709375 0.2834810765625 0.3915728671875 0.2934229421875 0.38199462500000003 0.29470972500000003 0.35979478125000003 0.287361365625 0.34318506875 0.276513146875 0.3414097765625 0.269493490625 0.3528668828125
9 0.43856717187500005 0.4099491921875 0.433892071875 0.439998453125 0.437760509375 0.48965431718749997 0.4536524078125 0.525870634375 0.4747054546875 0.5405211421875 0.4958043015625 0.5425732812499999 0.521112140625 0.5243044453125 0.5376533546875 0.5003990078125 0.5518500140625 0.45790142187500005 0.5542462984375 0.414873375 0.5480074390625 0.3774354578125 0.5333764609375 0.3498293953125 0.5109509531249999 0.3335536359375 0.49027241093749996 0.3343715828125 0.47240453593750004 0.34405339687500003 0.4524092640625 0.3701948828125 0.43856717187500005 0.4099491921875
7 0.28272830625 0.5749350203125 0.265240859375 0.55106345625 0.257669415625 0.5484237515625 0.20827477968750002 0.5571482171875 0.18903444062500002 0.5652047796875 0.18083954375 0.591876728125 0.1754523484375 0.6519234609375 0.16836398749999998 0.682278121875 0.170353978125 0.7036135515625 0.17506895625000002 0.7099877546875 0.21578264531250002 0.7194517874999999 0.2166690625 0.7125935890624999 0.22774036562500002 0.7003988750000001 0.251341115625 0.7014597953124999 0.2608826109375 0.7072231984374999 0.2772664828125 0.7029011359374999 0.28125238750000003 0.6965501656249999 0.2908714765625 0.6098832703125 0.28770624375 0.6037626796875 0.288993028125 0.5815628359375 0.2861823625 0.5726989671875 0.28272830625 0.5749350203125
10 0.5692539437499999 0.6232251171875001 0.5755844078125001 0.635466296875 0.576799525 0.6566749203125 0.595659434375 0.6821717375 0.608037459375 0.6659889125 0.636090221875 0.6509705796875 0.6681666093749999 0.5007475140625 0.6768534796875 0.4335371828125 0.6760446531250001 0.3479650828125 0.6715985640625 0.31502250468750004 0.658674675 0.26808668281250003 0.6592323875 0.23316166562500001 0.668865490625 0.2137283359375 0.6706383203125 0.200011940625 0.66183181875 0.1579518796875 0.6432348718750001 0.1549085203125 0.6286637093749999 0.1819376546875 0.6099352828125 0.16766756562500001 0.5961449171875 0.14580167500000002 0.5616760109375 0.12475372968750001 0.5139884671875 0.114148440625 0.49795916093750003 0.11572722499999999 0.46578901093749997 0.1258698 0.36048606875 0.1814710234375 0.3575180578125 0.1921905265625 0.3473013796875 0.2773589734375 0.3648545671875 0.3068439015625 0.38203324843750003 0.320860375 0.3955606515625 0.32027281093750004 0.4093768796875 0.3113286015625 0.42574081250000007 0.2887948046875 0.46110205937500004 0.25396272343750004 0.5013097640625 0.236731571875 0.5392785296875 0.24294509843749998 0.5742334828125 0.2724764921875 0.5992007703125 0.324184496875 0.6078299875 0.36761619843750004 0.6114753390625001 0.43124207031250006 0.6040294515625 0.48885092343750003 0.568636415625 0.6035149375 0.5692539437499999 0.6232251171875001
11 0.17011095468749998 0.6993718265625 0.17542352187500002 0.7072444765625 0.183947121875 0.70863935 0.1898174015625 0.68158698125 0.1862318640625 0.67259630625 0.17305902812500001 0.6704405921875 0.1696707109375 0.6782900078125 0.17011095468749998 0.6993718265625
11 0.272543415625 0.5802715375 0.2701729953125 0.5924894843749999 0.2726290953125 0.60409663125 0.2798459734375 0.6094796171875 0.2867540875 0.6050075140625 0.29043123125000003 0.588801453125 0.288329696875 0.5744510265625 0.280758253125 0.5718113203125 0.272543415625 0.5802715375
11 0.36642208906249996 0.1600320203125 0.3632309921875 0.1847215296875 0.37069089375000003 0.1943462375 0.37939177968750004 0.194369471875 0.3875408734375 0.18029589375 0.3896682703125 0.16383621875 0.384887553125 0.1518486515625 0.3732644625 0.1499465515625 0.36642208906249996 0.1600320203125
11 0.6436551796875001 0.15777860625 0.6404441453125 0.1642563828125 0.6417250046875 0.191078371875 0.6510892171875 0.198213415625 0.65990164375 0.19125164375 0.6651285312499999 0.17529920000000002 0.663801871875 0.1610755796875 0.654792225 0.15119725625 0.6436551796875001 0.15777860625
11 0.6442592578124999 0.65510873125 0.657898203125 0.6475361609375 0.662770525 0.63432699375 0.66042596875 0.61573484375 0.6493347265625 0.6097178249999999 0.6420720453125 0.6169332078124999 0.63846064375 0.63875263125 0.6442592578124999 0.65510873125
11 0.51761820625 0.490117034375 0.5264306328125 0.48315526249999996 0.5273170484375 0.476297065625 0.521406890625 0.46692597031250005 0.5145645171875 0.47701143906250004 0.51761820625 0.490117034375
11 0.47406798749999995 0.5025992328125 0.4792032703125 0.5118435203125 0.48801569687499996 0.5048817515625 0.48710934375 0.49352821718750006 0.475906559375 0.49449620312500003 0.47406798749999995 0.5025992328125
11 0.4518655640625 0.4723534640625 0.4559172125 0.47161585781250004 0.46198471249999995 0.4614035828125 0.4603034859375 0.4499232421875 0.45273204062500005 0.4472835359375 0.44969829062500005 0.45238967499999994 0.44828002656250004 0.4633627890625 0.4518655640625 0.4723534640625
11 0.47244441249999997 0.380476859375 0.4677951765625 0.37971602031249996 0.462259525 0.3858133765625 0.46101854375 0.3954148515625 0.4652016703125 0.4059039765625 0.4743686625 0.3961989265625 0.47244441249999997 0.380476859375
11 0.49949921875000003 0.379301728125 0.5045687625 0.382932653125 0.5120087265625 0.37434563125000003 0.510682065625 0.36012201093749996 0.50388549375 0.35760911093750003 0.5010290265624999 0.361343609375 0.4978837328125 0.3734347515625 0.49949921875000003 0.379301728125
11 0.53821699375 0.416452159375 0.5371333578125 0.406470265625 0.53051406875 0.40258572656249997 0.5253987234374999 0.4115531671875 0.5261277953125 0.4242783421875 0.5305997484375 0.42641082187499996 0.53821699375 0.416452159375
8 0.5791555671874999 0.5553339687500001 0.59165225 0.5189059359375 0.5986212125 0.4808491640625 0.6071996015625001 0.41764935468750003 0.6102451828125 0.378223590625 0.6013208828125001 0.31723965781249996 0.5922041859375 0.30848955 0.554948675 0.2573870140625 0.5286282718749999 0.24219106093749998 0.50596536875 0.23993478906250001 0.46200193125 0.2407253578125 0.4433385875 0.25509243593750003 0.42500516250000003 0.2891114203125 0.39773793125 0.31295915 0.3723563984375 0.30953244375 0.354030575 0.2927412375 0.3513031015625 0.28213176562500003 0.3373063984375 0.30161855625 0.3264493046875 0.3412170546875 0.3141809125 0.38856971093750003 0.30694666875 0.43819867187500006 0.3142296578125 0.46444817812499994 0.30998511406249996 0.5098321968749999 0.309725140625 0.5562464609375 0.3228567421875 0.6259040234375 0.336075996875 0.6600063890625 0.3624829703125 0.6998959874999999 0.40706066874999997 0.7260648328125 0.4317749375 0.7409965453125 0.467753415625 0.751240390625 0.5150197578125 0.750264796875 0.555040221875 0.72922965 0.5874245921875 0.6975086796875 0.592163653125 0.683040928125 0.5787131703124999 0.6634184765625 0.5650594296875 0.6263414593750001 0.566015878125 0.5967369390624999 0.5791555671874999 0.5553339687500001