2 0.6295106328125 0.9880970703124999 0.7214705609375 0.60552210625 0.7150451046875 0.580095225 0.30695365625000004 0.44145608437500006 0.2910128953125 0.4386067359375 0.2783751015625 0.45776985625 0.12038950781249999 0.942232259375 0.3994476984375 0.9921128328125001 0.6295106328125 0.9880970703124999
5 0.533877078125 0.9461627796875 0.4977240078125 0.9868291296875 0.46751664374999996 0.9614357390625001 0.451998503125 0.9600900703124999 0.4322129390625 0.9915409140625 0.58656356875 0.9888467140625 0.6069667859375001 0.9035298828125 0.6055102890625 0.8675660781250001 0.589647525 0.8547336984375 0.5661159265625 0.8505275156250001 0.5590420265625 0.866400746875 0.5502241359375 0.9248063984374999 0.543995475 0.9436869890624999 0.533877078125 0.9461627796875
0 0.496964925 0.9866934453124999 0.5251126968750001 0.9560212890625 0.5443319390625 0.942318990625 0.55383091875 0.8940320515625 0.5454565109375 0.8539754187499999 0.539547990625 0.8457786 0.5152573078125 0.841436734375 0.500153628125 0.8287400406250001 0.47103364843750006 0.7892596328125 0.46486666093749995 0.772447784375 0.43937795 0.7407571453124999 0.41853806093749996 0.7256069859375 0.41685574374999995 0.7324469703125 0.42362582499999996 0.7693605609375 0.4371333453125 0.791768915625 0.47879225937500003 0.9220351984375 0.48150029375000003 0.93680063125 0.47452887187500004 0.98125495 0.496964925 0.9866934453124999
1 0.507050675 0.9327988328125001 0.5185149265625 0.9248510546875 0.5260894406250001 0.9004984765625 0.52270848125 0.888469034375 0.512331615625 0.8823297953125 0.5057583296875 0.8897236765625 0.4961568703125 0.90942953125 0.5040143390625 0.9322560984375 0.507050675 0.9327988328125001
11 0.5902179734375 0.8234166171874999 0.5948586312499999 0.8271023953125001 0.5963768 0.8273737625 0.6015180734375 0.822580190625 0.6053053312500001 0.8104039015625 0.605719790625 0.799052875 0.600233890625 0.7923597375 0.5921424375 0.7994822546875 0.5886916421875 0.8102905453125 0.5902179734375 0.8234166171874999
11 0.5772936015625 0.656870509375 0.586817065625 0.6471476843749999 0.587904453125 0.633060665625 0.582418553125 0.6263675265625 0.5764320390625 0.6281537390625 0.5702813734375 0.6370513 0.56910783125 0.6482666421875 0.57122093125 0.65578504375 0.5772936015625 0.656870509375
9 0.378474390625 0.8498345015625001 0.39540821875 0.8228704499999999 0.4099623171875 0.7669182625000001 0.4126458640625 0.7431195796875001 0.4051166984375 0.7060703078125 0.398026475 0.6962341265624999 0.3856226640625 0.6854481640625 0.36259984218749997 0.6856173375 0.3466672421875 0.6956226921875001 0.3185194703125 0.7262948515625001 0.311782034375 0.7408000828125 0.29991964531250004 0.7858082984375 0.29521731562500003 0.8178149593749999 0.30071953749999997 0.8502175078124999 0.3107681015625 0.8705794499999999 0.3192903375 0.8778153203124999 0.3491449140625 0.8788672953125 0.378474390625 0.8498345015625001
11 0.3818227046875 0.8104451218750001 0.386627515625 0.8070195484375 0.3912600140625 0.7978506203125 0.389819840625 0.7875962249999999 0.3856879578125 0.78828580625 0.3818145421875 0.7975904171875 0.3787002140625 0.8070307124999999 0.3810636203125 0.8103094390625 0.3818227046875 0.8104451218750001
11 0.353851784375 0.72118525625 0.3570604328125 0.7274713453125 0.3600967671875 0.728014078125 0.36271048281249996 0.7270531296875 0.36944791875 0.7125478984375 0.37037115468750004 0.7055722296875 0.3672486625 0.70215781875 0.360839528125 0.70244035 0.355447946875 0.7114735953125 0.353851784375 0.72118525625
11 0.3309314421875 0.7499355203125 0.3276366359375 0.74077775625 0.3188722578125 0.7506362656250001 0.31727609375 0.7603479265625 0.31905273125 0.7692343234375 0.32436631875 0.77018410625 0.3297579 0.7611508625 0.3309314421875 0.7499355203125
11 0.356116334375 0.834412978125 0.35299384218749996 0.8309985671875 0.3437206859375 0.8364817171875 0.3403560484375 0.8501616875 0.3423829921875 0.8548084109375 0.345419328125 0.8553511453124999 0.3538472453125 0.846860634375 0.356116334375 0.834412978125
11 0.315548428125 0.828589759375 0.32263049062500004 0.825571234375 0.32540835625 0.8174989374999999 0.322536171875 0.809844853125 0.318740753125 0.8091664359375 0.31587672968749997 0.8143670578125001 0.3124259359375 0.82517535 0.31403026093749997 0.82831839375 0.315548428125 0.828589759375
11 0.3847239140625 0.730987946875 0.385240853125 0.748218009375 0.3905544390625 0.7491677937500001 0.39384108281249997 0.7454708515624999 0.397878646875 0.7290548890624999 0.3898651875 0.7261943765625001 0.3847239140625 0.730987946875
7 0.567581503125 0.6351405703124999 0.5684593890625 0.6895667515625 0.553905290625 0.745518940625 0.5545083843749999 0.7656206812499999 0.5824384984375001 0.7906070203125 0.5853968390625 0.8011327796875 0.5935744484375001 0.7968819421875 0.60546948125 0.8032925515624999 0.609342896875 0.7939879375000001 0.637934153125 0.664853496875 0.6127819062500001 0.631794859375 0.5744050953125 0.6235070140625 0.567581503125 0.6351405703124999
8 0.5184961546875 0.628570371875 0.507715053125 0.5836034812500001 0.4886660140625 0.5454005171875 0.4399935421875 0.5037333515625 0.38815352812500004 0.5017934984375 0.336165984375 0.5272989484374999 0.2964014453125 0.565063303125 0.26458699218750004 0.609741325 0.22342707968750003 0.6655707093750001 0.193314275 0.7590896093749999 0.184372540625 0.8160978265625 0.17510434218749998 0.8703028093749999 0.179074184375 0.9140522125 0.18163041875 0.9428962375 0.1860690203125 0.9537637109375 0.41445799218749996 0.991850828125 0.4155575140625 0.9918316359375 0.43743520468749997 0.968475034375 0.450389090625 0.9323292953125 0.46913076093750006 0.9036275828125 0.5003869015625 0.814407521875 0.5132247296875 0.775978865625 0.520114953125 0.7231811312499999 0.5227368968749999 0.6732836343749999 0.5184961546875 0.628570371875