2 0.6671875 0.575 0.66953125 0.5555555562500001 0.65703125 0.1625 0.65390625 0.1513888890625 0.4703125 0.1583333328125 0.31796875 0.172222221875 0.3078125 0.18194444375000002 0.31484375 0.590277778125 0.32109375 0.60694444375 0.6609375 0.5833333328125 0.6671875 0.575
5 0.42539921875 0.262159721875 0.4166046875 0.2032388890625 0.4122078125 0.2026388890625 0.4007078125 0.2032388890625 0.39901640625 0.22308055625 0.37770703125 0.23450277812500003 0.35978046875 0.2513375 0.34895703125 0.277190278125 0.33982421875 0.30845416718749996 0.33779453125000003 0.3475333328125 0.34016250000000003 0.35595 0.344559375 0.37338611093749996 0.3438828125 0.39322638906249996 0.35335390625 0.40645416718750005 0.370265625 0.3992388890625 0.37128046875 0.3872138890625 0.36756015625 0.3685763890625 0.37128046875 0.35835555625 0.37703046875 0.3228833328125 0.39056015624999996 0.28921527812500003 0.4084875 0.280797221875 0.41119296875 0.2753861109375 0.415590625 0.26877361093749996 0.42539921875 0.262159721875
0 0.34016250000000003 0.3006375 0.37229531250000003 0.35895694375 0.40206093750000005 0.3763916671875 0.44670859375000005 0.397434721875 0.48019453125 0.41968055625 0.509959375 0.4268958328125 0.49406249999999996 0.40344722187500004 0.44332578125 0.34993888906250004 0.4108546875 0.2994361109375 0.365896875 0.23036111093749997 0.36214843750000003 0.2290916671875 0.33914765625 0.282 0.34016250000000003 0.3006375
8 0.49237109375 0.274784721875 0.4764734375 0.30304305625 0.45313515625 0.30364444375 0.44400234375 0.2826013890625 0.4372375 0.292822221875 0.43148749999999997 0.3144666671875 0.42945781250000004 0.32228194375 0.42844375 0.39503055625 0.43182578125 0.41968055625 0.43757578124999996 0.45755694374999994 0.45042890625 0.49483333281249997 0.46395859375 0.5236930562500001 0.48932656249999995 0.5525513890625 0.515371875 0.5778027781249999 0.5532546875000001 0.5778027781249999 0.58775546875 0.5645749999999999 0.60771171875 0.5453361109375 0.61853515625 0.5248944437499999 0.6026374999999999 0.5032513890625 0.5945203125 0.46417083281249993 0.60432890625 0.43170555625 0.6097406249999999 0.3986375 0.61278515625 0.3607611109375 0.60771171875 0.3258888890625 0.5975640624999999 0.29763194375 0.59325 0.286297221875 0.57929921875 0.26696944375 0.5407398437500001 0.2447236109375 0.51740078125 0.24773055624999998 0.49237109375 0.274784721875
9 0.5046875 0.3625 0.50546875 0.39305555625 0.51640625 0.4263888890625 0.5234375 0.434722221875 0.53828125 0.440277778125 0.55234375 0.4375 0.5625 0.4291666671875 0.57265625 0.41111111093749997 0.578125 0.384722221875 0.57734375 0.3541666671875 0.57265625 0.3375 0.56015625 0.3166666671875 0.546875 0.3083333328125 0.54140625 0.3083333328125 0.52890625 0.3111111109375 0.51796875 0.322222221875 0.50859375 0.3416666671875 0.5046875 0.3625
7 0.4203125 0.5555555562500001 0.421875 0.4861111109375 0.4046875 0.4625 0.37265625 0.4611111109375 0.35625 0.46944444374999994 0.353125 0.477777778125 0.353125 0.5388888890625 0.35703125 0.5583333328125 0.4203125 0.5555555562500001
11 0.459375 0.20416666718749998 0.45546875 0.1986111109375 0.44765625 0.20277777812500003 0.446875 0.21944444375 0.453125 0.22777777812500002 0.46015625 0.2166666671875 0.459375 0.20416666718749998
11 0.62734375 0.2166666671875 0.6328125 0.20694444375 0.6328125 0.20138888906250002 0.628125 0.1888888890625 0.6234375 0.1875 0.62265625 0.1861111109375 0.61640625 0.1916666671875 0.61328125 0.20138888906250002 0.62109375 0.2166666671875 0.62734375 0.2166666671875
11 0.6515625 0.5041666671875 0.65703125 0.497222221875 0.65703125 0.48472222187499997 0.65078125 0.475 0.64765625 0.475 0.640625 0.4875 0.64140625 0.5013888890625 0.64453125 0.5041666671875 0.6515625 0.5041666671875
11 0.36328125 0.5555555562500001 0.36484375 0.5416666671875 0.35703125 0.5319444437499999 0.35703125 0.5305555562500001 0.353125 0.534722221875 0.35234375 0.5486111109375 0.359375 0.559722221875 0.36328125 0.5555555562500001
11 0.42109375 0.48472222187499997 0.42109375 0.475 0.41640625 0.46805555625000006 0.41484375 0.46805555625000006 0.409375 0.475 0.409375 0.4861111109375 0.41328125 0.4916666671875 0.42109375 0.48472222187499997
11 0.5266015625 0.35390277812500004 0.52891953125 0.3482638890625 0.52733359375 0.34197500000000003 0.5259921875 0.34045694375 0.52257578125 0.338940278125 0.52112734375 0.3385375 0.5185500000000001 0.3460958328125 0.5190375 0.3513 0.52257578125 0.35542083281250003 0.5266015625 0.35390277812500004
11 0.5228195312499999 0.3979236109375 0.5241617187500001 0.3888166671875 0.5234296875 0.3842625 0.5216000000000001 0.381659721875 0.5190375 0.38100972187500004 0.51647578125 0.38209444375 0.515453125 0.38344444375000003 0.5141578124999999 0.390334721875 0.5155000000000001 0.39445416718750004 0.5185500000000001 0.397490278125 0.5228195312499999 0.3979236109375
11 0.53916796875 0.425465278125 0.5416078125 0.42134444374999996 0.542828125 0.41570694374999995 0.5416078125 0.41071944374999997 0.53782578125 0.40833333281249995 0.53599609375 0.40768333281249997 0.5337578125 0.409477778125 0.5322140625 0.4133208328125 0.53282421875 0.42025972187500005 0.53648359375 0.4252486109375 0.53916796875 0.425465278125
11 0.5582 0.40703194375 0.5613718750000001 0.4087666671875 0.5635679687499999 0.406815278125 0.56503203125 0.4005263890625 0.56503203125 0.39597222187500003 0.5635679687499999 0.39315416718749996 0.5608835937500001 0.3916361109375 0.5578335937500001 0.39206944374999997 0.5566140625 0.39575555625000003 0.55600390625 0.40204444375000004 0.5582 0.40703194375
11 0.5599078125 0.36648055625 0.5629578125 0.3686486109375 0.5662515625 0.366697221875 0.5678375 0.36496249999999997 0.56808203125 0.358240278125 0.56673984375 0.35303472187499996 0.56344609375 0.3502166671875 0.5610062499999999 0.35065 0.5590539062500001 0.35346944375 0.5578335937500001 0.358240278125 0.5599078125 0.36648055625
11 0.54087578125 0.33785555624999997 0.545878125 0.3415416671875 0.549415625 0.340240278125 0.5503921875 0.3317833328125 0.5496601562500001 0.32788055625 0.54709765625 0.32484444375 0.5446578125 0.32419305625 0.54197421875 0.3250611109375 0.540265625 0.3267958328125 0.5383140625 0.33135 0.54087578125 0.33785555624999997
1 0.3995046875 0.350965278125 0.40874453125 0.35279027812499997 0.41519765625 0.34523055625 0.4144640625 0.333759721875 0.41109140625 0.3277638890625 0.40625156249999994 0.32437499999999997 0.4017046875 0.32437499999999997 0.39569140625 0.3285458328125 0.3955453125 0.34053888906249996 0.3995046875 0.350965278125
10 0.484375 0.29444444375 0.50234375 0.26527777812500003 0.5234375 0.25 0.5625 0.25 0.58125 0.2666666671875 0.6 0.3 0.60625 0.31944444375000003 0.61328125 0.3708333328125 0.6082460937499999 0.42458055625 0.603125 0.4375 0.59765625 0.4611111109375 0.59609375 0.477777778125 0.59921875 0.49444444374999996 0.61484375 0.522222221875 0.62109375 0.5208333328125 0.6390625 0.4986111109375 0.6390625 0.4861111109375 0.64609375 0.4625 0.653125 0.415277778125 0.65546875 0.38055555625 0.65446484375 0.33741666718749996 0.6465734375000001 0.2958388890625 0.63984375 0.272222221875 0.6296875 0.24583333281250003 0.63671875 0.22638888906250001 0.634375 0.20555555625 0.62734375 0.21805555625 0.62265625 0.21805555625 0.615625 0.21111111093749999 0.60703125 0.21111111093749999 0.59140625 0.190277778125 0.5703125 0.1763888890625 0.52890625 0.1708333328125 0.49296875 0.1875 0.46640625 0.20833333281250002 0.45703125 0.22638888906250001 0.44296875 0.2208333328125 0.4421875 0.22777777812500002 0.4421875 0.2791666671875 0.45234375 0.29444444375 0.46640625 0.30416666718749996 0.484375 0.29444444375