2 0.7303106234375 0.6629997953125 0.7056140656250001 0.6094869046875 0.5457654484375001 0.33582338125 0.15989670625000002 0.3938790515625 0.1518908578125 0.4007648421875 0.1523638921875 0.41092109218750006 0.328029925 0.726233296875 0.3407482484375 0.7311389859374999 0.35598963906250003 0.7306244093750001 0.6440114046875001 0.6872537265625 0.7197089359375 0.67374335 0.7303106234375 0.6629997953125
5 0.3542492203125 0.663461153125 0.34251335312500003 0.6796492140625 0.3542430484375 0.693124409375 0.371018878125 0.695759078125 0.49635253593749995 0.6753089531249999 0.51528755625 0.6647108578125 0.5144506484375 0.6467421078125 0.50001595 0.6347809265625 0.4861270609375 0.6345384953125001 0.4477475953125 0.6447971875 0.3927440203125 0.6258829546875 0.38156630625 0.5944632515625 0.3439571453125 0.5914649375 0.3298135453125 0.58575375625 0.31764102968749997 0.5925668171875 0.2979720890625 0.6172031703124999 0.31455981093749996 0.6455948453125 0.3427014625 0.6538922078125 0.3542492203125 0.663461153125
9 0.4127589609375 0.51928808125 0.4541345296875 0.513765375 0.465027315625 0.5092718203125 0.478224846875 0.4946705015625 0.4774607125 0.47826425156249996 0.46854518125 0.4656187921875 0.46130963906250005 0.45924757656250004 0.42889215937499997 0.44853373437500005 0.41215271875 0.4466803171875 0.370704375 0.45064052343750005 0.3584954734375 0.456672334375 0.34405460468750004 0.47437440937500003 0.34478235 0.48999940937500003 0.35654843281250004 0.5042558546875 0.3946670171875 0.5181916703125 0.4127589609375 0.51928808125
7 0.6383652015625 0.595823234375 0.609125759375 0.5937516281249999 0.6048135453125 0.5905538984375001 0.5416160140625 0.6042824640625 0.529516275 0.612658025 0.5193876203125 0.6335578296875 0.5301286875 0.6556025328125 0.5784850875 0.6509822921875 0.6417553921875 0.6388162265624999 0.6469834624999999 0.63188195 0.64592823125 0.6092257 0.6383652015625 0.595823234375
11 0.5521689734375 0.6520841734375 0.548990934375 0.6434419359375 0.5378434359375001 0.642466740625 0.5297284265625 0.6470087828125 0.53557508125 0.6533557546875 0.5521689734375 0.6520841734375
11 0.6313115953125 0.5933582687500001 0.6253557796875 0.5846675453125 0.6183749484375001 0.5837650796875 0.6088710484375001 0.588282878125 0.609052984375 0.592189128125 0.6161793671875 0.59621659375 0.6259015890625 0.5963862953125 0.6313115953125 0.5933582687500001
11 0.3775266734375 0.68650529375 0.380013353125 0.6803037796875 0.37434863749999997 0.67786305625 0.36049613593749996 0.678401875 0.3565841796875 0.683797896875 0.36096917031250003 0.688558125 0.369338890625 0.689484834375 0.3775266734375 0.68650529375
0 0.47242011093749997 0.6382023140624999 0.48269431249999994 0.620427509375 0.47049158281250003 0.5967960640625 0.4826400515625 0.5298752375 0.4763931375 0.514934515625 0.47080119531250003 0.5140562921875 0.46001756875 0.5208935984374999 0.4334344 0.5758532421875 0.3937690375 0.618094696875 0.3940601359375 0.6243446968749999 0.40118651562499996 0.6283721625 0.440475665625 0.637644721875 0.44478788125 0.64084245 0.47242011093749997 0.6382023140624999
1 0.4203398625 0.6224615671875 0.42885513125 0.6265132765625 0.44135513125000003 0.6267314640625 0.44950652812499997 0.6229706734375 0.45469821093749996 0.6152551453124999 0.443114065625 0.60490495 0.427872675 0.6054195265625 0.41972127812500004 0.6091803171875 0.4203398625 0.6224615671875
8 0.463849140625 0.3797503734375 0.41988136093749995 0.3764263984375 0.381334696875 0.3741267625 0.3581030421875 0.372327075 0.32346190625000004 0.3828773984375 0.30359191406249997 0.39112981874999997 0.2789652671875 0.40371515156250004 0.2600530671875 0.4147734265625 0.2396383234375 0.4290582984375 0.2347494515625 0.43943164062499995 0.22545726250000003 0.46181360312499997 0.22248254531249997 0.47779784999999997 0.22481698749999998 0.5013116859375 0.235612828125 0.5200928125 0.2582839796875 0.536525490625 0.27308591875 0.5525874078124999 0.2845803734375 0.5597604953124999 0.3053373359375 0.5705814874999999 0.325409540625 0.5755796296875 0.349673428125 0.581813275 0.3735992921875 0.5896686 0.40020426875000004 0.5929213484375 0.41637009531249997 0.5939006124999999 0.44312900937500005 0.5915793359375 0.4757950046875 0.5893939515625 0.49370759218750004 0.5859542015625 0.5100259328125001 0.5813586359375 0.5384845515625 0.5711648625 0.5538139625 0.5630650265625 0.5693406453125001 0.5503216359375 0.5918559015625 0.5367697375 0.604410884375 0.5223468921875 0.6124050609375 0.5076125953124999 0.6138903203125 0.4862566984375 0.6029550140625 0.464451378125 0.5965133609375 0.450394815625 0.578067234375 0.4270642140625 0.5540447015625001 0.40828405625 0.5323516374999999 0.395122834375 0.49789998593749996 0.38313386875 0.463849140625 0.3797503734375
11 0.44223187656249996 0.49362695468749995 0.4464671546875 0.4992846203125 0.4581264265625 0.4984951921875 0.4633710125 0.4926306453125 0.46054034374999997 0.48873514531250006 0.4485445265625 0.4870363453125 0.44660909687499994 0.488119621875 0.44201104375 0.49362310000000004 0.44223187656249996 0.49362695468749995
11 0.4376917359375 0.46724098593749996 0.4386319078125 0.47321426874999994 0.44676941562500005 0.472611603125 0.4530419390625 0.46986716250000005 0.45415869375 0.465419196875 0.4505039 0.462749709375 0.44340113125 0.46188102343750004 0.4397453203125 0.46392721249999996 0.4376917359375 0.46724098593749996
11 0.3988760984375 0.45353499375000006 0.3980563703125 0.4548852015625 0.3959433765625 0.45704262656249994 0.3992173375 0.46086155624999997 0.4091331203125 0.460538946875 0.4151487078125 0.457045315625 0.413859440625 0.4530518234375 0.40695000156249994 0.45156670312499997 0.402967828125 0.4513730765625 0.3988760984375 0.45353499375000006
11 0.367208678125 0.465390890625 0.364645425 0.46720713593749996 0.361092328125 0.47148845625 0.3630035984375 0.47462398125 0.365927853125 0.4757913046875 0.3731922109375 0.47542163281249994 0.3789768203125 0.4716765140625 0.378780146875 0.46745385781250004 0.372944559375 0.46536689375 0.367208678125 0.465390890625
11 0.36881291875 0.4903595375 0.3676209515625 0.4931926609375 0.368032671875 0.49729495312500005 0.3700838125 0.49869605000000006 0.3747964890625 0.5003910609375 0.38335834375 0.4994242296875 0.3875565828125 0.494781815625 0.3853825921875 0.49077288125 0.3765145828125 0.48987416250000004 0.36881291875 0.4903595375
11 0.41412195 0.5013257249999999 0.409774709375 0.50273925625 0.40707598125000005 0.506414121875 0.40947080625 0.5104269109375 0.4163629234375 0.5115401562499999 0.42466919531249997 0.5098233765625 0.42627390312499996 0.5063768703125 0.4240781953125 0.501871865625 0.4189397828125 0.5005409968750001 0.41412195 0.5013257249999999