2 1 0.5967568062499999 0.47068963906250005 0.4402368359375 0.45677041718750006 0.43964282812500005 0.4393391109375 0.452769246875 0.22586125625000003 0.7450654484375 0.23581835624999997 0.7679322171875 0.2452467859375 0.77433465625 0.97477985 0.9878857 0.9927807375000001 0.9904461265625001 1 0.8317037062500001 1 0.5967568062499999
9 0.578253946875 0.7290905671875 0.61249968125 0.7410716328125 0.659726846875 0.7449572250000001 0.6821367031250001 0.7432641921875 0.7062616890625 0.7354884265625 0.72650956875 0.721858821875 0.742310759375 0.686688528125 0.73553525625 0.68289284375 0.7188844750000001 0.65467541875 0.68631295625 0.6373891078125 0.6367601671875 0.624676884375 0.6062687999999999 0.6208821140625 0.5838589453125 0.6225751484375001 0.5510387625 0.6365253796875 0.5391178671875 0.65097788125 0.533727003125 0.673890978125 0.5513564875 0.7100204 0.578253946875 0.7290905671875
5 0.7975152765625 0.8836183249999999 0.808737471875 0.9089546984375 0.8608613593750001 0.9258286453125001 0.9063324796875 0.9365744515625 0.976665009375 0.925549765625 0.9910719890624999 0.943385590625 0.9993267203125 0.8660485578125 0.9945936453125 0.8499502640625 0.9750821875 0.8495851421875 0.9581827421875 0.8526042593750001 0.9480178890625 0.8601965484375 0.9312411828125 0.860883209375 0.8817293062499999 0.8473935015625 0.8683828578125 0.83591470625 0.8423413703125 0.827088990625 0.8311159859374999 0.82832425 0.778334309375 0.85046169375 0.783026471875 0.8673374703125001 0.7975152765625 0.8836183249999999
0 1 0.82140549375 0.9968029140624999 0.8079660859375 0.9713341984375001 0.78825558125 0.9396595624999999 0.7804362375 0.8310469218750001 0.7235926890625 0.7758641765625 0.6853152046875 0.7552512734375 0.679370540625 0.749454478125 0.683486853125 0.751616453125 0.695423421875 0.787860515625 0.7224510000000001 0.8463066828124999 0.778244596875 0.8754479390625001 0.8076963656249999 0.9067102625000001 0.8498621906249999 0.93160939375 0.853885846875 0.9696536015625 0.8467040906250001 1 0.8280192906250001 1 0.82140549375
1 0.936550221875 0.8395250843750001 0.9602251703125001 0.8403016515624999 0.977492828125 0.8302851718750001 0.9779019515625 0.822510325 0.95794365 0.804125903125 0.9426775093750001 0.8026172624999999 0.918429784375 0.8127254796875001 0.9177342734374999 0.825942721875 0.936550221875 0.8395250843750001
11 0.583075228125 0.690490625 0.57474824375 0.6896677312499999 0.5687468828125 0.697671465625 0.5739299953125 0.7052174265625 0.5836448125 0.706177471875 0.5923809203125 0.6992255187499999 0.583075228125 0.690490625
11 0.6334021625 0.715002271875 0.624788790625 0.71962176875 0.6284613343750001 0.729363034375 0.6394821546875 0.7320151984375001 0.649483359375 0.7275328515624999 0.641729146875 0.7158251671875 0.6334021625 0.715002271875
11 0.6913260390625 0.7011882734375 0.684141409375 0.7051674359375 0.6837731984375 0.7121648 0.6905077890625 0.7167379687500001 0.6989166015625 0.7160058953124999 0.706387615625 0.706584340625 0.6913260390625 0.7011882734375
11 0.7008803968749999 0.6786866265625 0.705657571875 0.6674358015624999 0.687738509375 0.66332040625 0.683452278125 0.6652414109375 0.68573699375 0.674845528125 0.7008803968749999 0.6786866265625
11 0.639450815625 0.6530777859375 0.6479823625 0.6500132578125 0.6483914859375 0.6422384109375 0.629002765625 0.6395408328125 0.6284709046875 0.6496481359375 0.639450815625 0.6530777859375
11 0.587937421875 0.6511132 0.5725076328125 0.652714496875 0.5718939468750001 0.66437676875 0.575934703125 0.667120671875 0.58993575 0.666159709375 0.5944674515624999 0.65957379375 0.587937421875 0.6511132
8 0.44722529062499994 0.7986853609375 0.5111117015625 0.8255373484374999 0.5570189984375 0.8370874671875 0.607613134375 0.8445913359375 0.679668071875 0.8522129656249999 0.7408110156250001 0.8462330375 0.7859356187500001 0.8386701343749999 0.84684315625 0.820143740625 0.8762378859375 0.805515815625 0.9110805125000001 0.755358753125 0.90578591875 0.7570097359375 0.922232490625 0.730412496875 0.9197518499999999 0.6755659078125 0.903135 0.6343495578125 0.8449566859375001 0.5840171734374999 0.7471238390625 0.539284246875 0.665829821875 0.5202302203125 0.579194859375 0.5176794421875 0.521010534375 0.5184419765625 0.467562103125 0.5311930265625 0.41730626875 0.5512737921875 0.369301065625 0.5795915390624999 0.34563411093749996 0.638365840625 0.34251548125000003 0.68063763125 0.3623498484375 0.7286836359375 0.3962418296875 0.764592953125 0.44722529062499994 0.7986853609375