2 0 0.67073370625 0.3785571703125 0.997763771875 0.3840259203125 0.9977319546875 0.39903127656250004 0.96986781875 0.5217032296874999 0.56361230625 0.519642290625 0.51501483125 0.48783729062500003 0.47631229375000006 0.23359674843749997 0.2666874578125 0.0693994234375 0.156535378125 0.0592431734375 0.15659446562499998 0.048111746875 0.18999143125 0 0.5441564 0 0.67073370625
10 0.12118309062499999 0.3867818609375 0.123858134375 0.3298237828125 0.115474471875 0.2937626671875 0.10771853437500001 0.284085896875 0.063300409375 0.264900528125 0.029052153125 0.3775959703125 0.022212290625 0.47902122187499996 0.027961309375 0.5650959703125 0.0333169359375 0.5845085984375 0.020655329687499998 0.6123591 0.0213557765625 0.62624344375 0.0987454671875 0.7521778140625 0.1500574765625 0.7949333875 0.2108576109375 0.8181899734375 0.21626979999999998 0.82788038125 0.2396911390625 0.830521803125 0.24360546875 0.8291101890625001 0.2642331015625 0.7748253468749999 0.2636376984375 0.742885446875 0.2411753765625 0.709683925 0.2248256890625 0.7000571515625 0.199752965625 0.712702596875 0.1622933671875 0.7059763203125 0.1350627421875 0.6866909578125 0.12656595625 0.6700742875000001 0.1195508671875 0.6673374171875001 0.108001803125 0.638238928125 0.101784125 0.6327197328125 0.09647698125000001 0.6049737734375 0.08340581875 0.568939928125 0.07594885312500001 0.5078742703125 0.07842996875 0.4842495234375 0.09752742187499999 0.4244182171875 0.12118309062499999 0.3867818609375
9 0.21416546093750002 0.518180884375 0.18786153125 0.4738909765625 0.15353501249999998 0.46575763124999997 0.134712290625 0.478366715625 0.12288849531249998 0.4964904484375 0.11722581875 0.5298555984375 0.12088965781250001 0.5714995390625 0.1301111328125 0.5978338859375001 0.14636385624999998 0.624127325 0.165814303125 0.637902584375 0.186908053125 0.637779865625 0.20496568593750003 0.6223975484375 0.2160405515625 0.5987228046874999 0.2186590328125 0.551486946875 0.21416546093750002 0.518180884375
0 0.2341709078125 0.5708404875 0.3102218078125 0.7926127359375 0.3203214953125 0.8022758718749999 0.33047774531249996 0.8022167859374999 0.3626706015625 0.7742526546875 0.36357305625 0.7534147765625 0.3535945734375 0.7229183078125 0.3342572515625 0.6896986046875 0.24671130937500002 0.5638233203125 0.239688140625 0.5624753375 0.2341709078125 0.5708404875
1 0.32767693593749997 0.725966215625 0.31822366562500004 0.723092146875 0.3127003796875 0.7287379781250001 0.31165849375 0.7426574578125 0.3125569453125 0.7533921453125 0.3148692328125 0.75704106875 0.31908132031249997 0.7643385375 0.32468877812499997 0.7677238546875 0.3330983609375 0.761327921875 0.3346752609375 0.7498469125 0.33365635 0.736183859375 0.32767693593749997 0.725966215625
7 0.45736423750000005 0.5897565796875 0.469484296875 0.5518623484375 0.45110811406250007 0.5335073828125 0.40043074218749997 0.496879853125 0.3860720640625 0.484355484375 0.366554025 0.531747990625 0.3579942125 0.5669202125 0.3552657 0.600707165625 0.356717115625 0.612406659375 0.371905903125 0.612768278125 0.3792829296875 0.6068713906250001 0.427162040625 0.6457679015625 0.44057632656249995 0.64659121875 0.45736423750000005 0.5897565796875
8 0.10374287812500001 0.284356240625 0.11731966093749999 0.307604240625 0.1266343375 0.34625151875000004 0.12470647187499999 0.37012025937500004 0.11649456093749999 0.3982656953125 0.1041485265625 0.41954375 0.085785253125 0.45039954218749995 0.07939554531250001 0.47270401875 0.0724606515625 0.5374227312500001 0.07167949375 0.5692359203125 0.09257676406250001 0.615239171875 0.106408803125 0.6459076593749999 0.11259802187500001 0.6580642953125 0.1264794078125 0.6802508359375 0.139221046875 0.6934304265625 0.16507600625000002 0.7070642609375 0.188325271875 0.70745815 0.2136828375 0.7041301765625 0.2256409859375 0.698228859375 0.24077086875 0.710864015625 0.25287861718750004 0.730409578125 0.2646763703125 0.7520777062499999 0.2745077046875 0.75308019375 0.284109234375 0.742421915625 0.2883351046875 0.733385134375 0.3160696828125 0.6558430656249999 0.32143340781249996 0.629282203125 0.322499890625 0.599586725 0.32276207343749996 0.5545214484375001 0.319702159375 0.5168988578125 0.3092261375 0.4729571265625 0.2995922125 0.43802269374999997 0.2875646609375 0.40469240937500006 0.2686554015625 0.375643684375 0.252711965625 0.3492290046875 0.234060259375 0.3270716046875 0.2165799390625 0.3086169859375 0.1788531953125 0.2860400234375 0.15146134375 0.28036763593749997 0.12402938906250001 0.28158830625000003 0.12105122500000001 0.28107509531249997 0.10374287812500001 0.284356240625
11 0.45138265000000005 0.5654102625 0.4583573375 0.5750915765625 0.46778890000000006 0.5653148125 0.4640038546875 0.5445042046874999 0.4554101046875 0.5445542015625 0.4506660421875 0.55430369375 0.45138265000000005 0.5654102625
11 0.3733142109375 0.55614255625 0.366307203125 0.552016796875 0.36158738125 0.5575996234375 0.3599279171875 0.57427538125 0.36224742656250003 0.5784284125 0.37475550625 0.5769668 0.37638265 0.5658465984375 0.3733142109375 0.55614255625
5 0.33019334843750003 0.8063849640624999 0.31718033437500004 0.8050718296875001 0.2992843078125 0.79267636875 0.283594665625 0.803878384375 0.2770295328125 0.8580814125 0.2824174796875 0.871938484375 0.293314578125 0.8788192984375 0.3800494875 0.8755370046875001 0.40623475468750003 0.8059425687499999 0.40707256718749996 0.7962158015624999 0.38076055625 0.7533147828125 0.360254128125 0.7867662906249999 0.33019334843750003 0.8063849640624999
11 0.19242759062499998 0.574231846875 0.1963149015625 0.5761216671875 0.20115535312500002 0.5758546250000001 0.20318227812499998 0.5741692781250001 0.206462303125 0.5648269 0.2015514546875 0.5540975015625 0.194844884375 0.551506053125 0.19077451406249998 0.5579850703125 0.1905831171875 0.5677872421875 0.19242759062499998 0.574231846875
11 0.1767353265625 0.52196658125 0.17900935625 0.5238657875 0.181410575 0.5259253578124999 0.1893670875 0.5226111234374999 0.188760590625 0.5113775328125 0.185196271875 0.5001625375 0.1808974890625 0.4997097859375 0.176288846875 0.5061905453125 0.17528145312500001 0.5176724078125 0.1767353265625 0.52196658125
11 0.14310719375 0.5025587203125 0.14413568125 0.5106816296875001 0.14746880625 0.51544263125 0.149745615625 0.516864059375 0.15148770312499998 0.5178108359375 0.1535068890625 0.5173213265625 0.1553046203125 0.5087042140625 0.15267536718750002 0.49843930312499996 0.1466470125 0.4948883859375 0.1446236578125 0.4960945625 0.14310719375 0.5025587203125
11 0.1366036921875 0.5575821953125 0.1380881578125 0.5566180375 0.1405368984375 0.5515831265625 0.1377768328125 0.540841215625 0.13201861718750002 0.5370498453125 0.12860621562500002 0.54591523125 0.13045208749999998 0.552119559375 0.1351206078125 0.55830885625 0.1366036921875 0.5575821953125
11 0.1472507328125 0.5991188453125 0.14856944218749998 0.60341519375 0.151909515625 0.6069817515625 0.1555531171875 0.6045689671875001 0.1578591375 0.6009695625 0.1577706578125 0.5930814546875001 0.15335141562500001 0.59023781875 0.1508064640625 0.5885790703125 0.1486348203125 0.59217769375 0.1472507328125 0.5991188453125
11 0.182757328125 0.618994928125 0.1864051 0.6158654765625 0.1876667203125 0.607012603125 0.18448049375 0.6000980421875 0.1799380015625 0.5953426859375 0.1774870890625 0.6006164890625 0.17755748437500002 0.61161293125 0.1791568515625 0.6139952109375 0.182757328125 0.618994928125
11 0.2327891734375 0.8083404875 0.2257660046875 0.8069925046875 0.22025685312499999 0.8139687671875 0.22020029062500002 0.8236909890625 0.22560439843750002 0.8347702828125 0.239674978125 0.83329958125 0.2389826109375 0.8180263484375001 0.2327891734375 0.8083404875
11 0.02125073125 0.6442989984375 0.025865509375 0.6567717265625 0.0414581875 0.6622363796874999 0.046186089062500005 0.6552646640625001 0.036167204687499996 0.6317126390625 0.022112784375 0.630405565625 0.02125073125 0.6442989984375
11 0.0646609015625 0.299613659375 0.06398469531249999 0.2815626484375 0.056236837500000005 0.2704969890625 0.047635007812500005 0.271935875 0.042882865625 0.2830742578125 0.04435648125 0.2983429453125 0.05132308906250001 0.30941315 0.059916839062500005 0.30936315312499996 0.0646609015625 0.299613659375