2 0.4403968890625 0.7950733359375 0.44892615312500006 0.7981630546875 0.748055140625 0.3800824375 0.7463168234374999 0.36472003750000004 0.5574708187499999 0.0227151953125 0.46425395937499997 0.0189169 0.42753169843750005 0.0239317375 0.272025125 0.24371064062499997 0.199281321875 0.33306172031250003 0.1966065484375 0.3461904515625 0.1986849265625 0.3558337625 0.296396984375 0.52826935 0.43314156875 0.78330066875 0.4403968890625 0.7950733359375
5 0.6150938109374999 0.48191138125000005 0.623112984375 0.4935797359375 0.6329161953125 0.4879865078125 0.6558775156250001 0.4522331484375 0.65647648125 0.4039338328125 0.6630974000000001 0.394520696875 0.6836782875 0.39880095781249997 0.6918269109375 0.3891791953125 0.69373783125 0.376154778125 0.6883934296875001 0.35135769375 0.6118535109375001 0.21148487187499998 0.5933104234375 0.1984173515625 0.574297821875 0.21235903750000001 0.5648321000000001 0.2377604484375 0.5770511796875 0.2616187171875 0.592368821875 0.27796303125 0.5987739875 0.30403341875 0.59503845 0.31588884687499996 0.6006366109375 0.349160253125 0.597281715625 0.3737271625 0.5869684109375 0.3878990203125 0.5835703640625 0.41956263437499997 0.5757618 0.4234653046875 0.5836920984375 0.474854340625 0.6150938109374999 0.48191138125000005
0 0.5652964703125 0.26180579375 0.5530748187500001 0.26347479687500003 0.541741328125 0.2948039234375 0.44706410625000004 0.326169275 0.4404000359375 0.34267911406249996 0.4517715328125 0.3553078328125 0.4823256625 0.351135321875 0.5410560609374999 0.35729664687499996 0.5888793296875 0.3748746015625 0.5933355687499999 0.370011565625 0.5986851125 0.34375410156249997 0.59156181875 0.2851640484375 0.584603409375 0.2747689984375 0.5652964703125 0.26180579375
1 0.5833674703125 0.3274097875 0.5795076265625 0.3095007828125 0.5688999828125 0.29676775312500003 0.560200684375 0.2965375765625 0.55464053125 0.3072240140625 0.5557418734375 0.3269278859375 0.565118721875 0.341247159375 0.57517569375 0.344128253125 0.5833674703125 0.3274097875
7 0.5112103484375 0.06923096875 0.4953394609375 0.06856199375000001 0.471743740625 0.0831295546875 0.4576948984375 0.10915684218749999 0.459686975 0.1329935609375 0.47122850312500003 0.142762734375 0.5108142734375 0.20968313125 0.5194704203125 0.2170100125 0.5293573609375 0.22275065 0.5478598703124999 0.2173875984375 0.5672125328125001 0.197726828125 0.56840275 0.177710015625 0.5640759625 0.16128294062499998 0.5112103484375 0.06923096875
9 0.46839855625000004 0.432454315625 0.46203654375000003 0.399287225 0.45554507656250004 0.3874102453125 0.4306805546875 0.35960620625 0.41561667187499995 0.3517362109375 0.4024611359375 0.356369071875 0.38200455624999996 0.381853246875 0.3775051671875 0.3938129875 0.3793272125 0.4205092515625 0.4027883375 0.478286353125 0.41946365625000004 0.49728158593750005 0.437286040625 0.5033567109375 0.45256310468749994 0.50127045625 0.45477093437500005 0.48962365312499995 0.464404115625 0.486889971875 0.47081442500000004 0.46190581093749994 0.46839855625000004 0.432454315625
11 0.4586262109375 0.13172025781250002 0.46927700625 0.137356584375 0.4728425109375 0.1283607 0.4692795765625 0.1118293109375 0.4571010765625 0.10640160937500001 0.4553601875 0.1165664828125 0.4586262109375 0.13172025781250002
11 0.557792534375 0.19050425937499998 0.5653879140625 0.1965578359375 0.5709049187499999 0.19296810312499998 0.5714150124999999 0.1843894703125 0.566451253125 0.172303865625 0.556521159375 0.17365993125 0.557792534375 0.19050425937499998
11 0.682239453125 0.3592889 0.6720556015625 0.352170646875 0.6680663046875 0.355551753125 0.670865384375 0.37218745625 0.6784607671875 0.37824103125 0.68427468125 0.37602891562499996 0.6866093921875 0.3686192734375 0.682239453125 0.3592889
11 0.416084440625 0.36352391562499997 0.4149822703125 0.375185653125 0.42194875 0.38382675 0.42750413906249995 0.3799991984375 0.42811260156250003 0.368020559375 0.421054134375 0.3609264734375 0.416084440625 0.36352391562499997
11 0.3974561203125 0.3856370453125 0.3904547734375 0.382755609375 0.38603590312499997 0.389882603125 0.3902595390625 0.4015842671875 0.394942046875 0.405549590625 0.3999465921875 0.4040989375 0.4023456140625 0.396480553125 0.3974561203125 0.3856370453125
11 0.39846521562500004 0.4376833609375 0.3944021765625 0.44053989375 0.3964794234375 0.45215176718750005 0.4004850140625 0.45889411406249997 0.40594763437500003 0.46352013124999997 0.4084319984375 0.46428419062500004 0.40668293593750005 0.45114126718750003 0.39846521562500004 0.4376833609375
11 0.43440005781249996 0.47613494999999995 0.4306923796875 0.4747225015625 0.4265606796875 0.4821931828125 0.428408359375 0.49076608593750004 0.43293023750000004 0.49398611875 0.4379324484375 0.49339660937499996 0.4387264390625 0.4843693578125 0.43440005781249996 0.47613494999999995
11 0.46085452499999996 0.4718543390625 0.46414880625 0.46516455468749995 0.46254221875 0.4577102734375 0.45617294062499997 0.45282516875 0.451455565625 0.45461950937499995 0.45100775000000004 0.46043698437499997 0.454749496875 0.4699027796875 0.45672297031250003 0.4711677296875 0.46085452499999996 0.4718543390625
11 0.45323522031249996 0.39874054999999997 0.447278890625 0.3937976328125 0.4446272546875 0.4022177421875 0.4474969015625 0.4125698578125 0.4519724046875 0.41656345000000006 0.456424728125 0.4181436609375 0.458365509375 0.4107013046875 0.45323522031249996 0.39874054999999997
8 0.317979378125 0.5268238640625 0.338652525 0.57105959375 0.36146695 0.6101003203124999 0.37920784375 0.633167653125 0.4079754109375 0.65570911875 0.43537934843750004 0.6681437796874999 0.46578950781249995 0.6718333671875001 0.49574496874999996 0.6721545156250001 0.5216400875 0.663717078125 0.53618519375 0.648004384375 0.5499979890625 0.6225893609375001 0.5671976390625 0.5775935750000001 0.5714505 0.55446401875 0.573137075 0.5282529625 0.5712023953124999 0.49028209062499994 0.568519675 0.4715302 0.5623475640625 0.41011857812499997 0.555325359375 0.3762744171875 0.5518793671875 0.36154797968749997 0.5310327828125 0.298389284375 0.521295371875 0.281411978125 0.4990236171875 0.24866894843749998 0.4723381984375 0.2219205046875 0.444537925 0.2051294828125 0.4129842328125 0.1898295640625 0.384905290625 0.1843509859375 0.356489315625 0.191172778125 0.3319000546875 0.2107076953125 0.310711740625 0.2346793453125 0.29776495000000003 0.2565455734375 0.284772734375 0.2945935625 0.28276274218749997 0.339476346875 0.2838321828125 0.3809959125 0.2907083515625 0.4305477296875 0.30127898124999997 0.47959360625 0.317979378125 0.5268238640625