2 0.37370502656250004 0.8615933468750001 0.3795104875 0.87705298125 0.5907446421875 0.7386325312500001 0.5927516796875001 0.7234002187499999 0.50890310625 0.219147090625 0.5005518312499999 0.210563703125 0.49039558124999993 0.21026818593750002 0.2905704671875 0.30592859843750003 0.289802628125 0.3323174875 0.37370502656250004 0.8615933468750001
5 0.49634875 0.4356319 0.507367075 0.433172371875 0.5137249015625 0.40277593906250003 0.5208773890625 0.3988138609375 0.5218607015625001 0.39189215 0.5000128796875 0.282831390625 0.49120365625 0.2631141609375 0.4699482546875 0.2680559515625 0.4207025046875 0.294424340625 0.4100208921875 0.31218438125 0.408135090625 0.32325002812500003 0.415018103125 0.35542179375 0.425874778125 0.35851781875 0.43236725312499996 0.35036634218749996 0.45111725312499995 0.35091191093749996 0.4730864890625 0.37518225156249996 0.4770599765625 0.426730265625 0.49634875 0.4356319
0 0.42882453906249995 0.418376434375 0.42347667187500004 0.5752981453125 0.43353868437500004 0.5519598203125 0.45289504999999997 0.451048303125 0.4727227765625 0.38768225156249997 0.472345653125 0.37377063125 0.449756815625 0.343922003125 0.433929753125 0.35041180625 0.42514735156250005 0.38351781875 0.42882453906249995 0.418376434375
1 0.4535552390625 0.37461395 0.44413982656249995 0.3757300546875 0.43900778906250004 0.390871440625 0.4394657390625 0.40200528437500005 0.4454732640625 0.41052047343750003 0.45739407656250003 0.403917009375 0.45874110156250003 0.384495296875 0.4535552390625 0.37461395
9 0.44036787187500004 0.5591088515625 0.422291296875 0.589164303125 0.4216985203125 0.63640925625 0.43268984374999997 0.6617502375 0.45181696875000005 0.676207428125 0.47960525625 0.661725271875 0.4898693328125 0.6314425015625 0.4934388703125 0.6162556515625 0.491364596875 0.5800536125 0.48243413437499993 0.56450305 0.467873271875 0.5543489187499999 0.44036787187500004 0.5591088515625
7 0.3351553640625 0.41287080937500004 0.34145918750000004 0.4380753984375 0.35790584999999997 0.43716388281249996 0.3928870390625 0.41733075937499997 0.39543285156249997 0.41045451093749996 0.400053115625 0.35915655 0.393183515625 0.35339640625 0.387458878125 0.33515899375 0.342281028125 0.3560854890625 0.338172715625 0.3629162734375 0.3351553640625 0.41287080937500004
11 0.39799225312500003 0.34936613125 0.399177628125 0.335499975 0.391405540625 0.333883765625 0.389479328125 0.3463383015625 0.39799225312500003 0.34936613125
11 0.3563029375 0.4385073078125 0.34634875 0.4312673453125 0.342981275 0.43950975156250005 0.34430130000000003 0.4478885484375 0.35281422500000004 0.4509163796875 0.3563029375 0.4385073078125
11 0.49326451718750003 0.2729045796875 0.48713575468750003 0.26855605625 0.4814649421875 0.2753413765625 0.48180165468749997 0.2906418859375 0.4920387296875 0.288159625 0.49326451718750003 0.2729045796875
11 0.44963451093750006 0.5702807625 0.449491490625 0.5751960406250001 0.452192340625 0.580512390625 0.4555714078125 0.580927646875 0.45858594375 0.58008540625 0.46015841875 0.576617078125 0.46092425 0.568704871875 0.4590963375 0.5640491796875 0.4564674484375 0.5623866234375 0.45202029843749997 0.56495395 0.44963451093750006 0.5702807625
11 0.43975594375 0.6052384187500001 0.44177629218750003 0.6011575921875 0.4402833859375 0.591115415625 0.437408978125 0.5856369375 0.43164635156250003 0.59356221875 0.43123075625 0.5986280328125 0.43323679375 0.6032889078125 0.43680000156250004 0.6065661046875 0.43975594375 0.6052384187500001
11 0.4416303265625 0.6475578750000001 0.4449039734375 0.6439374859375 0.44467473281250003 0.6364717296875 0.44169744062499994 0.631465659375 0.43521188281249995 0.6304846109375 0.4324744921875 0.6356413359374999 0.43500709843749996 0.6436495156250001 0.439729640625 0.6469618374999999 0.4416303265625 0.6475578750000001
11 0.46419775 0.663255021875 0.4659661984375 0.659151575 0.46571712343750005 0.649304059375 0.4615826453125 0.64727936875 0.4572951109375 0.6504879906250001 0.45466060312499995 0.6551723046875 0.45668651718750003 0.6622135484375 0.45869962031249994 0.663541253125 0.46419775 0.663255021875
11 0.47863042968749997 0.6195279031250001 0.4770257421875 0.6194812109375001 0.4767531671875 0.619631746875 0.473578896875 0.6244588249999999 0.4737513640625 0.63081226875 0.47568220156249996 0.6349941625 0.47863501093750005 0.637778196875 0.4821161796875 0.6377210203125 0.48530048593749997 0.6325759093750001 0.48467727656250004 0.6263692078124999 0.4817461359375 0.619777028125 0.47863042968749997 0.6195279031250001
11 0.47174542031250005 0.5893327515625 0.4724693234375 0.59205193125 0.47504943437499997 0.5957939953125 0.47791900781249996 0.594908615625 0.4802309625 0.5921193031249999 0.48096450312499994 0.5853168203125 0.47885554218750004 0.58112974375 0.47610994843750004 0.58041459375 0.47335650625000003 0.5830325937499999 0.47174542031250005 0.5893327515625
8 0.48287585625 0.788622146875 0.49971075000000004 0.7737767953125 0.514930359375 0.756642271875 0.5338950812500001 0.7336311015625 0.539786146875 0.704630615625 0.5463838187500001 0.67303180625 0.5537380625 0.629861871875 0.5546949109375 0.5969771484375 0.55266686875 0.5655012859374999 0.5466139859375 0.5350314828125 0.54214373125 0.5079730765625 0.5356007921875 0.4943185296875 0.5231179 0.475254771875 0.5103261906250001 0.45954876718750004 0.49281398593750003 0.44707075781250005 0.4736857578125 0.4323021609375 0.46086857031250006 0.43192921875 0.4268397859375 0.437088728125 0.41403389375 0.451510575 0.39653591875 0.4674584109375 0.3860737640625 0.4873502453125 0.3613295140625 0.5427304953125 0.3567717453125 0.5837382343749999 0.3527103875 0.6221429265625 0.353470228125 0.6610604375 0.3597440984375 0.6911641328125 0.36749640625 0.71382951875 0.3754697421875 0.73612740625 0.38881935 0.7615745375 0.403921996875 0.7773477843750001 0.42728518125 0.7911178234375 0.4446054046875 0.7957363828124999 0.4613930375 0.7969727078125 0.48287585625 0.788622146875