2 0.564357834375 1 0.589532253125 0.8765916624999999 0.5899222703125 0.857793125 0.6057849078124999 0.7739182453125 0.7050986703125 0.2712637828125 0.7028494953125 0.260203828125 0.69570984375 0.24870276093750002 0.6889369453125 0.250086015625 0.6844280234375 0.24236740625 0.6693834859375001 0.236800528125 0.6535969749999999 0.21698604062500002 0.42989166250000005 0.022208596875 0.3124947765625 0.0461850234375 0.192037878125 0.6510717890625 0.199169071875 0.674093896875 0.4457772875 0.9318697546875001 0.514985303125 1 0.564357834375 1
5 0.33206607187500004 0.54759775 0.333954834375 0.537132603125 0.337715440625 0.5392443874999999 0.340731959375 0.529988825 0.3524016828125 0.520405903125 0.3482785484375 0.4996492734375 0.322361240625 0.4430261609375 0.3046901984375 0.42791630625000004 0.29565967031249996 0.42976064531249997 0.2885030984375 0.441301659375 0.2689475234375 0.43089642968749997 0.2648074734375 0.4331818828125 0.256122553125 0.476713146875 0.257237625 0.49520429374999997 0.25196135625 0.5078011984375 0.2692254640625 0.5647516765625 0.2699695484375 0.5761190203125001 0.2616883921875 0.58213005625 0.244760378125 0.5798276734375001 0.2379663328125 0.61001353125 0.24396765468749998 0.6347063125 0.2503547640625 0.646361075 0.346216384375 0.74629575 0.357871303125 0.7568746484375 0.3841997765625 0.765896621875 0.386836853125 0.7610383 0.3936330109375 0.727972184375 0.392530628125 0.692199475 0.3729835125 0.67027320625 0.36583540000000003 0.670293178125 0.34628828437500003 0.6483669078125 0.3470492859375 0.6366921718749999 0.3523170953125 0.63561630625 0.3365496171875 0.58987948125 0.3354451203125 0.55698703125 0.33206607187500004 0.54759775
0 0.3346777734375 0.57730255 0.3433055984375 0.6115383078125001 0.3496927078125 0.6231930703125 0.3560650140625 0.6550096515625 0.366212728125 0.6687762 0.37900174999999997 0.6719239046875 0.40196809218749996 0.648514515625 0.4087621375 0.618328659375 0.46224352343749997 0.5382900703125 0.4705363125 0.516437603125 0.48333590624999995 0.5051840078125001 0.482971265625 0.489419425 0.478087128125 0.48033753125 0.467180525 0.475365459375 0.3949045671875 0.533324084375 0.33206184375 0.5533582703125 0.3346777734375 0.57730255
1 0.34670790625 0.589244728125 0.35421643125 0.610749859375 0.3688794125 0.6235942359375 0.3824315484375 0.61218694375 0.383945096875 0.6003585140625 0.3719255359375 0.574015034375 0.3617714765625 0.5688892671875 0.3504833140625 0.5711946921875 0.34670790625 0.589244728125
9 0.40031828750000004 0.333510271875 0.4115726140625 0.377289009375 0.420586228125 0.3984867484375 0.4514045890625 0.44114967343749995 0.4758442984375 0.460636796875 0.5029295453125 0.46374455625 0.5149744796875 0.45552491406250006 0.5258980015625 0.43745490625 0.52930876875 0.40364028750000003 0.5240705640625001 0.3643925125 0.5060517984375 0.310475990625 0.48011968749999995 0.274014696875 0.4586880390625 0.2567930546875 0.42445045312499996 0.2594657890625 0.4108983140625 0.27087308125 0.401098321875 0.295913196875 0.40031828750000004 0.333510271875
7 0.42523563593749997 0.7272775125 0.41846696874999995 0.722900246875 0.41319281406249997 0.7326168921875 0.4079017453125 0.76537561875 0.41128290781250004 0.7718846421875 0.4417302828125 0.8074237640625 0.516750971875 0.8741727796875001 0.5338841640624999 0.8332401546874999 0.5418059671875 0.804263884375 0.5433300875 0.7780341546875 0.5380580484374999 0.7848705375 0.5267804609375 0.7727746640625 0.5241518421875 0.7661119453125 0.525667503125 0.7514032562499999 0.49370446562500003 0.7305728234375 0.454250403125 0.6925865484375 0.44431772187499996 0.6933883328125 0.436471384375 0.6882433828125001 0.42523563593749997 0.7272775125
11 0.4143036578125 0.7568685609375 0.4127943390625 0.762936471875 0.41842678906249997 0.7776251890625 0.42481812812499997 0.7835194296875 0.4319683546875 0.7806191984375 0.43347978749999994 0.771671028125 0.4278473375 0.756982309375 0.4218312125 0.7524513500000001 0.4143036578125 0.7568685609375
11 0.536552959375 0.785177928125 0.5440805171875 0.7807607187500001 0.5444663046875 0.7677227015625 0.538456525 0.7545509609375001 0.5309353125 0.750327390625 0.5241581859375 0.7574711656249999 0.5290338625000001 0.7780740984375 0.536552959375 0.785177928125
11 0.449180790625 0.395526596875 0.4435419953125 0.38947865937500004 0.4352640109375 0.3911693046875 0.4363875390625 0.3981394125 0.44202422031250005 0.40706761093750005 0.45180729375000006 0.4050695765625 0.449180790625 0.395526596875
11 0.4739999453125 0.41061648125000005 0.476251234375 0.41879617812500003 0.48489809062499994 0.42710959531250003 0.48978857031249995 0.4275507078125 0.49167733125 0.4170855609375 0.4898012578125 0.410269146875 0.482659490625 0.40164833906249997 0.47588659218749996 0.4030315953125 0.4739999453125 0.41061648125000005
11 0.49697474531249997 0.37568605312500003 0.5003580234375 0.3793148140625 0.50750825 0.37641458125 0.4999976109375 0.35778971249999997 0.49435035781250003 0.363262815625 0.49697474531249997 0.37568605312500003
11 0.48010277031250004 0.29705677812500003 0.472956771875 0.294196490625 0.47069491250000006 0.300418096875 0.4733214140625 0.3099610734375 0.4785828796875 0.3175259890625 0.48761340937500003 0.3156816484375 0.48010277031250004 0.29705677812500003
11 0.44699505625 0.29805883906249997 0.440987390625 0.282006840625 0.43233207656249995 0.28521446250000004 0.4342060359375 0.29491113593749996 0.43909228593750005 0.3011127671875 0.4436054359375 0.3030708578125 0.44699505625 0.29805883906249997
11 0.42778297812500005 0.3322207953125 0.4217689671875 0.324809575 0.41461874062500004 0.3277098078125 0.41686579999999995 0.3416500234375 0.42438489687500003 0.3487538515625 0.4296527078125 0.3476779875 0.42778297812500005 0.3322207953125
11 0.2454833171875 0.6199976203124999 0.2492354640625 0.6336304453125 0.26126771249999997 0.6426923671875 0.2691704828125 0.6396384375 0.270681915625 0.63069026875 0.2691831703125 0.6223568765625 0.2575303671875 0.60889771875 0.2484998375 0.6107420609374999 0.2454833171875 0.6199976203124999
8 0.5242227671874999 0.1488869203125 0.5040795296875 0.1323524859375 0.4853835046875 0.1164497828125 0.43467404531250003 0.084821359375 0.3845164625 0.08756904531250001 0.35754560625 0.10288034374999999 0.334485625 0.127774690625 0.3181891765625 0.17377771250000001 0.30054299375000004 0.21140539062500002 0.295243896875 0.254586415625 0.2943090359375 0.3032189375 0.2986510625 0.34558428750000003 0.312165796875 0.40971965 0.33141115625 0.46345765468750005 0.35036415781249997 0.5034149140624999 0.3718794296875 0.5399661625000001 0.38271549843749997 0.5539002671875 0.422268325 0.5987952390625 0.43491564687500006 0.6094450375 0.45388163593749997 0.6286389625 0.49679926874999997 0.642365184375 0.5279752421875 0.6458009296875 0.5597618140625 0.636426325 0.5972834359375 0.608578421875 0.620351509375 0.5721501499999999 0.6307642359375001 0.5406118328125 0.6396824140625 0.49092481250000003 0.6445344578125 0.43918552968749996 0.642011521875 0.380302903125 0.628483046875 0.33693102812500003 0.6005501484375 0.253938603125 0.5654650890624999 0.19236554374999998 0.5537269109375 0.1763089375 0.5242227671874999 0.1488869203125