2 0.5318703874999999 1 0.9085874765625 0.569884934375 0.9348577375 0.5334734640625001 0.9486687953124999 0.5027469140624999 0.9585958078125 0.4716118015625 0.955448221875 0.444697775 0.7282973015625 0.10040945781249999 0.7172908312499999 0.09365527812499999 0.5173382328125 0.3244605234375 0.51636974375 0.33275325625 0.3710661484375 0.506347465625 0.32408435 0.5517731015625 0.3153175078125 0.5662410343750001 0.31335026250000003 0.5898188265625001 0.33839980625 0.6917900078125 0.39421902656249996 0.9746837640624999 0.401484053125 1 0.5318703874999999 1
10 0.5731675234375 0.7486646015625 0.5335301 0.7850690828125 0.4779933234375 0.796016378125 0.44591213593749995 0.77445343125 0.4234048671875 0.731511940625 0.41264052500000004 0.6688191640625 0.419187921875 0.5925573 0.40872622812500004 0.5676721015624999 0.4002116 0.5597809390624999 0.38062996718750003 0.559120246875 0.35772923749999996 0.6070789734375001 0.360775940625 0.6213904734375 0.3586472796875 0.6463503875 0.3517568859375 0.6582175015625 0.35976708749999997 0.71082685625 0.3579007265625 0.747007175 0.3527253609375 0.757655590625 0.429235946875 0.9643761828124999 0.45322621874999997 0.9878862484375001 0.4691154875 0.9797639312499999 0.47554181875 0.9314713625 0.49256099375 0.9136741890625 0.514442784375 0.9215723453125 0.5309474484375001 0.9149138625000001 0.564602434375 0.8960684125 0.6001943984375 0.8606374906250001 0.618474625 0.8387756640624999 0.6490122921875 0.7860238609375 0.673527171875 0.7242439093749999 0.6985363796875 0.69189709375 0.7074041046875 0.6900316859375 0.6951668468750001 0.6803498390625 0.6932197828125 0.66335580625 0.6987179765625 0.6499431453125 0.7146375109374999 0.63482850625 0.715474853125 0.6209255687499999 0.7050434250000001 0.5890480484375 0.6942589031249999 0.5669271 0.6594336625 0.56886023125 0.63539294375 0.5929143156250001 0.6214204718749999 0.6250229890625 0.6151555546874999 0.6719334359375 0.6100104578125001 0.675589528125 0.6052588078125 0.696076225 0.596976209375 0.706397790625 0.59380844375 0.7200555890625 0.5731675234375 0.7486646015625
5 0.7428750187500001 0.574839240625 0.7481512640625 0.576793353125 0.76926633125 0.61818929375 0.7921771453125 0.6038100671875 0.813322490625 0.5304828609375 0.8321777609375 0.48349769531250003 0.838382146875 0.45057189375 0.8465335953125 0.43464012968750004 0.8471389031250001 0.4025244625 0.8321475078124999 0.38275919531249997 0.81679293125 0.33917099375 0.804424525 0.32387894375 0.7637177296875 0.3559736296875 0.761195621875 0.364102940625 0.76324356875 0.3936994984375 0.7720204953125 0.412811065625 0.7714757171875 0.43094208125 0.7633646203125 0.47346102500000004 0.753205575 0.486383409375 0.7382948796875 0.519792490625 0.7345520703124999 0.5585736296875 0.7428750187500001 0.574839240625
0 0.73527845625 0.3907578421875 0.7166350484375 0.3887967390625 0.6591310265625 0.423321828125 0.6165477828125 0.45801733593750005 0.5768397421875 0.47482696406249997 0.5576212921875 0.4979892 0.5568142171875 0.5048998140625 0.5672052937500001 0.51019015625 0.676856378125 0.49374234218749996 0.730325028125 0.49377031093749996 0.752327884375 0.47369916874999995 0.759732790625 0.450693365625 0.757745375 0.407112159375 0.73527845625 0.3907578421875
9 0.5599315359375 0.5388061640624999 0.5416714890625001 0.5200961671875 0.5180444 0.5204090328125 0.49574898125000005 0.5362520953125001 0.47352417812500003 0.5716900078125 0.46372831249999996 0.6084353234375001 0.4620233640625 0.6432335203124999 0.470124365625 0.6748659 0.48803131562499996 0.7033324671875001 0.518034290625 0.70229118125 0.53470036875 0.694250575 0.5540802328125001 0.66970621875 0.5718963984375 0.6114189328124999 0.5741864734375 0.5850768953125 0.5599315359375 0.5388061640624999
11 0.459854315625 0.9647987312499999 0.46321376406250003 0.9427664859375 0.459682815625 0.932601353125 0.4506839421875 0.9288565578125001 0.44382381249999997 0.933731346875 0.43735713125000003 0.955436740625 0.4410192265625 0.9712120765625001 0.4498566859375 0.97633899375 0.459854315625 0.9647987312499999
11 0.7194395953125 0.674508484375 0.7212454265625 0.6523128125000001 0.71554546875 0.64052041875 0.7077773828125 0.63970329375 0.6959033046875 0.653844375 0.694743134375 0.6705115562499999 0.7018352953125 0.683849496875 0.7120952234375 0.6835296390625001 0.7194395953125 0.674508484375
11 0.3542689078125 0.6165086921875 0.34711621406250004 0.6171554 0.3394490109375 0.6289408015625 0.3423040328125 0.651626746875 0.350233534375 0.65106175 0.3568011 0.6419588828125 0.35919205781249997 0.6282193703125001 0.3542689078125 0.6165086921875
11 0.70453905 0.20284294374999998 0.6941177078125 0.20454492656249998 0.6889423453125 0.215193340625 0.6933812500000001 0.23105038906250003 0.698818909375 0.23162237812500003 0.7061632828125 0.2226012203125 0.70761601875 0.21016211875000002 0.70453905 0.20284294374999998
11 0.654096909375 0.365429121875 0.661602696875 0.35502584531250003 0.6617943796875 0.346651396875 0.6574866234375001 0.3364045515625 0.6501725140625 0.338433384375 0.6445431734375 0.3462358421875 0.6432518546875 0.3572928203125 0.6478824390625 0.364775421875 0.654096909375 0.365429121875
1 0.73345244375 0.4535253375 0.7372356046874999 0.44133137343750006 0.7352280078125 0.438321990625 0.7361964984375 0.4300292578125 0.7281661140625 0.4179917265625 0.713860728125 0.41928514375 0.6999487890625 0.4374091671875 0.6989500328125 0.4526942265625 0.702188415625 0.4586312796875 0.706233875 0.45765772031249996 0.7077572265625001 0.4648134703125 0.7138102796875 0.4668492921875 0.7192479406250001 0.46742128125000004 0.7232933984375001 0.466447721875 0.73345244375 0.4535253375
11 0.52670025 0.6752207218749999 0.532037028125 0.663190184375 0.5314519 0.654734025 0.5280521 0.65017909375 0.5224530265625 0.650989228125 0.5180544703125001 0.66171935625 0.5186396 0.6701755140625 0.5220393984375 0.6747304468750001 0.52670025 0.6752207218749999
11 0.549308415625 0.6230339140625001 0.5566527875 0.614012759375 0.55561368125 0.6027106437499999 0.5522138828125 0.5981557125 0.546291978125 0.601730090625 0.54360845625 0.6112415234374999 0.5449703921875 0.6197793953125 0.548693021875 0.6215700796875 0.549308415625 0.6230339140625001
11 0.4864777109375 0.59543821875 0.47994041093749995 0.5975487609375 0.4769643265625 0.6028321125 0.4761572515625 0.609742725 0.48172606093750003 0.615924915625 0.4829568484375 0.6188525859375 0.4893629984375 0.6111318406249999 0.4864777109375 0.59543821875
11 0.4841674546875 0.66235208125 0.48802123125 0.66975296875 0.491905275 0.67016153125 0.497857446875 0.659594828125 0.4930957109375 0.646502025 0.4852973578125 0.6526772234375 0.4841674546875 0.66235208125
11 0.5411367984375001 0.5718066828125 0.5467661390624999 0.5640042249999999 0.5474117984375 0.558475734375 0.5466652562500001 0.5514016984375 0.5424886484375 0.5467650546875 0.53656674375 0.550339434375 0.5324910187499999 0.5583053171875 0.53647594375 0.57131640625 0.5411367984375001 0.5718066828125
11 0.504919353125 0.57219426875 0.5133331 0.5674829046875 0.5156937921875 0.56073571875 0.5109320578125 0.5476429171875 0.50627120625 0.547152640625 0.5008032796874999 0.5535729765624999 0.49935054375 0.5660120765625 0.5041425453125 0.57211255625 0.504919353125 0.57219426875
8 0.46043992031250003 0.779665446875 0.48381120624999996 0.7928815671875 0.5002404171875 0.7971911015625001 0.5267116656249999 0.790078371875 0.5474575125000001 0.78021156875 0.5637498562500001 0.7608409015625 0.5863008890625 0.7313694953125001 0.5942107203125 0.71541930625 0.6037099734375 0.685866353125 0.6137635171875 0.6494867265625001 0.6242777359375 0.6174577953125 0.631886428125 0.5937305046875 0.6479982296875 0.5717581046875 0.6526071671875 0.5675083609375 0.673113596875 0.5576177703125 0.6898088984374999 0.5555012390625 0.697127053125 0.554979665625 0.693383434375 0.5248941390625 0.6928406484375 0.506763446875 0.6871355875 0.47690252187500004 0.671041075 0.4283046546875 0.64750469375 0.39785801875 0.629300578125 0.383894059375 0.602502921875 0.366875728125 0.5875664140625 0.3601404703125 0.5781448609375001 0.3558813609375 0.5462089890625 0.3600937109375 0.5194082125 0.36588040781250003 0.493518075 0.3825205859375 0.4617371640625 0.41231246875 0.42980159531249995 0.45585804531249996 0.40720340000000005 0.4960821828125 0.38521486562499996 0.5393813171875 0.3816150625 0.5536344578125 0.3939913390625 0.55536584375 0.4071643296875 0.5606242265625 0.4192091890625 0.583837534375 0.4200538890625 0.6097454124999999 0.415387221875 0.6497039499999999 0.41745759531250004 0.6796134687500001 0.4230933875 0.7142016718749999 0.430299990625 0.7394873859375 0.44396760312500005 0.7633023156250001 0.46043992031250003 0.779665446875
7 0.717288940625 0.21948748125 0.7034455046875 0.20964787031249998 0.6766701875 0.23350384375000002 0.64147005625 0.26714176093750003 0.6177676421875 0.3050377640625 0.6305953625 0.33458320937499997 0.64430215 0.3566016171875 0.6525410218750001 0.370422546875 0.6725396453125 0.386244396875 0.678959525 0.38996695 0.6796014968749999 0.3587897390625 0.673105521875 0.333721484375 0.6884378109375 0.312471571875 0.7245393515624999 0.28578687187499996 0.7377142390625 0.269455915625 0.717288940625 0.21948748125