2 0.513676296875 0 0.47302476562500007 0.035791271875 0.3037173921875 0.21607330781249998 0.1699300640625 0.3468399890625 0.06999648750000001 0.45719601406250004 0.0656601703125 0.4677656859375 0.068626521875 0.47656290468750007 0.09914769531249999 0.5143616718749999 0.1208428515625 0.5746753671875 0.2235987921875 0.7930183468750001 0.2405778359375 0.8177462953125 0.2536911328125 0.8559038250000001 0.2537119984375 0.869877134375 0.25791580937499997 0.8746563546875 0.268941284375 0.8678165531250001 0.27669365468749996 0.8549307 0.47953758906250005 0.6500025203125 0.6033939546875 0.530419878125 0.619215884375 0.5088836625 0.6547776640625 0.4873149203125 0.5446293234375 0.0025003515625 0.543425634375 0 0.513676296875 0
5 0.27744802343749997 0.42335118281249995 0.2879194609375 0.3577582375 0.2820076265625 0.354137109375 0.28059592499999997 0.3455573828125 0.2619505890625 0.34993414375 0.2501269203125 0.3426918875 0.24466478593750002 0.327957359375 0.2392235203125 0.327196140625 0.1962369953125 0.37287288125 0.185580878125 0.41888144531249993 0.1762842953125 0.43853646093750004 0.15000866562499998 0.43346353125 0.137438975 0.44707249375 0.133757903125 0.48008645781250003 0.1758794609375 0.5837718828125 0.1841337 0.5947059015625 0.18741723906250002 0.6077386109375 0.2162095203125 0.6327221609375 0.2520571859375 0.594428946875 0.2512589953125 0.5803468921875 0.24674843124999998 0.5783188375 0.24361826875 0.5639105453125 0.23226516875 0.559528196875 0.22866443749999998 0.5422599984375001 0.2354652375 0.5166676703124999 0.2433083828125 0.46048630625 0.261779471875 0.44351181874999995 0.266729303125 0.4274398171875 0.27744802343749997 0.42335118281249995
7 0.2477939046875 0.6539052015625 0.2506173125 0.6710646578125 0.280709653125 0.733950134375 0.28926021562500004 0.7351463359375 0.3119351140625 0.722951065625 0.33786225000000003 0.702828540625 0.330855903125 0.6948631765625 0.3312951703125 0.676763121875 0.345736696875 0.667607140625 0.3351609203125 0.6633335390624999 0.32783999218750004 0.652879346875 0.3075643625 0.606385371875 0.2867404328125 0.6090603156250001 0.2704688046875 0.6417099312500001 0.257100921875 0.6412368390625 0.2477939046875 0.6539052015625
9 0.4128839046875 0.3556818890625 0.40421126718749995 0.37682123437500004 0.4000804953125 0.420948596875 0.40931760625 0.465549053125 0.44012466874999995 0.4866233484375 0.455047196875 0.4873139328125 0.47088999375 0.47975102343750003 0.4898107828125 0.4516631359375 0.500498203125 0.4266145375 0.5031056281249999 0.403229646875 0.4997803515625 0.3622503171875 0.49134143437500005 0.331731915625 0.4815221125 0.31359375156249997 0.47000520156250003 0.3036003296875 0.44979478281249996 0.3007729453125 0.4263425609375 0.312859471875 0.41642203125000005 0.3310301625 0.4128839046875 0.3556818890625
0 0.23824690781250002 0.5058805078125 0.24171512968750003 0.5384975984375 0.255881203125 0.553052746875 0.25574869218749996 0.5684016390625 0.26990433281250004 0.5759701296874999 0.28403910312499997 0.5695653125 0.2840182359375 0.5555920046875 0.3062121328125 0.5335501687499999 0.40548315625000003 0.4999386 0.41215144531250003 0.48969516406249997 0.40497085312500003 0.46913207031250004 0.36814031406250003 0.47375885 0.2793720296875 0.4627374390625 0.25588850625 0.4538639984375 0.243625571875 0.464721796875 0.23824690781250002 0.5058805078125
1 0.25410014062499997 0.5053042546875 0.25163565781249997 0.520326909375 0.2613016 0.53984065625 0.2746694828125 0.5403137484375 0.284129878125 0.5262698046875001 0.2859704125 0.509762821875 0.27895363125 0.4948108015625 0.26589250625 0.491586546875 0.25410014062499997 0.5053042546875
11 0.353366990625 0.67705683125 0.3451127515625 0.6661228140625 0.34278078125 0.6657965765625 0.3368793796875 0.669162103125 0.3328498171875 0.6769806125 0.33177617187499997 0.686609684375 0.3376984390625 0.6972174671875 0.3439170296875 0.6980874328125 0.350431940625 0.689219578125 0.353366990625 0.67705683125
11 0.2457269546875 0.6228811828125 0.2392120421875 0.6317490375 0.2389157203125 0.6414868546875 0.24296615 0.6476416546875 0.2507393890625 0.648729109375 0.2549223296875 0.6395350203125 0.2493172515625 0.6331627296875 0.24650427812500003 0.622989928125 0.2457269546875 0.6228811828125
11 0.4258855578125 0.4231616171875 0.42183512656250005 0.41700681875 0.417171184375 0.41635434531250004 0.4109734625 0.42945769062499994 0.41985164687500004 0.44187603593749997 0.4258959921875 0.4301482734375 0.4258855578125 0.4231616171875
11 0.4425578484375 0.4506407296875 0.43914179531249997 0.4529569109375 0.4372908265625 0.4624772375 0.44041055625 0.46989887656249996 0.4450744984375 0.4705513484375 0.448950684375 0.46410842187499995 0.4498709515625 0.45585493125000004 0.4464444671875 0.45118445781250005 0.4425578484375 0.4506407296875
11 0.4820166796875 0.43660237031250004 0.47796624843749996 0.4304475703125 0.47485695312500004 0.4300125875 0.47237160312500004 0.431061934375 0.470837825 0.4448177515625 0.478150928125 0.450031953125 0.4820166796875 0.43660237031250004
11 0.49048376875 0.38190533437499996 0.4872106625 0.3758592796875 0.48254671875 0.37520680624999997 0.4800822390625 0.3902294609375 0.485994071875 0.39385058906250003 0.48956350000000004 0.3901588265625 0.49048376875 0.38190533437499996
11 0.4261210734375 0.35959296875 0.42121098906250004 0.365332440625 0.4214845515625 0.380112265625 0.42628358593750004 0.384941228125 0.43237542187500005 0.382013071875 0.43589136249999993 0.3715437734375 0.4334431453125 0.3647762921875 0.42662458281250004 0.3589076109375 0.4261210734375 0.35959296875
11 0.4648961734375 0.3398414640625 0.4576174203125 0.337540703125 0.453341034375 0.345257625 0.4549176046875 0.3598425375 0.4593767265625 0.361977953125 0.46802140625 0.3514689578125 0.46869087187499997 0.34929521874999997 0.46581976562499994 0.340578384375 0.4648961734375 0.3398414640625
8 0.5785735468750001 0.2340709140625 0.5666765984375 0.205756646875 0.5475245906249999 0.17050396875 0.53174820625 0.1469766828125 0.4846963265625 0.1309181328125 0.444111203125 0.12287100312499999 0.40526433281249996 0.13224224843750002 0.3745432375 0.15874077343749998 0.357392396875 0.1865454 0.336431578125 0.221516103125 0.3164892359375 0.27735855 0.3024720484375 0.33106679375 0.294570228125 0.3779328734375 0.29273154375 0.4274242078125 0.2958651953125 0.453327821875 0.29812735468749996 0.46904245624999996 0.3192335859375 0.5347725078125001 0.3252017328125 0.5622587484375 0.3411812828125 0.5899608703125 0.379408634375 0.6071528734375 0.40221526250000006 0.6186348859375 0.4313317296875 0.6215235156250001 0.45148600156249996 0.6207903734375 0.485648684375 0.605432721875 0.5044675453125 0.59266726875 0.52715319375 0.566229290625 0.5471858640625 0.5275746781249999 0.5735865859375 0.47382182500000003 0.5866368203125 0.43478273125 0.6028655765625001 0.36124696093750003 0.6025450765625 0.3221143703125 0.5914807453125001 0.2773337296875 0.5785735468750001 0.2340709140625
11 0.160769121875 0.457321515625 0.15516404374999998 0.4509492234375 0.152832071875 0.45062298749999996 0.1484853203125 0.45420600625 0.14322873281249998 0.47302916718750004 0.1433925453125 0.478640240625 0.153661565625 0.48566500625 0.158785640625 0.48219073437500004 0.162180825 0.46590124218750006 0.160769121875 0.457321515625