2 0.3903465234375 0.3258776625 0.3806741796875 0.334543659375 0.3197353796875 0.51915303125 0.30082438125 0.5799203484375 0.30384005 0.60126539375 0.5159558 0.7464155453125 0.5193849921875 0.74401735 0.5960274890624999 0.4856702421875 0.5901978640625 0.46819480625 0.3903465234375 0.3258776625
5 0.37312994375 0.426029153125 0.3679256359375 0.4436144125 0.365152021875 0.47407931875 0.3865743921875 0.47938224375000005 0.39915146562500003 0.44586468437500004 0.4217337125 0.4345091265625 0.4443865578125 0.44275488125000007 0.45638873437500005 0.4343612046875 0.45813358906249996 0.4261681234375 0.454694315625 0.3949770328125 0.44990353125000004 0.3888190546875 0.43067987968750004 0.37817510468750004 0.41634786874999996 0.3862964625 0.40711930625 0.3642252328125 0.3987379546875 0.361846090625 0.39155682187499996 0.3694037640625 0.37312994375 0.426029153125
0 0.423286934375 0.43469067343749995 0.39915146562500003 0.44586468437500004 0.3939774171875 0.45645595937500005 0.39187955625000004 0.4744043109375 0.394310246875 0.48728395625000004 0.41411887812500003 0.50639330625 0.44138095625 0.562760953125 0.4574679046875 0.5800357921875 0.42931827499999997 0.477380765625 0.423286934375 0.43469067343749995
1 0.4128028890625 0.4774908703125 0.4160091828125 0.47567960625000005 0.418284696875 0.47198497812499995 0.4190931390625 0.4637482234375 0.4179934375 0.4587032265625 0.4143694671875 0.4555478125 0.41043682812500004 0.45699987656249996 0.40855595625 0.4606048796875 0.406550259375 0.46856454531249997 0.40799467656250005 0.47460709375 0.4128028890625 0.4774908703125
7 0.342529421875 0.5666014109375 0.344828996875 0.5738677156249999 0.356871515625 0.5920693359375 0.3633768953125 0.59702821875 0.3757018203125 0.5858732578125 0.379867284375 0.5569705390624999 0.38727031093750003 0.5340442546874999 0.384355496875 0.5253065359375 0.38001857656250004 0.5220006125000001 0.37755762656249997 0.516114953125 0.37470333125 0.49338926406250005 0.3646073828125 0.4922092171875 0.3496702171875 0.5324484421875 0.348379225 0.54349358125 0.3447886578125 0.54727241875 0.342529421875 0.5666014109375
9 0.464669215625 0.5318948531250001 0.46182500156249995 0.542758446875 0.45878915468750003 0.56199666875 0.460090228125 0.5845408125 0.4665653515625 0.59649368125 0.47540056406250003 0.60172488125 0.48627312500000003 0.6029957031250001 0.4953302296875 0.5928582921875 0.50002015625 0.5864089421875 0.509137778125 0.5622835625 0.51059014375 0.5498577796874999 0.5097126750000001 0.5371596796875 0.5069592359375 0.5270413171875 0.5012607265625 0.5151792234375 0.4918102734375 0.50847660625 0.48216818906250003 0.510148615625 0.4698432640625 0.5213035781250001 0.464669215625 0.5318948531250001
11 0.3646073828125 0.4922092171875 0.3617934265625 0.49607882343750004 0.360663809375 0.5057433203125 0.3650007296875 0.5090492421875 0.368591296875 0.5052704078125 0.36923679374999996 0.4997478375 0.370174778125 0.49845796875000004 0.3692670515625 0.492753853125 0.3646073828125 0.4922092171875
11 0.37347284375 0.5982082656250001 0.3756715625 0.5928672421875001 0.3763170578125 0.5873446718750001 0.37586319375 0.5844926140625 0.3736947328125 0.582839653125 0.3713649 0.582567334375 0.3696503015625 0.58376643125 0.366836346875 0.587636040625 0.36602947656249996 0.5945392515625 0.3678751890625 0.5989534984375 0.371758246875 0.5994073625 0.37347284375 0.5982082656250001
11 0.49178834531250004 0.5240337312500001 0.4895952046875 0.5198237906250001 0.487755453125 0.5181266796874999 0.4854301078125 0.5190080765625 0.482948721875 0.5220124796875 0.48256636718749996 0.5300387296875 0.48526987187500004 0.5346372078125 0.488506040625 0.5346851781249999 0.49125320937500006 0.5294068609375 0.49178834531250004 0.5240337312500001
11 0.47463105156249996 0.5384990984375 0.4732024390625 0.53487394375 0.47208635781249997 0.5343334390625001 0.46960483281250004 0.5339580171875 0.46593260000000003 0.5376475375 0.466109375 0.5432676171875 0.4676824046875 0.5472399359375 0.47011919999999996 0.550160021875 0.47386805625 0.54582169375 0.47463105156249996 0.5384990984375
11 0.48555462812499994 0.5908368 0.4859989015625 0.5854530515625 0.485339165625 0.5815874812499999 0.483424184375 0.5805407421875 0.47983477656250006 0.5819321609375 0.4773806328125 0.5870809875 0.47777442499999995 0.59322185625 0.480527471875 0.5950257171875 0.483892428125 0.5947598578125 0.48555462812499994 0.5908368
11 0.4717036671875 0.5682994609375001 0.4700927140625 0.5646515937500001 0.46991020937499994 0.5646302609375 0.46638101406250004 0.5647117828125 0.46364111875 0.568345134375 0.46427113281250004 0.5748424984375 0.46593177812500003 0.5796479671875 0.4694105046875 0.578408753125 0.4711454640625 0.5746579406250001 0.4717036671875 0.5682994609375001
11 0.5024600796875001 0.5714003453125 0.5016896625 0.5676869796874999 0.49991942187499994 0.5669846453125 0.49851480312499996 0.5663264421875 0.4952109875 0.569234715625 0.4945388546875 0.5765679296874999 0.4960324703125 0.582014440625 0.49861385468749997 0.5813267109375 0.5020001749999999 0.5761230984375 0.5024600796875001 0.5714003453125
11 0.5036905890625001 0.5450249625 0.504956515625 0.5397372546875 0.5046591546875 0.536738346875 0.5033025265625 0.533285346875 0.5023487359375001 0.53312768125 0.49991868906250003 0.5337127421875001 0.496774925 0.5376291703125 0.4971879203125 0.5436057437499999 0.49858588125000003 0.5459103843750001 0.5012124499999999 0.5472068359375 0.5036905890625001 0.5450249625
8 0.4746906390625 0.6996184046875 0.48338155625 0.6953147109375 0.49683456562500006 0.6893256203125 0.5080613921875 0.68083711875 0.516589240625 0.67119345 0.5228449765625001 0.6621239125 0.53103006875 0.6527186828125 0.5414255296875 0.63517198125 0.5489151828125001 0.61420533125 0.5556780390625 0.5886739171875 0.5615229187499999 0.566955221875 0.561943784375 0.5418021390625001 0.5606700640625 0.520371 0.5572350125 0.5026072484374999 0.5546496453125 0.489703925 0.54986975625 0.47402359218749995 0.5437111984375 0.46070262343749996 0.536848325 0.45206044375000004 0.5279732515625 0.44178216875 0.5218163890625 0.43518181875 0.5145607796875 0.4312534515625 0.4973307203125 0.4264391359375 0.4892600140625 0.42409630312499996 0.4784066875 0.4253482375 0.47535873906250004 0.42583168593750004 0.46587894687500003 0.4328435828125 0.45672964687500006 0.44241601406250003 0.447308965625 0.45027591874999995 0.4361406375 0.45961095937499996 0.4304154171875 0.46818270625 0.4287468921875 0.47302869843749995 0.4154074578125 0.507471790625 0.4140206703125 0.5141504765625 0.40957805 0.5279131484375 0.40831884687500003 0.538686303125 0.40539886718749996 0.55962726875 0.4042825625 0.57321893125 0.40400757968749995 0.5863477296874999 0.40476305 0.6054776859375 0.4063257109375 0.6177016703125 0.409552378125 0.633200459375 0.412824521875 0.6456228546875 0.419694203125 0.65958814375 0.42824109374999997 0.6740279703125001 0.438165871875 0.68610834375 0.4512799625 0.6938017796875 0.4648783359375 0.6973519078125 0.4746906390625 0.6996184046875
11 0.4012430109375 0.367091734375 0.39566076875 0.36948318750000003 0.394762490625 0.3828596171875 0.3986284703125 0.3873322625 0.4039936453125 0.3789717453125 0.404690790625 0.36959257968750003 0.40165661249999995 0.3671092890625 0.4010505828125 0.367748003125 0.4012430109375 0.367091734375