2 0.448136484375 0.8659431328125 0.45645191562500004 0.8802991546875001 0.6413655703125001 0.7105989171875 0.640786609375 0.695245628125 0.47352724999999996 0.21048983593749998 0.46385735781250004 0.20332109843750001 0.45379994687499997 0.204617546875 0.2729515265625 0.33031506875 0.27662415 0.356489878125 0.448136484375 0.8659431328125
5 0.4974922453125 0.4261966046875 0.5079367109375 0.42204518750000003 0.509099728125 0.391039425 0.5154826625 0.3860090203125 0.5152898296874999 0.37902118749999997 0.47545604218750004 0.274757965625 0.46346613437500006 0.2566679859375 0.44335085156250004 0.2648710953125 0.3992506609375 0.298606584375 0.3917061 0.3178121125 0.3917051734375 0.3290325390625 0.40388745000000004 0.3597205671875 0.4151050984375 0.3610796328125 0.4201344984375 0.3520160921875 0.438702025 0.3496226484375 0.46442381718750003 0.3701501375 0.47699129687499997 0.420424046875 0.4974922453125 0.4261966046875
0 0.42805870781250005 0.419719 0.44912750468749996 0.5754899578125 0.4551252375 0.5508736703125 0.457261215625 0.44821303593749995 0.46616348125 0.38254873125 0.46345687343749997 0.36887224218750003 0.4361882515625 0.34293399375 0.4216817921875 0.3518166375 0.41858442656249994 0.3858768203125 0.42805870781250005 0.419719
1 0.44508264375 0.37264330625 0.4359921765625 0.37521765 0.4334765515625 0.3909698484375 0.435796565625 0.4018910921875 0.4431455171875 0.40935900781249995 0.45378374062500004 0.40097499843750006 0.45185124375 0.38158857031250004 0.44508264375 0.37264330625
9 0.46305453906249994 0.5568642374999999 0.45028681875 0.5893659 0.457632528125 0.636105303125 0.47271655937499996 0.6594065890625 0.4939906921875 0.6706896359375001 0.5189420796875 0.6520453609375 0.52397333125 0.6205409671875 0.5249416625000001 0.6049882234374999 0.5168213796875001 0.5695689703125 0.5054113609375 0.5556118546875 0.48935899843749997 0.5478633140625 0.46305453906249994 0.5568642374999999
7 0.334834484375 0.42893097031250005 0.345276634375 0.4528306171875 0.3613299234375 0.4493587328125 0.3924709484375 0.42430643124999995 0.393825409375 0.41711914375000003 0.3897680453125 0.365748240625 0.382032040625 0.3611352953125 0.3733300171875 0.3440240296875 0.3323248765625 0.3717504 0.3294231234375 0.3791371421875 0.334834484375 0.42893097031250005
11 0.3860940328125 0.3564040703125 0.3849347203125 0.3425281265625 0.3770049546875 0.34214777343749997 0.37719732499999997 0.3547458203125 0.3860940328125 0.3564040703125
11 0.359975925 0.4509358078125 0.3489520359375 0.44534414843750003 0.3470172234375 0.45400878593750005 0.34972429374999997 0.46207506093750006 0.3586210015625 0.46373330937499996 0.359975925 0.4509358078125
11 0.467140146875 0.2660121546875 0.460371084375 0.26267710625 0.45592203593749997 0.2702633 0.45882193750000005 0.28531741093749996 0.46849275625000003 0.28126571875 0.467140146875 0.2660121546875
11 0.47406088593750006 0.566445575 0.47474496093749996 0.5713209765625 0.47829865781249997 0.5761476531249999 0.4816980375 0.5760292359375 0.484527146875 0.5747262515625 0.4854944984375 0.5710559390625 0.4849211140625 0.5631241625000001 0.48233848281249997 0.5588132703124999 0.479468965625 0.55758286875 0.4755177265625 0.5608131265625 0.47406088593750006 0.566445575
11 0.470194165625 0.602505371875 0.4715000390625 0.5981602796875001 0.46834342500000004 0.5884787234375 0.46459149375 0.5835191140625 0.46024331093750004 0.59224519375 0.460684059375 0.59731185 0.46344308125 0.6016000046875 0.4675042703125 0.60427849375 0.470194165625 0.602505371875
11 0.47914425468750005 0.6439958390625 0.48176239218749994 0.6399093625 0.4802834140625 0.632573990625 0.47650939374999995 0.628096896875 0.4699539625 0.6281424765625 0.46812211093749995 0.6336619734375 0.4719618328125 0.641172703125 0.47717130625 0.643704575 0.47914425468750005 0.6439958390625
11 0.504016525 0.6559651484375 0.505070384375 0.6516371140625 0.50317209375 0.6419532453125 0.49875820937500004 0.6406007375 0.4950718921875 0.644439209375 0.49326212812500003 0.649476190625 0.49644026874999997 0.6561114625 0.498646796875 0.6571075468750001 0.504016525 0.6559651484375
11 0.5108988890624999 0.610534765625 0.50930981875 0.6107396046875 0.50906649375 0.610930859375 0.5067488171875 0.6161932015625 0.5079851578125 0.622439225 0.5105896828125001 0.626266221875 0.5139666203125001 0.6285532453125 0.5173873140625 0.6279524125 0.5196614984375 0.6223744953125 0.5180056343749999 0.6163438421875 0.5140108703124999 0.6102935046875 0.5108988890624999 0.610534765625
11 0.4990464078125 0.5817986359375 0.50021613125 0.5843701796875 0.5033866171875 0.587661384375 0.50606564375 0.586338475 0.5078756359375001 0.58322294375 0.50745669375 0.5763918875 0.5046757765625001 0.5725876265625 0.5018502781249999 0.5723108859375 0.49957649843749996 0.5753263140625 0.4990464078125 0.5817986359375
8 0.5434638640625 0.7768239296874999 0.5575609874999999 0.7595339390625 0.5696822109374999 0.740236359375 0.5845074421875001 0.7145508890625 0.5854448234375 0.6849963890625 0.58664236875 0.65276596875 0.5866432734375 0.6089926328125 0.5820666046875 0.5763746859375 0.5747851421875 0.5456145359375 0.5637065265625 0.516477103125 0.5547599953125 0.49046038125 0.546020840625 0.478001915625 0.530520640625 0.4611316171875 0.51527971875 0.44762484531249996 0.49592909843750005 0.438043378125 0.47460160937499996 0.4264530421875 0.4619091578125 0.4280891609375 0.42924372499999996 0.43850471874999997 0.4190456328125 0.45474651718750003 0.404480165625 0.4732287265625 0.397509665625 0.4945047359375 0.38242236093750004 0.553053203125 0.3848141453125 0.5942544140625 0.3872581765625 0.6328079093750001 0.394539015625 0.6711137984375 0.4057739390625 0.6998552 0.41721720937500006 0.721021284375 0.42881659531249994 0.7417899609374999 0.44624225937500006 0.7648272671874999 0.46377162812500006 0.778039046875 0.4891045734375 0.7879812125 0.5069468500000001 0.789832771875 0.52369663125 0.7884282109375 0.5434638640625 0.7768239296874999