2 0.16540038125 0.9259459703124999 0.17112697968749999 0.9434809281250001 0.21380144375 0.9489678515625 0.23637345625 0.9448706390625 0.3424516390625 0.8577178578125 0.4463989921875 0.78149020625 0.5663174265625 0.6779184125 0.49195125624999997 0.288987109375 0.4851100234375 0.2741086109375 0.46513350937500003 0.2827392078125 0.22112184375 0.4725473625 0.129321078125 0.5461371140625 0.1264143515625 0.5569624796875 0.12397229375 0.58324635625 0.16540038125 0.9259459703124999
5 0.22483920781250002 0.5962154468749999 0.246001284375 0.577938071875 0.2524922046875 0.5507748953125 0.24135023437499997 0.50034623125 0.22309488437499997 0.507798240625 0.1895299984375 0.56927731875 0.16740673125 0.6210284125000001 0.16997038125 0.6899525359374999 0.1744129828125 0.711522065625 0.204645553125 0.7028102671875 0.2119007953125 0.6309489546875 0.22483920781250002 0.5962154468749999
0 0.35527280625 0.65078308125 0.3568955359375 0.6439922874999999 0.35524530312499997 0.6381805546875 0.27192876875 0.610669375 0.24336235624999997 0.592997534375 0.2296639703125 0.595435909375 0.2227083796875 0.6071405750000001 0.2147915984375 0.6523189609375 0.2227749640625 0.677143525 0.2388994828125 0.68061664375 0.337623990625 0.6597129640625 0.35527280625 0.65078308125
1 0.2293093125 0.6303875046875 0.22902558750000002 0.6583487781249999 0.2367136484375 0.66633671875 0.250652334375 0.6555299140625 0.25717075624999997 0.6409692625 0.25539458593750003 0.616942796875 0.24908895625 0.610532490625 0.2348824703125 0.6171052015625 0.2293093125 0.6303875046875
9 0.3581563765625 0.5503619234375 0.35450125312499997 0.573690053125 0.357588925 0.6062844734375 0.3628783578125 0.6209634453125 0.3774785828125 0.636839565625 0.3985972296875 0.638155034375 0.41236655000000005 0.628726340625 0.4262068 0.612307328125 0.43357205312499997 0.5908561203125 0.438483671875 0.5508908921875 0.43428136874999995 0.520952934375 0.4266642375 0.5059746734375 0.415872578125 0.497587684375 0.39647509531249997 0.49509362812499996 0.38554157187500004 0.500687275 0.3718706875 0.5157281765625 0.3581563765625 0.5503619234375
10 0.4780154578125 0.4985783453125 0.4764911609375 0.510981346875 0.48124499218750005 0.5171921265625 0.48083532812499996 0.52693866875 0.472902621875 0.6043124234375 0.4780226890625 0.620369509375 0.4769355609375 0.6356284953125 0.49740424843750003 0.655058934375 0.50610850625 0.6547782078125 0.5124575640625 0.6415956703125001 0.525160025 0.5382373234375 0.5180119109375 0.4617243078125 0.5059521796875 0.42517651875 0.4697570578125 0.3477285203125 0.40926441249999995 0.35254959375 0.370087284375 0.3699105484375 0.3300908296875 0.406764584375 0.2735717703125 0.4946899421875 0.27015694375 0.5096496421875 0.27334305 0.5478562703125001 0.28474124375 0.5577211328125 0.3068051578125 0.557758253125 0.31858550937499996 0.5452740484375 0.3234537015625 0.5249016671875 0.3368292796875 0.49302414375000003 0.34087814375000003 0.49214484374999995 0.34635286718749997 0.47325033281250006 0.3602915515625 0.462443528125 0.372918734375 0.44306876875 0.40210760624999997 0.4300231109375 0.4284881828125 0.4334150265625 0.4654476265625 0.4661648890625 0.47110329375 0.49069016562499995 0.4780154578125 0.4985783453125
11 0.22782698437499999 0.8989753578125 0.22442808281249998 0.8817396875 0.21599162500000002 0.886254509375 0.2133526984375 0.9013139718750001 0.21577883125000002 0.9072254640624999 0.2212101265625 0.9079238000000001 0.22782698437499999 0.8989753578125
11 0.2712426109375 0.770168353125 0.2719750828125 0.789860959375 0.283077971875 0.7828892015625 0.28062433593749997 0.7643751812499999 0.2712426109375 0.770168353125
11 0.286002084375 0.46409076718750003 0.2776365578125 0.46161527187500007 0.2710197 0.470563715625 0.2711456375 0.48877844843749996 0.2785658984375 0.49253229374999996 0.28389875937500003 0.48761842031249997 0.286002084375 0.46409076718750003
11 0.46730342187499996 0.3292145015625 0.4585007265625 0.3238830203125 0.45394376562499994 0.32889665468749996 0.4510370390625 0.3397220203125 0.4543375046875 0.351345484375 0.4649322953125 0.34850805937499996 0.46730342187499996 0.3292145015625
11 0.527046209375 0.6126738921875 0.5346358375 0.6150496265625 0.5403074296875 0.6073795328125 0.539744325 0.5863088125 0.530772265625 0.58235544375 0.5252700390625 0.5886474265625 0.5231392109375 0.5995725546874999 0.527046209375 0.6126738921875
7 0.2680122375 0.7878983500000001 0.26967649374999997 0.7632489265625 0.2548509046875 0.7640850859375 0.203069334375 0.8025917859374999 0.1905541671875 0.8488881906250001 0.2118369109375 0.9062020687500001 0.2466773421875 0.8809677046875001 0.29436627656250003 0.8428307203125 0.28342492343750003 0.78745405 0.2680122375 0.7878983500000001
11 0.4036452296875 0.6078413703125001 0.401013540625 0.6039038875 0.39607064531249997 0.602406015625 0.3926546328125 0.6136236625 0.3971648609375 0.6200145046875 0.40220043906249997 0.61706425 0.4036452296875 0.6078413703125001
11 0.42421310625 0.572292775 0.422813121875 0.571005459375 0.419282178125 0.570197290625 0.4162777328125 0.5734870953125 0.4156999640625 0.5819913203125 0.4177711125 0.5866868640625 0.4204116671875 0.5867492000000001 0.42392716874999997 0.5822190109375 0.42507661093750004 0.5779389562499999 0.42421310625 0.572292775
11 0.415118628125 0.5265020171875 0.41200001249999996 0.53225354375 0.41217495781249996 0.5422390390625 0.4156591890625 0.5468390953125 0.4220743171875 0.5440662171875 0.422792175 0.53696169375 0.42184194374999995 0.5307514062500001 0.41982382031250004 0.5268942109375 0.415118628125 0.5265020171875
11 0.3919129453125 0.5145534359374999 0.3888397328125 0.5179281921875 0.3889614859375 0.5270767140625 0.3913529875 0.5304289609375 0.395272659375 0.5314858921875001 0.39854935468749997 0.52637204375 0.39925239375 0.5206515031250001 0.39792800625 0.5149460609375 0.3919129453125 0.5145534359374999
11 0.3779216171875 0.54973531875 0.376722503125 0.5468135609375 0.371990565625 0.545856575 0.370235296875 0.5476397296875 0.367452075 0.55254125 0.36868120625 0.561554978125 0.3717527375 0.5644403046875001 0.3748335734375 0.5634533359375 0.3785558953125 0.5597798734375 0.3779216171875 0.54973531875
11 0.3799149359375 0.59814775 0.37928583437499996 0.5905942625 0.3742091296875 0.588639621875 0.37167236875 0.590445484375 0.369602709375 0.5946072203125 0.36996816718750003 0.59797614375 0.3709511578125 0.603913465625 0.37405683125 0.60652740625 0.3771574953125 0.6066488984375 0.3799149359375 0.59814775
8 0.43839989375000005 0.4441008828125 0.416805453125 0.43364456875 0.38701076093750003 0.43613836875 0.37133442968749997 0.44993169843749997 0.3565981875 0.4746866296875 0.340196634375 0.5005825328125 0.32250608125 0.5348954140625 0.3110786671875 0.55962361875 0.2927865984375 0.5595311109375001 0.2764481015625 0.5497505859375 0.27244145 0.5740792328125 0.26928916406250003 0.6080019703125 0.27024191875 0.63748431875 0.272157334375 0.6756731515625 0.2771196921875 0.6800460937499999 0.280453746875 0.7074548125 0.29315974375 0.734383071875 0.3178548671875 0.7651108703125 0.3576664265625 0.7928154796875 0.3983001203125 0.7890051328125 0.42738087968749994 0.7778396234375 0.4573111734375 0.7473585015624999 0.4875565234375 0.6956899921875 0.5023935609375 0.66597841875 0.4766827953125 0.641443328125 0.47040844687499994 0.5932083968749999 0.4751862421875 0.552267040625 0.4722689703125 0.5139507921875001 0.466944103125 0.480743946875 0.4568356640625 0.4595700375 0.43839989375000005 0.4441008828125