2 0.49396220937499996 0.6130413078125 0.55007623125 0.644151096875 0.5663096484375 0.6481386328125 0.5895066015625 0.642865721875 0.6809563125 0.5879973546875 0.9382771125 0.4488444125 0.9727840078125001 0.426347725 0.9556607625 0.3228009609375 0.41292282187499996 0.0801759953125 0.3709556765625 0.0661211109375 0.33775105 0.06224615625 0.30518061875 0.0622062671875 0.2801275609375 0.0733783765625 0.00906755625 0.394859921875 0.0054821875 0.407425328125 0.2803445484375 0.5284586859375 0.2885764734375 0.5268683671875001 0.49396220937499996 0.6130413078125
10 0.673572503125 0.34642813125 0.7190679 0.373257184375 0.744283634375 0.4230004515625 0.7320287015625 0.4601947125 0.696680415625 0.494726703125 0.6392302437499999 0.5240303296875 0.5641514296875 0.5409092765625 0.5429838953125 0.558454396875 0.5376460234375 0.56898381875 0.5421889828124999 0.5878940906250001 0.594371 0.595226475 0.6073298453125 0.58797386875 0.6318987875000001 0.582435903125 0.6451345515625 0.58541951875 0.693615 0.5618063281250001 0.72890616875 0.5526139156250001 0.740516265625 0.5543285578125 0.9191031640625 0.4185133796875 0.9353704593750001 0.38845914375 0.9233566078125 0.3757412640625 0.8752101937500001 0.3842511015625 0.8535924265625001 0.37338859375 0.85540205 0.35008500468750003 0.844633346875 0.33633505937499997 0.8176079875 0.3098953828125 0.7741187734375 0.286636340625 0.7482582046874999 0.27580197968750003 0.6894466859375 0.26262668906250003 0.6235447890625 0.25794483281249997 0.5858204437500001 0.24386180156249998 0.5816812421875001 0.23595476406250002 0.575605575 0.250584303125 0.5597759156250001 0.257600003125 0.5454218421875 0.25641546718749997 0.5266748906250001 0.245789865625 0.5130818500000001 0.2492074078125 0.48518121562500005 0.2688448046875 0.46675765937499997 0.2858598203125 0.47782652031249995 0.31854818281249997 0.5073189390625 0.33422153125 0.5418955515625 0.3378314328125 0.5886699765625 0.32958664843749996 0.593546975 0.3333935671875 0.6145073078125 0.3317188140625 0.6266247609375 0.336501509375 0.6405983156249999 0.3353850046875 0.673572503125 0.34642813125
5 0.46151078749999996 0.23700789218749999 0.4619949046875 0.23137374687499998 0.49622487968750006 0.1986408375 0.47633637812499996 0.18111211875 0.40021961250000004 0.1831527640625 0.350043778125 0.1793903921875 0.316735553125 0.183450621875 0.2992569890625 0.18049515 0.26820862343749996 0.1896594203125 0.2531632359375 0.20997939375 0.2153014109375 0.23787331875 0.2038646328125 0.2543300828125 0.24549774218749998 0.283488321875 0.2539833484375 0.28343203125 0.28190722031250004 0.2724968296875 0.2979673171875 0.258312959375 0.31554948125000004 0.2533332453125 0.35858846093749996 0.24818465937499998 0.37370356718750003 0.253971275 0.40977900624999997 0.2580831375 0.44806782656250005 0.24989464374999998 0.46151078749999996 0.23700789218749999
0 0.28647341875 0.3001093 0.28951755 0.3185176125 0.33793023906249997 0.3629879671875 0.3825610046875 0.39315012656250004 0.40922908593749996 0.4259909609375 0.436588484375 0.43732728437499996 0.44344842343749996 0.4360020203125 0.44578864218750003 0.4244686796875 0.4009719625 0.324688946875 0.38685896875000003 0.2735922703125 0.36173619375 0.25865778906250003 0.3376513671875 0.2585616109375 0.29626129218749997 0.273681365625 0.28647341875 0.3001093
9 0.47523458124999995 0.4227376328125 0.4620685375 0.44586060781250003 0.4686176796875 0.46834089375000004 0.48975133125000003 0.48483754531249995 0.529712296875 0.49532241718750003 0.567643840625 0.49353508125 0.6015630203125 0.48460772187499995 0.6298441671874999 0.4672713640625 0.6524872890625 0.44152600625 0.64355145 0.41317466875 0.63141075625 0.3996897765625 0.602679371875 0.3886185078125 0.54190815 0.3892775984375 0.5159672203125 0.395080615625 0.47523458124999995 0.4227376328125
11 0.9114124734375 0.389129975 0.8893338296875 0.392603809375 0.880490946875 0.39906125625 0.8792690375 0.40879552031250005 0.8857717015625 0.4138714125 0.9083577 0.41346563124999997 0.92256169375 0.405180959375 0.925155590625 0.3951816453125 0.9114124734375 0.389129975
11 0.5635684828125 0.229164228125 0.5417435140625 0.23417208750000001 0.5319091625000001 0.243195628125 0.53317755 0.2508657578125 0.549918321875 0.257921346875 0.5662553375 0.2539736984375 0.5772080015625 0.2431510796875 0.5741871078125 0.2334449625 0.5635684828125 0.229164228125
11 0.60435543125 0.5956721453125 0.60686896875 0.602310209375 0.6202315703125 0.6060608375000001 0.641295503125 0.5964509 0.6386551265625 0.5890458234375 0.628163340625 0.5855321015625 0.614316621875 0.5874156171875 0.60435543125 0.5956721453125
11 0.11386922656250001 0.3864861515625 0.118262109375 0.3959272171875 0.1298722046875 0.397641859375 0.1439493609375 0.388590171875 0.1430614890625 0.38322108125 0.13244286249999998 0.378940346875 0.12009497031250001 0.381325821875 0.11386922656250001 0.3864861515625
11 0.28358132343750003 0.38536033125 0.2715907078125 0.38134465 0.2634856203125 0.38370197968749997 0.2547695765625 0.3909264421875 0.258655103125 0.397299453125 0.2676480625 0.40031121406250003 0.27862396562499997 0.398190790625 0.2845960328125 0.3914964359375 0.28358132343750003 0.38536033125
1 0.34732499843750003 0.2828128296875 0.3345965921875 0.282897265625 0.3322331328125 0.2857284109375 0.32400120625 0.287318728125 0.31454736875 0.29864330781250004 0.3195744453125 0.3119194375 0.34068485625 0.3197138921875 0.3556498859375 0.3160312984375 0.3605036421875 0.311136021875 0.358497459375 0.307566009375 0.3649768828125 0.30393970625 0.365334159375 0.2975385484375 0.36444628749999997 0.29216945625 0.3624401046875 0.2885994453125 0.34732499843750003 0.2828128296875
11 0.6152238203125 0.41310663437499995 0.6022417359375 0.4116570453125 0.5942634875 0.4147813875 0.5907817171875 0.4194116109375 0.5930415765625 0.42451565 0.604524834375 0.42546328125 0.6125030828125 0.4223389375 0.615984853125 0.41770871249999997 0.6152238203125 0.41310663437499995
11 0.559052678125 0.407336421875 0.548434053125 0.40305568750000004 0.5378386671875 0.40747714999999995 0.534356896875 0.4121073734375 0.5393607328125001 0.41668130625 0.549218325 0.4163599609375 0.5570697359375 0.41246860625000004 0.557807528125 0.40836848750000004 0.559052678125 0.407336421875
11 0.5491273234375 0.47574131093750005 0.5528860109375 0.4813473109375 0.558754478125 0.4825881390625 0.56561441875 0.481262875 0.5700876578125 0.4740665578125 0.57257795625 0.472002425 0.5634581578125 0.4682236515625 0.5491273234375 0.47574131093750005
11 0.61409486875 0.4576496828125 0.6201937734375 0.45172234062500005 0.6195595796875 0.447887275 0.6078226453125 0.44540561875 0.596489465625 0.45392719843749996 0.604490953125 0.459505053125 0.61409486875 0.4576496828125
11 0.511944215625 0.4306845609375 0.50295125625 0.42767279843750006 0.497463303125 0.42873301093749994 0.4908570421875 0.4315923 0.4875021109375 0.43698953749999997 0.49250594843749995 0.4415634703125 0.5012452296875 0.44304120625000004 0.5127052484375 0.43528663749999996 0.511944215625 0.4306845609375
11 0.5218947671875 0.4651720015625 0.5151384265625001 0.4585620828125 0.5080248093749999 0.4583533203125 0.49669162968749997 0.4668749015625 0.4974526640625 0.4714769796875 0.505073634375 0.47475379375 0.5174215249999999 0.4723683171875 0.5220216062499999 0.46593901562499995 0.5218947671875 0.4651720015625
8 0.733199625 0.4447325953125 0.739730078125 0.4183925609375 0.7395301734374999 0.401387446875 0.725688896875 0.3782524359375 0.71071289375 0.36142340625 0.6877739796875 0.35173270625 0.6534652249999999 0.339126125 0.6360328390625 0.3364071046875 0.605097225 0.336295965625 0.56744925 0.337726159375 0.5338638703125 0.33739635625000003 0.5090312390625 0.337324334375 0.48363776718749996 0.3285954015625 0.47833159375 0.3254808609375 0.46339602968750004 0.3088878078125 0.45694527812499997 0.2935778625 0.45450833749999997 0.2867437421875 0.4265626078125 0.29944745781250004 0.4092683640625 0.305466215625 0.38205735625 0.3199759140625 0.3395729984375 0.3500965671875 0.3165141953125 0.38182140468750003 0.3078980203125 0.403451178125 0.2986167796875 0.43421847968750005 0.296088915625 0.450533215625 0.2944841265625 0.4608273609375 0.306981 0.49006356562500003 0.31963406562499996 0.5139157015625 0.34248500000000004 0.53360521875 0.3795428453125 0.5549335390625 0.42986965 0.5722373015625 0.4745326671875 0.58162699375 0.5219919375 0.5895013296875 0.5366523375 0.588617025 0.5350446234375 0.5762665124999999 0.53661841875 0.5620848078125 0.5557592875 0.5435341890625 0.580453653125 0.5348676640625001 0.620119190625 0.5272047203125 0.6483381328125 0.5161531515625 0.68011406875 0.50027556875 0.7025276296875 0.4857191171875 0.7218179890624999 0.4654354828125 0.733199625 0.4447325953125
7 0.12650592031250002 0.3692545984375 0.120703278125 0.385466665625 0.1507283265625 0.40381296562499996 0.19238943749999998 0.4272415453125 0.2351053109375 0.43839255625 0.260129290625 0.417173009375 0.27768142500000004 0.39739694062500003 0.28879536875 0.3853321421875 0.2987238734375 0.361424140625 0.30060640781250003 0.354160803125 0.2704509390625 0.36300535156249997 0.24805860000000002 0.3768168421875 0.223566146875 0.36861354375 0.18835413750000002 0.3422143546875 0.16916318125000002 0.33458018749999996 0.12650592031250002 0.3692545984375