2 0.8240124249999999 0.31094669218750004 0.8230997109375 0.299785925 0.8165455203124999 0.274366028125 0.6836704953125 0.0119335125 0.5702293187499999 0.0099533890625 0.5187816265625 0.0976361859375 0.44674499531249995 0.20658146562500002 0.368903396875 0.3468558328125 0.5697505656249999 0.682820303125 0.581190184375 0.6942193515625 0.5970605828125 0.6788999171875 0.7625044015625 0.41301300156250004 0.8240124249999999 0.31094669218750004
5 0.7173725953125001 0.2989399625 0.7036358421875 0.3236942640625 0.70668049375 0.35140715 0.734131828125 0.394422821875 0.7487812953125 0.3808292875 0.7596300609375 0.3112428921875 0.7629999859375001 0.25489659531250003 0.7373843124999999 0.191498946875 0.7259463984375001 0.17298264375 0.7004635171875 0.19210730781250002 0.717839184375 0.2618168375 0.7173725953125001 0.2989399625
0 0.576403675 0.2954395984375 0.5771648390624999 0.30236781874999996 0.58067266875 0.3071920828125 0.6682459 0.3025728109375 0.701045840625 0.30867901249999996 0.7131001890625 0.3014219828125 0.7156970125 0.287968228125 0.7079270078125 0.242922475 0.6920651390625 0.22265564843750002 0.6757400890625 0.2252774453125 0.589985465625 0.28068725781250004 0.576403675 0.2954395984375
1 0.7016656875 0.268671178125 0.6925180859375 0.24247053593749998 0.6826024984375 0.237810678125 0.6731398546875 0.25296570625000003 0.6719155140625 0.2689261078125 0.681674434375 0.290705175 0.6897594781249999 0.29439525781250003 0.7008994078125 0.28309471249999996 0.7016656875 0.268671178125
9 0.6075041578125 0.3902155875 0.6030853171875 0.3671133078125 0.589208953125 0.3378143 0.5792950703125 0.32603719062500003 0.560226765625 0.31652844375 0.5399341171875001 0.32298009843750003 0.53016666875 0.3367872890625 0.5226861234375 0.357144640625 0.5229858125 0.37984423437500003 0.5318251968750001 0.41893154218750006 0.5458548171875 0.44534584375 0.55805730625 0.45655586406250004 0.5710243671875 0.4604595984375 0.590096084375 0.4557338421875 0.5984893453125 0.4465372578125 0.6062746984375 0.4275277453125 0.6075041578125 0.3902155875
10 0.512281775 0.48213218125 0.5095385171875 0.47000163749999996 0.5029792109375 0.4659334984375 0.5000826968750001 0.456687659375 0.481487803125 0.3815867796875 0.471269115625 0.3684618296875 0.4671533765625 0.35382464062499996 0.441372509375 0.3431324609375 0.4332857609375 0.34655963125 0.43175661249999997 0.3611721953125 0.45461709062500005 0.46226006249999996 0.48709687500000004 0.5310736921875 0.5107372765625 0.5608000109375 0.570833590625 0.6199238453125 0.6260683515625 0.5934269999999999 0.6570462781249999 0.5629771640625 0.6822311765625 0.51403565625 0.7057507249999999 0.4114189 0.70392359375 0.39621461875 0.688065134375 0.3617132890625 0.6740303984375 0.35665074375 0.6532796875 0.36463926875 0.646410459375 0.38057504375 0.6486939484375001 0.401359709375 0.646854878125 0.4359761890625 0.643345340625 0.4382691796875 0.6445611546875 0.4578950359375 0.6350985125 0.47305006406250005 0.6297533171875 0.49572503125 0.6067105890625 0.51851515 0.5807730546875 0.524942178125 0.53500775625 0.5078149890625 0.52143449375 0.486981071875 0.512281775 0.48213218125
11 0.6280353359374999 0.025016639062500002 0.6256037796875 0.0109199546875 0.6146307171875 0.01072841875 0.6126281171875 0.0174474484375 0.6216258734375 0.0322982953125 0.6280353359374999 0.025016639062500002
11 0.615189125 0.153455978125 0.6078703625 0.1353423640625 0.5997819078125 0.1458867875 0.6083216015625 0.162274503125 0.615189125 0.153455978125
11 0.7043697171875001 0.44449851406249996 0.713066078125 0.44376701875 0.7162725140624999 0.4330089375 0.7100214265625 0.41605413281250003 0.701783128125 0.41524875781250004 0.698425140625 0.42177429375 0.7043697171875001 0.44449851406249996
11 0.579373284375 0.636311559375 0.589442128125 0.6380867125 0.5920372453125 0.63175020625 0.5911245328125 0.620589440625 0.5841088703125 0.610940915625 0.5751059953125 0.617441825 0.579373284375 0.636311559375
11 0.427782190625 0.3934710609375 0.4198486984375 0.394013525 0.41710032343750003 0.40323473437499996 0.4247238953125 0.42269618906249995 0.43448793124999996 0.4231235015625 0.43754111093750003 0.415250128125 0.4358655296875 0.40427839218750006 0.427782190625 0.3934710609375
7 0.6645252593750001 0.050642346875 0.6304786046874999 0.0110050453125 0.621236759375 0.010843728125 0.600973371875 0.0411093875 0.5689901484375001 0.0940455671875 0.5979188625 0.14175238125 0.6122558921875 0.1357331328125 0.618990846875 0.1593446875 0.6326441171875 0.1531731875 0.66834959375 0.09840371875000001 0.6645252593750001 0.050642346875
11 0.54539573125 0.3531087796875 0.5491950078125 0.3558268328125 0.55434523125 0.3554274609375 0.5537791234375 0.34371536874999997 0.54738815625 0.3393905859375 0.5436484609375001 0.3439752921875 0.54539573125 0.3531087796875
11 0.5380325234375001 0.3937669875 0.5397818171875 0.394459415625 0.54337270625 0.39392974375 0.5450889890624999 0.3897667109375 0.5427687546875 0.381619253125 0.5392411078125 0.377989834375 0.5367382203125 0.3788918484375 0.53495921875 0.3843984234375 0.5353198906250001 0.3888111609375 0.5380325234375001 0.3937669875
11 0.56199785 0.4331984359375 0.5629926046875 0.4266962546875 0.5594661546874999 0.4174399734375 0.554642478125 0.4144135234375 0.549546403125 0.419334325 0.551263696875 0.42622632187500004 0.5542477781249999 0.43167711718749996 0.5574433203125 0.43454335000000005 0.56199785 0.4331984359375
11 0.587832196875 0.43591220937499997 0.5895845093750001 0.4316448828125 0.5863898578125 0.4231504421875 0.5830133796875 0.42089127499999995 0.5789733625 0.4213301171875 0.577615328125 0.4272946109375 0.5788805796875 0.43288948749999995 0.58204635625 0.4377330328125 0.587832196875 0.43591220937499997
11 0.589137475 0.397987721875 0.59124826875 0.4002786859375 0.5960180953124999 0.39945119375 0.597067528125 0.397148625 0.5980332296875 0.3915617515625 0.59384311875 0.3835958015625 0.589984678125 0.3820197109375 0.5874212546875001 0.3840611859375 0.5851594062500001 0.3888433484375 0.589137475 0.397987721875
11 0.57096394375 0.35352713593749996 0.5740984296875 0.3603483703125 0.5795282125 0.3603266625 0.5813045375 0.357718721875 0.5818486265625 0.353081796875 0.58037084375 0.3500703265625 0.5774478796875 0.34488621406250003 0.5736487218749999 0.3435758375 0.570693453125 0.344589946875 0.57096394375 0.35352713593749996
8 0.567859065625 0.51857283125 0.5916765484375001 0.5204797109375 0.6188414015625 0.5073178 0.62893175 0.48874345625000004 0.6344478328125 0.460280015625 0.641145015625 0.430146096875 0.6462198375 0.391687525 0.6486349 0.3644522296875 0.6658590421875 0.35788696875000003 0.6845088515625 0.3610743421875 0.6800835546874999 0.33691040625 0.6716249921874999 0.30410256874999997 0.660803071875 0.276931865625 0.6461449484374999 0.241985078125 0.6400084265625 0.239708096875 0.6276464578125001 0.2153387234375 0.6066374203125 0.19482573125 0.5730803546875001 0.1751261078125 0.52633299375 0.1637449953125 0.48942366249999997 0.1820771140625 0.46584952656249995 0.203073096875 0.44798027031250004 0.242406096875 0.43694846875 0.3016287703125 0.43300649687500004 0.3347551109375 0.465433159375 0.348305490625 0.4875707328125 0.391043684375 0.496864553125 0.4309933953125 0.5125072375 0.465694796875 0.5286925734375 0.4947518875 0.5453226921875001 0.51083865625 0.567859065625 0.51857283125