2 0.26953125 0.9388888890624999 0.30078125 0.93194444375 0.60546875 0.7611111109375 0.63046875 0.7458333328125 0.6421875 0.7166666671875 0.64296875 0.7013888890625 0.63046875 0.6375 0.56328125 0.33194444375 0.5578125 0.322222221875 0.54765625 0.322222221875 0.2328125 0.49305555625 0.2265625 0.5013888890625 0.22890625 0.5986111109375 0.25078125 0.91944444375 0.2546875 0.9305555562500001 0.26953125 0.9388888890624999
5 0.2984375 0.6666666671875 0.29609375 0.652777778125 0.30078125 0.6375 0.3046875 0.5958333328125 0.31328125 0.5666666671875 0.31875 0.5583333328125 0.34140625 0.547222221875 0.34453125 0.540277778125 0.3421875 0.5125 0.33359375 0.477777778125 0.31796875 0.48055555625 0.26328125 0.5694444437499999 0.26328125 0.652777778125 0.2828125 0.6833333328125 0.28671875 0.68194444375 0.2984375 0.6666666671875
0 0.43671875 0.63055555625 0.4265625 0.6180555562500001 0.36796875 0.5875 0.334375 0.5583333328125 0.32265625 0.5583333328125 0.3125 0.56805555625 0.303125 0.609722221875 0.30234375 0.61944444375 0.3109375 0.6458333328125 0.4234375 0.64444444375 0.43671875 0.63055555625
1 0.3453125 0.602777778125 0.34375 0.584722221875 0.334375 0.5763888890625 0.325 0.5791666671875 0.3171875 0.5930555562500001 0.31640625 0.6138888890625 0.325 0.625 0.340625 0.6166666671875001 0.3453125 0.602777778125
10 0.39453125 0.525 0.40703125 0.5166666671875 0.4203125 0.4875 0.45078125 0.45555555625000005 0.4828125 0.447222221875 0.515625 0.46527777812500004 0.534375 0.48472222187499997 0.54609375 0.5111111109375 0.55234375 0.5486111109375 0.5484375 0.6333333328124999 0.5546875 0.6583333328125 0.56328125 0.6708333328125 0.578125 0.6791666671875001 0.60234375 0.6416666671875 0.596875 0.627777778125 0.60390625 0.60694444375 0.5984375 0.584722221875 0.59765625 0.5486111109375 0.5921875 0.5097222218749999 0.5908453125 0.49941944375 0.58152265625 0.46946666718749996 0.57129765625 0.4459333328125 0.56197421875 0.43042222187499996 0.54375 0.40694444374999994 0.49921875 0.38055555625 0.44296875 0.384722221875 0.41484375 0.41111111093749997 0.36328125 0.48333333281249996 0.36484375 0.5236111109375 0.36875 0.5291666671875 0.3921875 0.5333333328125 0.39453125 0.525
9 0.46875 0.6375 0.4828125 0.6375 0.5015625 0.622222221875 0.51484375 0.5763888890625 0.5140625 0.5486111109375 0.50703125 0.5236111109375 0.4984375 0.5111111109375 0.484375 0.502777778125 0.4671875 0.5041666671875 0.45390625 0.5138888890625 0.44453125 0.527777778125 0.43671875 0.5541666671875001 0.4359375 0.5833333328125 0.44296875 0.609722221875 0.45078125 0.6236111109375 0.46875 0.6375
7 0.3484375 0.8430555562500001 0.36875 0.840277778125 0.37109375 0.834722221875 0.36640625 0.7611111109375 0.35703125 0.7263888890625 0.32890625 0.73194444375 0.309375 0.7430555562500001 0.2890625 0.7736111109375 0.2875 0.80694444375 0.29453125 0.86944444375 0.31875 0.8625 0.3484375 0.8430555562500001
11 0.3609375 0.7611111109375 0.3640625 0.7513888890625 0.3625 0.7402777781250001 0.3578125 0.7361111109375 0.35703125 0.7361111109375 0.35 0.74444444375 0.35078125 0.75555555625 0.35625 0.7625 0.3609375 0.7611111109375
11 0.303125 0.8680555562500001 0.30703125 0.8583333328125 0.30703125 0.8486111109375001 0.30625 0.8444444437499999 0.29921875 0.840277778125 0.2984375 0.840277778125 0.29296875 0.8444444437499999 0.2921875 0.8583333328125 0.29453125 0.8652777781250001 0.303125 0.8680555562500001
11 0.37265625 0.47083333281249995 0.3765625 0.459722221875 0.371875 0.4486111109375 0.3671875 0.4486111109375 0.3625 0.45416666718750004 0.3609375 0.46527777812500004 0.36796875 0.47361111093749997 0.37265625 0.47083333281249995
11 0.5421875 0.377777778125 0.54140625 0.36805555624999997 0.53671875 0.3625 0.53203125 0.3625 0.52578125 0.3708333328125 0.53125 0.3861111109375 0.5375 0.3861111109375 0.5421875 0.377777778125
11 0.609375 0.640277778125 0.61484375 0.6333333328124999 0.615625 0.6236111109375 0.6125 0.6138888890625 0.60703125 0.609722221875 0.60625 0.609722221875 0.60078125 0.6138888890625 0.5984375 0.622222221875 0.603125 0.6375 0.609375 0.640277778125
11 0.45247734375000004 0.605190278125 0.4545078125 0.6047888890625 0.45868203125000007 0.5959611109375 0.45811796875 0.5911458328125 0.4563125 0.5873333328125 0.45360546875 0.5857291671875 0.45368515625 0.5861236109375 0.450671875 0.587534721875 0.44830312499999997 0.5927513890625 0.44819062499999995 0.601377778125 0.45247734375000004 0.605190278125
11 0.47515234375000004 0.61964444375 0.47842421875 0.6200458328125 0.4815828125 0.61523055625 0.48248515625 0.6106166671875 0.48147031250000005 0.6058013890625 0.4788671875 0.602490278125 0.4759421875 0.602390278125 0.47176796875000004 0.606602778125 0.47221953125000005 0.6140263890625001 0.47515234375000004 0.61964444375
11 0.49692578125000003 0.59135555625 0.49884296875 0.5931611109375 0.50211484375 0.5893486109375 0.50313046875 0.5845333328125 0.5025664062499999 0.5799194437499999 0.50143828125 0.5775111109375 0.49822734375 0.5745708328125 0.49545859375 0.5773111109375 0.49421796875 0.5821263890624999 0.49433046875000003 0.586740278125 0.49692578125000003 0.59135555625
11 0.49162343750000004 0.5426013890625 0.4928640625 0.5476166671875 0.49433046875000003 0.5498236109375 0.49658671875 0.5522319437500001 0.5007609375000001 0.551227778125 0.501325 0.5446069437500001 0.5003101562500001 0.54039444375 0.49918203125 0.534375 0.4984984375 0.534134721875 0.49737656250000006 0.5341750000000001 0.49365390624999994 0.534375 0.4923 0.5379861109374999 0.49162343750000004 0.5426013890625
11 0.4692859375 0.5297611109375 0.47176796875000004 0.5361805562499999 0.47684453125 0.533372221875 0.47797265624999996 0.5251458328124999 0.47729609375 0.5219361109375 0.4760546875 0.5199291671874999 0.47391171875 0.5181236109375 0.47120390624999997 0.5189263890625 0.4692859375 0.5213333328124999 0.4690609375 0.5261486109375 0.4692859375 0.5297611109375
11 0.45022109375 0.5614611109375 0.45349218750000003 0.5622638890625 0.45563593750000003 0.5586513890625 0.4567640625 0.5540375 0.45710234375000003 0.549422221875 0.45574843749999994 0.5458111109375 0.45304140625 0.54420555625 0.45084140625 0.543522221875 0.44852890624999997 0.5462125 0.44706250000000003 0.551027778125 0.4488671875 0.557247221875 0.45022109375 0.5614611109375
8 0.39036796875 0.7255263890625 0.40268906250000003 0.7511791671875 0.43003437499999997 0.77469444375 0.44806484375 0.7843138890625 0.4624890625 0.78591805625 0.48472578125 0.7853833328125 0.49945078125000003 0.7795041671875 0.5186828125 0.7656083328125 0.5349101562499999 0.7522486109375001 0.5550437500000001 0.7207166671875 0.56586171875 0.6998736109375 0.57157109375 0.6875819437499999 0.56466015625 0.6806333328124999 0.54993515625 0.655515278125 0.5448265625000001 0.6213111109375 0.54723046875 0.59619305625 0.5484328125 0.5667986109375 0.5484328125 0.5309916671875 0.54152109375 0.50213194375 0.52649609375 0.4743416671875 0.51177109375 0.462584721875 0.49043593750000003 0.4497583328125 0.471203125 0.4508263890625 0.45106953125000004 0.4604458328125 0.43063515625 0.4791513890625 0.42432499999999995 0.49304722187500005 0.4141078125 0.5122861109375 0.40689609375 0.5331291671875 0.3897671875 0.54168055625 0.37564375 0.5384736109375 0.3654265625 0.5432833328125 0.36031796875 0.5619888890625 0.36031796875 0.5812291671875001 0.3693328125 0.6474986109375 0.36873203125 0.6662041671875001 0.37143671875 0.687047221875 0.37744609375 0.705752778125 0.39036796875 0.7255263890625