2 0.64650616875 0.11320202812499999 0.6346260421875 0.10375503593749999 0.372469453125 0.0109693890625 0.3584767609375 0.007981209375 0.28895289218750003 0.029236790625 0.2910018640625 0.08673975625 0.31684731875 0.331700884375 0.3200169046875 0.3554368375 0.330662175 0.3768872453125 0.660117303125 0.4999608859375 0.6656264609375 0.4939168625 0.651366103125 0.145140603125 0.6498868640625 0.12960726718749999 0.643987284375 0.1183318359375 0.64650616875 0.11320202812499999
5 0.329113434375 0.15792226874999998 0.3408966953125 0.19646357812499998 0.3611302171875 0.209169625 0.369759790625 0.20798453281249998 0.3743912390625 0.1963959125 0.3670124203125 0.16958714375 0.36621568125000004 0.15093867968750002 0.38709842656250004 0.125662128125 0.4153440921875 0.143184790625 0.42363241562500004 0.14355726562499999 0.43494281093750004 0.11103463124999999 0.42953051875000003 0.0879843421875 0.4148061546875 0.06923427343750001 0.40952400312500004 0.051957134375000005 0.3229188234375 0.033384712500000004 0.31828737500000004 0.0449733328125 0.329113434375 0.15792226874999998
0 0.3938916125 0.1264917125 0.384514471875 0.1279053578125 0.3662807515625 0.1538252546875 0.3718231828125 0.18264869687500002 0.3859301171875 0.20740047343749998 0.4374646484375 0.23960153750000002 0.48368523124999996 0.2865063546875 0.4995793796875 0.2903664359375 0.41355687812499997 0.1640764859375 0.3938916125 0.1264917125
1 0.3965088421875 0.15911595 0.3875380203125 0.16185860624999998 0.38583177343749997 0.1696464328125 0.3979721828125 0.1906397296875 0.40585418593749994 0.1896831953125 0.40783661093749995 0.1774512265625 0.3965088421875 0.15911595
9 0.536162540625 0.32713859375 0.5489362765625 0.326139740625 0.569819021875 0.3008631921875 0.569639709375 0.2762130203125 0.5645035968750001 0.24871858750000003 0.5441558343749999 0.21424894375 0.5315281374999999 0.2050305046875 0.5179417640625 0.2033713359375 0.5024380374999999 0.2168307109375 0.494605203125 0.23666426562499998 0.4951908359375 0.2626434484375 0.49897785 0.28037769687499997 0.51627026875 0.31287498281250004 0.536162540625 0.32713859375
11 0.40319221718750003 0.338727003125 0.408750546875 0.35156 0.4161611609375 0.346387878125 0.4113504 0.3333263265625 0.40319221718750003 0.338727003125
11 0.3557353015625 0.2369772453125 0.3640236234375 0.23734971875 0.364641053125 0.23134801249999998 0.3606429296875 0.2209444828125 0.3520784265625 0.2250161484375 0.3557353015625 0.2369772453125
7 0.368348575 0.3290344828125 0.38830591718749996 0.346184671875 0.4057602734375 0.35247421874999996 0.402038328125 0.3376265484375 0.41175671875 0.3346553375 0.401533665625 0.2985434953125 0.40325580937499994 0.274765225 0.4011591421875 0.2652335953125 0.376245 0.2452391484375 0.362885634375 0.22025881875 0.35188321562499997 0.21635641875 0.3517212796875 0.24256415781250001 0.358385803125 0.3044689453125 0.3612951078125 0.31665859531249996 0.368348575 0.3290344828125
8 0.644545990625 0.35480143750000004 0.6473679859375 0.307888559375 0.643188565625 0.277087628125 0.636852915625 0.22210868437500003 0.620448975 0.17796965468749998 0.5979956796875 0.13878420625000001 0.5807449265625 0.122326615625 0.55394365625 0.104132746875 0.537752528125 0.0930420640625 0.5148397 0.0809037546875 0.4939702203125 0.0821092265625 0.47638667031250004 0.086450353125 0.451567746875 0.0966250171875 0.43585488437500003 0.1185044328125 0.42831513125000004 0.14047038125 0.42314633593749995 0.1606782046875 0.42199271875 0.1806931703125 0.41944627656250005 0.2161386171875 0.4205181515625 0.23391967187499998 0.422285746875 0.235631778125 0.42190815312499996 0.24798200312500002 0.4325337875 0.2913008828125 0.4397394140625 0.3196260078125 0.4512943546875 0.3507602265625 0.47498566093749994 0.3854283640625 0.48996302968750005 0.40206219218749994 0.509799225 0.4203160921875 0.5314987671875 0.43800176406249997 0.5525023250000001 0.4486543875 0.572256025 0.45141150625000004 0.5941896359375 0.44987924531249995 0.6086603875 0.43821216874999996 0.617207775 0.4252504859375 0.6346381812499999 0.40232861406250003 0.6411604734374999 0.38274314062500003 0.644545990625 0.35480143750000004
11 0.5455036421874999 0.301703821875 0.54301501875 0.3002455796875 0.5400045609374999 0.3011659703125 0.5392086625 0.3052443875 0.5396089140625 0.3113796484375 0.544414546875 0.318186590625 0.544781609375 0.318274915625 0.549917025 0.314283771875 0.549451253125 0.3075625453125 0.5455036421874999 0.301703821875
11 0.5627452609375 0.2946159859375 0.56492026875 0.2891073875 0.564046025 0.285135584375 0.561569778125 0.2796350203125 0.5600242515625 0.2782909890625 0.5581760375 0.2774435015625 0.5568176328125001 0.2774548078125 0.554202115625 0.2796669953125 0.55340435 0.2859665265625 0.5560319421875 0.291218821875 0.5594912062499999 0.29399630781249997 0.5627452609375 0.2946159859375
11 0.5244205984375 0.30068138125 0.524652865625 0.2947567390625 0.5226570421875001 0.28971529218750003 0.519801665625 0.28594518281250003 0.5176808515625 0.2845750375 0.5157562 0.2849614640625 0.5148421390625 0.28543419999999997 0.51436658125 0.2882128546875 0.5151994140625 0.2950224078125 0.518354865625 0.30051731875 0.52283481875 0.30217620156249997 0.5244205984375 0.30068138125
11 0.509601790625 0.2462701890625 0.5075276609375 0.2446837703125 0.5050675796874999 0.24410763750000003 0.5033561140625 0.24737313906249997 0.5047265984375 0.2548263140625 0.5077510015625 0.2591492921875 0.5120901156250001 0.2592352359375 0.5129703734375 0.256545025 0.511362315625 0.2501730296875 0.509601790625 0.2462701890625
11 0.5248011984375001 0.2228503765625 0.5234243625 0.22206077031250002 0.519820340625 0.2197402640625 0.5163955703124999 0.22320114218749998 0.5179350828125 0.2312071875 0.5211112390625 0.23528322343750002 0.52488410625 0.2357442859375 0.528498859375 0.2338326 0.527080534375 0.22659459843750002 0.5248011984375001 0.2228503765625
11 0.5512501750000001 0.2369695421875 0.5481941499999999 0.2358853171875 0.5451366 0.23702065156250002 0.5429371390625 0.23910709218749998 0.5441400562500001 0.2437849546875 0.547783446875 0.252359775 0.5527456921875 0.2522566625 0.5549492984375 0.24572932343749998 0.5548024359375 0.24153513750000002 0.5512501750000001 0.2369695421875
11 0.3288675765625 0.0635371640625 0.3342306953125 0.06771043437499999 0.33830978749999996 0.0650100953125 0.3393335359375 0.0603374 0.33242610625 0.03774421875 0.32230139687500003 0.03938641875 0.32059515 0.0471742453125 0.3288675765625 0.0635371640625