10 0.8236744968749999 0.22079251718749998 0.76407051875 0.23556119375 0.746110375 0.24515359375 0.7365535984375 0.2601218703125 0.741032759375 0.2866560921875 0.7481007640625 0.2967392140625 0.777471609375 0.312036478125 0.801118909375 0.31332521875 0.8666374828125001 0.3289838171875 0.9156131515625001 0.3565641765625 0.9481459890625 0.4046666 0.9485007968750001 0.4351585671875 0.9403885515624999 0.45480174375000004 0.9239457218749999 0.4753238046875 0.896401509375 0.4975389453125 0.863233821875 0.5143458625 0.8175293187499999 0.5289528046875 0.780073521875 0.5356442515625 0.6884006828125 0.54218461875 0.6469388015625 0.5629978046875 0.63873558125 0.574822525 0.6389630203125 0.5943686609375 0.6570596296875 0.596503940625 0.6891830765625 0.6094233203125 0.6990309765625 0.6194740953125 0.7017380890625 0.6131869859375 0.7155829765624999 0.608334178125 0.7322532484375001 0.6073582515625 0.7462164046875001 0.612669434375 0.75034075625 0.6087116875 0.8863008609374999 0.5852350140625 0.9361570140625 0.569015859375 0.9793030421875001 0.548686615625 0.9801600578125 0.527653921875 0.9773238015624999 0.283906596875 0.9437831156250001 0.2686578546875 0.8921640140625 0.2528375203125 0.8808806796875001 0.2388936921875 0.8739127468750001 0.23741086875 0.8531181234374999 0.24234454374999997 0.8321961343750001 0.23633238437499998 0.8236744968749999 0.22079251718749998
9 0.764245359375 0.3700547703125 0.7156244953125 0.372966378125 0.6809940828125 0.38353470624999997 0.6520144328125 0.40185679218750003 0.641085903125 0.4184049328125 0.6399870796875 0.44344015781249996 0.65410489375 0.4620427125 0.6834848390625 0.47812182031250006 0.7155446015625 0.48556828437500005 0.7669726515625 0.484969865625 0.7974605171875 0.47679559375 0.830628203125 0.45998867812500005 0.8483972968750001 0.43397752343749996 0.8453080859375 0.40742712968749994 0.828410375 0.3888569234375 0.7976677765625 0.3751395234375 0.764245359375 0.3700547703125
5 0.747100028125 0.2107362234375 0.810664603125 0.17793658437499998 0.8147707625 0.1724151453125 0.8104553593749999 0.159954140625 0.799226609375 0.150701384375 0.756083659375 0.146511690625 0.7127405578125 0.1251213984375 0.6820798390625 0.11844060781250002 0.6445148703125 0.1157499109375 0.6207765953125 0.10664271562500001 0.606877121875 0.1068044515625 0.5958485203125 0.11475229218750001 0.511325565625 0.138412390625 0.49199367031249996 0.14958465625 0.4991253578125 0.1651406953125 0.4980993140625 0.196430684375 0.5133796375 0.1954709296875 0.5244355328125 0.1898686234375 0.5522344796875001 0.189545153125 0.5882548390625 0.178960653125 0.6327604453125 0.1807886359375 0.6872140265625 0.20126769531250002 0.6970346328125 0.20897293437500003 0.747100028125 0.2107362234375
2 0.6245560671875 0.6703855671875 0.6412536296875 0.671755178125 0.9515101140625 0.57431086875 0.9787806140624999 0.5615078953125 0.9801600593750001 0.5276539109375 0.9769235078125 0.2495054015625 0.7375889828125 0.0300544484375 0.6504846046874999 0.026505217187500003 0.1953273375 0.2202844859375 0.1802562609375 0.239226684375 0.16775583125 0.240154090625 0.1664204703125 0.24486133593749998 0.177803878125 0.2674054625 0.52906620625 0.5878279125 0.6161527 0.6650096921875 0.6245560671875 0.6703855671875
0 0.54689303125 0.20837413593749998 0.5471932515625 0.23417503437499998 0.6016579140625 0.37507445 0.6156847546875001 0.38585854999999997 0.6256600203125 0.40685516093749996 0.6298298609375 0.406806640625 0.635116721875 0.3832865859375 0.6546012953125 0.265767178125 0.673451015625 0.21315711093749998 0.66907193125 0.1952231890625 0.6314159874999999 0.18471403749999998 0.5786434781249999 0.1892378578125 0.563417740625 0.1948886828125 0.54689303125 0.20837413593749998
1 0.6246845921874999 0.20355919375 0.599665540625 0.2038503171875 0.57343849375 0.219794521875 0.5750103921874999 0.2354152546875 0.5973951109375 0.24766600468750002 0.619625171875 0.24662538281250002 0.6403834046875 0.2385643265625 0.647096603125 0.2181554796875 0.6246845921874999 0.20355919375
7 0.37893883125 0.349515778125 0.43291024062499994 0.32855703125 0.457765534375 0.3141926921875 0.46439685468749997 0.28674723750000003 0.388666478125 0.22976405 0.36501008281249997 0.2276934625 0.3151175390625 0.24078523437500002 0.269540403125 0.2663380125 0.27244766249999997 0.2772515 0.35396526875 0.353716128125 0.37893883125 0.349515778125
11 0.291706778125 0.25982447343750004 0.28474794375 0.2591234953125 0.2709212515625 0.2655399921875 0.2724021734375 0.2733422734375 0.28218639218749997 0.27792013125000004 0.2933059703125 0.27779074375 0.30157287187500004 0.2714389390625 0.301500090625 0.2651841765625 0.291706778125 0.25982447343750004
11 0.4492893859375 0.302562053125 0.44094060468749996 0.30187724843749997 0.42709571718749995 0.30673005625 0.42579674531249995 0.3145646828125 0.43559915625 0.32070623125000003 0.4467187359375 0.32057684375 0.45777463125000006 0.31497453750000004 0.457674559375 0.3063742390625 0.4492893859375 0.302562053125
11 0.8666809859375 0.2132545296875 0.8541623625 0.21261824687500003 0.8305878453125001 0.21758426874999998 0.8279717062499999 0.23168983281250002 0.8349942218749999 0.237863728125 0.8600405671875 0.239918140625 0.878037103125 0.233453121875 0.8806896312499999 0.222474940625 0.8666809859375 0.2132545296875
11 0.7308723968749999 0.6081562703125 0.7183628718749999 0.6083018328125 0.7045543734375 0.6162820203125 0.7046635453125 0.6256641640625 0.7172367546875 0.630991521875 0.7352969734375 0.6299994203125 0.746316478125 0.6212697328125001 0.7406475171875 0.6119522828124999 0.7308723968749999 0.6081562703125
11 0.6952301656250001 0.41230124999999995 0.7034970687500001 0.4059494453125 0.7020525359375 0.401274546875 0.69645635625 0.39821185937500003 0.6839650265625 0.3999211109375 0.6813034 0.4101174484375 0.6952301656250001 0.41230124999999995
11 0.6705113359375 0.43839326874999995 0.669185071875 0.44388236093750005 0.676198490625 0.4492744109375 0.6845381749999999 0.44917736875000003 0.6914424234375 0.445187275 0.6885806484375 0.43818301249999997 0.6816036203125 0.43591834374999994 0.6705113359375 0.43839326874999995
11 0.7389917546875 0.46965642656249995 0.7417079656250001 0.4641511625 0.73470364375 0.45954095781250004 0.7277448093750001 0.45883997968749995 0.7222123140625001 0.461250209375 0.72371143125 0.47061617968749997 0.7389917546875 0.46965642656249995
11 0.8147201468749999 0.4070011015625 0.8049814171874999 0.40633247031249997 0.7939164265625 0.4111529296875 0.7939801078125 0.41662584843749995 0.8009753312500001 0.42045420624999996 0.8107049625 0.4203409921875 0.8189991593749999 0.416334725 0.8203163265625 0.4100637890625 0.8147201468749999 0.4070011015625
11 0.7658991359375 0.39271211093749997 0.7686426421875 0.3895523828125 0.7630282640625 0.3849260046875 0.747757040625 0.3866676046875 0.7478571125 0.39526790312500004 0.7576049406250001 0.3967183796875 0.7658991359375 0.39271211093749997
11 0.7972421765625 0.45803130468750003 0.8055272734375001 0.45324319218750003 0.8054635906250001 0.447770275 0.7901377796875 0.44482080156250003 0.7846234796875 0.44879472187499997 0.783315409375 0.4558475046875 0.7972421765625 0.45803130468750003
8 0.61082681875 0.5909161015625 0.6318622875 0.591030246875 0.6387522546875 0.5805563796875 0.6493269781250001 0.5582126234375 0.6677507281249999 0.5529804625 0.711600790625 0.5417183921875 0.756145825 0.535466015625 0.789910425 0.5339979453125 0.826196384375 0.52999125625 0.863647128125 0.5166532828125 0.898507015625 0.4997617734375 0.9250202625 0.47759069062500004 0.9375242374999999 0.45665858281249994 0.9417149328125 0.43331392968750004 0.946542225 0.40996186874999996 0.9379606953125 0.384615465625 0.9224488921875 0.3661597203125 0.905700025 0.3509431328125 0.882589378125 0.3368765375 0.8461380046875 0.3265480765625 0.8179874109374999 0.317557909375 0.7930656515625001 0.31211306875 0.7700717546875 0.3080798953125 0.7559387734375 0.2985677015625 0.7455920093749999 0.2857859015625 0.73709804375 0.2679647609375 0.7344112796875 0.2561690125 0.728549875 0.2454853859375 0.7055698765625 0.242527234375 0.6655102 0.2508777859375 0.6534148796875 0.2520937109375 0.558164121875 0.284822596875 0.5436090375 0.292078784375 0.5265112875 0.301595465625 0.5069463890625 0.3183097828125 0.4842443796875 0.3393613359375 0.46729952499999994 0.36213734999999997 0.45229225624999997 0.38704118125 0.442333278125 0.40758554062499996 0.43743370937500003 0.4248454796875 0.446052765625 0.4534169921875 0.45903209062499994 0.47333630624999995 0.4702545234375 0.506537175 0.48963315625000003 0.528531609375 0.5172958828125 0.5504304328125 0.5487448296874999 0.56905965 0.5705350328125001 0.57919979375 0.61082681875 0.5909161015625