2 0.275 0 0.25078125 0.2138888890625 0.22421875 0.49444444374999996 0.2515625 0.5333333328125 0.3328125 0.5486111109375 0.6890625 0.5875 0.70703125 0.5861111109375 0.73203125 0.5555555562500001 0.725 0.0513888890625 0.7234375 0.040277778125000004 0.71640625 0.030555556249999997 0.596875 0.01805555625 0.52890625 0.022222221875 0.51171875 0.01805555625 0.49375 0 0.275 0
8 0.41328125 0.31805555625 0.4265625 0.38333333281250004 0.45703125 0.45 0.48203125 0.48055555625 0.5171875 0.5097222218749999 0.56171875 0.525 0.61484375 0.515277778125 0.65390625 0.48333333281249996 0.65703125 0.47083333281249995 0.64375 0.4513888890625 0.63359375 0.40694444374999994 0.6390625 0.36944444375 0.6515625 0.3333333328125 0.65078125 0.32083333281250004 0.65703125 0.29444444375 0.65703125 0.2541666671875 0.64765625 0.20555555625 0.62109375 0.1513888890625 0.5875 0.12222222187500001 0.5484375 0.11805555625 0.52734375 0.1263888890625 0.4828125 0.1708333328125 0.4484375 0.15555555625 0.440625 0.14444444375 0.43203125 0.14861111093749999 0.425 0.1708333328125 0.428125 0.1861111109375 0.415625 0.26805555625 0.4109375 0.2736111109375 0.41328125 0.31805555625
9 0.5796875 0.3458333328125 0.60625 0.309722221875 0.6140625 0.2833333328125 0.61484375 0.2486111109375 0.6078125 0.21805555625 0.59296875 0.19305555624999998 0.5765625 0.18194444375000002 0.56015625 0.17916666718750002 0.54140625 0.1861111109375 0.52421875 0.20833333281250002 0.51640625 0.23194444375 0.51640625 0.28611111093749997 0.5328125 0.3263888890625 0.54765625 0.34444444375 0.5796875 0.3458333328125
10 0.5234375 0.13055555624999998 0.528125 0.1208333328125 0.553125 0.115277778125 0.56875 0.115277778125 0.62109375 0.147222221875 0.646875 0.19305555624999998 0.66171875 0.24722222187499998 0.6609375 0.3013888890625 0.65390625 0.3375 0.640625 0.36805555624999997 0.63671875 0.40277777812500004 0.63984375 0.43333333281249997 0.6578125 0.46666666718750005 0.665625 0.47083333281249995 0.7015625 0.44305555625000004 0.69765625 0.4361111109375 0.69765625 0.42222222187499997 0.709375 0.3958333328125 0.71953125 0.33055555625 0.721875 0.28194444375 0.71953125 0.240277778125 0.696875 0.08194444375 0.68125 0.0958333328125 0.66875 0.084722221875 0.6578125 0.08333333281250001 0.63828125 0.05694444375 0.61015625 0.034722221875 0.55625 0.0208333328125 0.51171875 0.03194444375 0.446875 0.061111110937500004 0.43984375 0.102777778125 0.440625 0.13194444375 0.4546875 0.15555555625 0.48984375 0.1611111109375 0.5234375 0.13055555624999998
0 0.48515625 0.309722221875 0.50703125 0.309722221875 0.48984375 0.272222221875 0.440625 0.2125 0.40546875 0.14861111093749999 0.38828125 0.127777778125 0.36796875 0.13333333281249998 0.3484375 0.18055555625 0.3453125 0.20277777812500003 0.409375 0.259722221875 0.4640625 0.2875 0.48515625 0.309722221875
1 0.403125 0.1888888890625 0.4015625 0.16944444375 0.39296875 0.15555555625 0.37890625 0.15555555625 0.36875 0.16944444375 0.36484375 0.1888888890625 0.3765625 0.20972222187499998 0.38984375 0.21111111093749999 0.403125 0.1888888890625
5 0.3296875 0.20555555625 0.3390625 0.184722221875 0.33984375 0.17361111093749998 0.3578125 0.13888888906250002 0.37578125 0.125 0.40078125 0.12222222187500001 0.4125 0.102777778125 0.41484375 0.0916666671875 0.4125 0.040277778125000004 0.4046875 0.03194444375 0.390625 0.03194444375 0.375 0.05 0.34765625 0.0625 0.3140625 0.0888888890625 0.30625 0.1 0.29609375 0.165277778125 0.29453125 0.19305555624999998 0.309375 0.20138888906250002 0.32421875 0.1986111109375 0.3296875 0.20555555625
11 0.30234375 0.4611111109375 0.30390625 0.44444444375 0.30078125 0.4375 0.290625 0.4361111109375 0.28671875 0.44166666718750003 0.2859375 0.45555555625000005 0.290625 0.46666666718750005 0.2984375 0.46805555625000006 0.30234375 0.4611111109375
11 0.38984375 0.3708333328125 0.37890625 0.36666666718749996 0.375 0.3736111109375 0.37578125 0.3875 0.3875 0.39305555625 0.38984375 0.3708333328125
11 0.46953125 0.0375 0.46171875 0.029166667187500002 0.45 0.040277778125000004 0.4515625 0.054166667187499996 0.45859375 0.061111110937500004 0.4703125 0.05 0.46953125 0.0375
11 0.6890625 0.0888888890625 0.69140625 0.07083333281250001 0.6828125 0.061111110937500004 0.6765625 0.0625 0.67109375 0.072222221875 0.6734375 0.08333333281250001 0.6796875 0.0916666671875 0.6890625 0.0888888890625
11 0.72109375 0.425 0.71640625 0.415277778125 0.70703125 0.41111111093749997 0.7 0.41944444374999995 0.7015625 0.44444444375 0.7125 0.4486111109375 0.72109375 0.4388888890625 0.72109375 0.425
7 0.29292578125 0.4225791671875 0.28855546875 0.46281249999999996 0.3281453125 0.47241388906250004 0.36105078125 0.473327778125 0.37930312499999996 0.47835694375 0.3867578125 0.455040278125 0.3885578125 0.40566250000000004 0.391128125 0.3850888890625 0.38958593750000003 0.3672583328125 0.3726890625 0.36045 0.334571875 0.353084721875 0.3008953125 0.34896944375 0.29678203124999997 0.364972221875 0.29292578125 0.4225791671875
11 0.5546875 0.3236111109375 0.5578125 0.3236111109375 0.56015625 0.322222221875 0.5625 0.31805555625 0.5625 0.3083333328125 0.5609375 0.302777778125 0.55546875 0.3 0.5515625 0.30416666718749996 0.55078125 0.30694444375 0.55078125 0.3166666671875 0.55234375 0.322222221875 0.5546875 0.3236111109375
11 0.53203125 0.28472222187499996 0.53515625 0.28472222187499996 0.53828125 0.28055555625 0.5390625 0.275 0.5375 0.2666666671875 0.53671875 0.26527777812500003 0.53203125 0.2625 0.528125 0.2666666671875 0.52734375 0.26944444375 0.52734375 0.27777777812500004 0.52890625 0.28194444375 0.53203125 0.28472222187499996
11 0.53828125 0.23472222187499997 0.54375 0.23472222187499997 0.5453125 0.23333333281250002 0.546875 0.22777777812500002 0.546875 0.21944444375 0.54609375 0.2166666671875 0.54453125 0.2138888890625 0.54140625 0.2125 0.53671875 0.215277778125 0.53515625 0.21805555625 0.53515625 0.22916666718749998 0.53671875 0.23333333281250002 0.53828125 0.23472222187499997
11 0.571875 0.222222221875 0.5765625 0.21805555625 0.578125 0.215277778125 0.578125 0.20833333281250002 0.5765625 0.20277777812500003 0.571875 0.2 0.56640625 0.20277777812500003 0.565625 0.20555555625 0.565625 0.2138888890625 0.56796875 0.21944444375 0.571875 0.222222221875
11 0.59765625 0.25833333281250004 0.6 0.25555555625 0.6015625 0.25 0.6015625 0.2416666671875 0.59921875 0.2375 0.59453125 0.23611111093749998 0.59140625 0.2375 0.58984375 0.2416666671875 0.5890625 0.24722222187499998 0.590625 0.2541666671875 0.59296875 0.25833333281250004 0.59765625 0.25833333281250004
11 0.58671875 0.3083333328125 0.59140625 0.3083333328125 0.59375 0.3013888890625 0.59375 0.29444444375 0.59296875 0.2888888890625 0.590625 0.28611111093749997 0.58671875 0.28611111093749997 0.58359375 0.290277778125 0.5828125 0.29305555625 0.5828125 0.302777778125 0.58359375 0.30555555624999997 0.58671875 0.3083333328125