2 0 0.5792108812500001 0.09736479375 0.6861927359375 0.11642544531250001 0.6907837140625 0.3786010625 0.6377157984374999 0.6845764328125 0.56803685 0.68447294375 0.560097165625 0.44480805625000003 0.3056410046875 0.42823504687499997 0.3031296625 0.385955740625 0.31054087343750003 0.03422300625 0.3829782796875 0.008770114062499999 0.39136753125 0 0.4444332765625 0 0.5792108812500001
7 0.13227403124999998 0.6377172796874999 0.1632893 0.6470667078125001 0.2540902375 0.6287370375 0.25736131875 0.6175104296875 0.2312642765625 0.58696791875 0.1669762890625 0.5733624546875 0.1036090734375 0.588449115625 0.10208862968750002 0.5976489359375 0.13227403124999998 0.6377172796874999
0 0.049527025 0.487392515625 0.04762646875 0.4988922890625 0.0619188109375 0.5152033625 0.11600281718750001 0.5220235875 0.28266624687499997 0.5243577875 0.3440062046875 0.521537553125 0.3521258671875 0.5152368671875001 0.0778941 0.4613702734375 0.0564260796875 0.4713456765625 0.049527025 0.487392515625
9 0.344156121875 0.5120645671874999 0.3741809765625 0.518840875 0.39686960312499997 0.518611625 0.42219579218750003 0.510989025 0.43381672812499994 0.5006347609375 0.43860825 0.48020833281249997 0.4311685359375 0.46526309218749995 0.41388173593750005 0.4499389890625 0.3862410375 0.43730263281250004 0.35883053125000003 0.4318393078125 0.3289091671875 0.4330026828125 0.3125663515625 0.43766437187499996 0.296200321875 0.45103239375 0.2922957234375 0.46609226093749995 0.29811150625 0.48229763906249995 0.3216174140625 0.50282083125 0.344156121875 0.5120645671874999
1 0.0992228296875 0.5036328796875 0.1184101859375 0.50745720625 0.13675704375 0.4992354265625 0.1354097328125 0.49025592500000004 0.12284481249999998 0.48062439843749993 0.0992924765625 0.4775138765625 0.08693453437500001 0.4837617140625 0.08417026718750001 0.4919217171875 0.0992228296875 0.5036328796875
5 0 0.517166303125 0.0053007328125 0.5237161718750001 0.02024980625 0.5274876515625 0.05428274843749999 0.5271437765625 0.063392825 0.5234162125 0.0501634625 0.5020524187500001 0.051082434375 0.4759253109375 0.0694739171875 0.46405857343749995 0.097784615625 0.4352423390625 0.0909552046875 0.42517017343749997 0.060216559375 0.40558110625 0.0386450484375 0.40761682656250003 0.0011678953125 0.4373666328125 0 0.4444332734375 0 0.517166303125
11 0.160674953125 0.6457537234374999 0.1592009390625 0.637540875 0.15148460156250002 0.632835271875 0.1446319734375 0.631469440625 0.1314103203125 0.63437750625 0.131030209375 0.6366774609375 0.14098078281249998 0.6449960046875 0.160674953125 0.6457537234374999
11 0.1986250765625 0.5788786265625 0.20334695468750003 0.5845712015625 0.2129406328125 0.586483365625 0.2219240078125 0.583522453125 0.220196584375 0.57684290625 0.21509459375 0.5734502875 0.20836867187500002 0.571317803125 0.1993852984375 0.574278715625 0.1986250765625 0.5788786265625
11 0.1099820109375 0.3957024671875 0.115440896875 0.405501465625 0.129019446875 0.40899978125 0.139119940625 0.40784533749999996 0.1417575 0.4004519859375 0.134547978125 0.39267977656249997 0.1166044453125 0.3898952671875 0.11023541875000001 0.3941691625 0.1099820109375 0.3957024671875
11 0.4006049796875 0.3332583265625 0.3967235953125 0.3396118578125 0.3952263671875 0.3401053453125 0.4050502359375 0.34919053906249997 0.4199993109375 0.3529620203125 0.42885598125 0.3507677578125 0.4305031296875 0.3408012875 0.42017244375 0.3347826984375 0.4092082421875 0.33259736875 0.4006049796875 0.3332583265625
11 0.597462484375 0.5126622656250001 0.605662421875 0.5230075984375 0.6152561000000001 0.5249197624999999 0.6286044578125 0.52124504375 0.6271304421874999 0.5130321953125 0.619540809375 0.507559940625 0.6057088515625 0.5055949296875 0.5978425953125 0.5103623125000001 0.597462484375 0.5126622656250001
10 0.5056648890625 0.46858118437499996 0.510960265625 0.484534753125 0.5119096078125 0.5027920890625001 0.5158632 0.516576853125 0.5251194859375 0.5257128437499999 0.5347802296874999 0.5323929765625001 0.5622892140625 0.5442159249999999 0.5742553265625 0.547234475 0.5853965140625 0.5415304812499999 0.5976534546875001 0.529075353125 0.6044980437499999 0.5253674265625 0.608591790625 0.52459876875 0.6157817359375 0.5222275171875 0.62482178125 0.518957971875 0.6296846781250001 0.5101004625 0.60831148125 0.49886694374999996 0.602378546875 0.49705010468750005 0.595866053125 0.48846099374999996 0.5862329359375 0.4713260859375 0.5773099921875 0.4498940953125 0.5497889890625001 0.4244384734375 0.5222993390624999 0.40564585781250007 0.4945053453125 0.3886947390625 0.471983675 0.3775490734375 0.455040040625 0.37036763906250003 0.447319971875 0.36565891562499997 0.444318925 0.349528325 0.43596711718750003 0.33835448437500004 0.4100861734375 0.3338295484375 0.395847415625 0.34113586093750004 0.39038425625 0.350190490625 0.36803780937499997 0.34827219062500003 0.332781003125 0.3421960609375 0.3079456703125 0.338197084375 0.2721623390625 0.342159528125 0.2455012078125 0.349208003125 0.2237356921875 0.35406225 0.20001016875 0.3639147546875 0.1796079953125 0.3810864125 0.1666686359375 0.3873830828125 0.14060639375 0.3942341640625 0.12220152656250001 0.3924679546875 0.11231859531249999 0.3939848984375 0.1092948859375 0.4054279046875 0.1190569953125 0.41149471562500006 0.12070299375 0.41182278906249997 0.13052930000000001 0.43121512031250003 0.148602075 0.4452783671875 0.1810561125 0.45459938749999995 0.209293103125 0.4551560796875 0.2231453625 0.44333568437500004 0.2433314234375 0.413757721875 0.2567876421875 0.40090731249999995 0.28874043125000004 0.3926946234375 0.3305568171875 0.3899346578125 0.350911903125 0.390188209375 0.37265945624999997 0.392303903125 0.41284322968750004 0.4028488125 0.439854684375 0.414255834375 0.466316684375 0.4255525484375 0.484044228125 0.438278353125 0.5056648890625 0.46858118437499996
8 0.5317334671875 0.5336878671874999 0.5151024718749999 0.5211798296875 0.504991284375 0.49665856093749994 0.49902327968750004 0.47106093437499996 0.48650536093749996 0.4508145703125 0.46714148125 0.434275859375 0.44218173437499997 0.4207420921875 0.411138125 0.4063132734375 0.3773425546875 0.3948219171875 0.3526085859375 0.390209621875 0.3153918953125 0.38913098125 0.290283571875 0.3936365109375 0.2747553328125 0.3984661 0.26196814375 0.4038420203125 0.2421045140625 0.42460777812500006 0.22404859687499998 0.44129679218750006 0.20855170781250001 0.4527893890625 0.18993431875 0.45573542187499994 0.1698424328125 0.45046296718749995 0.15383338124999998 0.44790564843749997 0.14206045625 0.447144521875 0.1363764828125 0.46439650312499997 0.1409303375 0.477984146875 0.1554492796875 0.496410425 0.1923788625 0.5300805234375 0.2195134921875 0.551021296875 0.24726634218750002 0.5647950109375001 0.2740737015625 0.5774284015625 0.32012993125 0.5935824109375 0.345809521875 0.5993342625 0.3737833140625 0.60490985625 0.40212179687500005 0.6048524609375 0.447963284375 0.6086004390624999 0.4793581953125 0.60376331875 0.49578137343749995 0.6003799453124999 0.5196082625 0.58991411875 0.549141059375 0.57234261875 0.56549174375 0.559118834375 0.572406475 0.5481338124999999 0.5513689671875001 0.5417218015625 0.5317334671875 0.5336878671874999