2 0 0.5636618765625 0.040201512499999995 0.5990545171874999 0.23954255156249998 0.7431712687500001 0.38540791093750004 0.8585460015624999 0.5070006203124999 0.9431071109375001 0.518038996875 0.946038165625 0.5264632484375 0.9419864578125001 0.5605966671875 0.907029621875 0.6181957296875 0.8779106531249999 0.8239010984374999 0.748589903125 0.8465779156250001 0.7286707640625 0.8830890703125001 0.7108529421875 0.8970143265624999 0.709048009375 0.901290096875 0.7042877812499999 0.8931931515624999 0.6942769890625 0.8794497328125 0.6882694203125 0.6516511953124999 0.5141930265625 0.518085815625 0.40719385468749997 0.494783828125 0.39432473749999997 0.469158659375 0.3619728578125 0 0.532150546875 0 0.5636618765625
5 0.44919203906250005 0.742635553125 0.3825981078125 0.7406742234375 0.379674859375 0.7469727109375001 0.37128697499999996 0.74946191875 0.377813190625 0.767309453125 0.3719666953125 0.7799064265625 0.35791415312499997 0.7871801078125 0.357786865625 0.7926488578125 0.40830293281249996 0.8292518609374999 0.45539786875 0.83389634375 0.47606754687499997 0.8405639468749999 0.474060409375 0.867150690625 0.4890836140625 0.8778215156250001 0.5224169484375001 0.8772396796875 0.62087566875 0.822417659375 0.6308160953125 0.8128729578125 0.6434251984375 0.80796726875 0.6649858828124999 0.776353621875 0.6226576796875001 0.745855159375 0.6087142390625 0.748441340625 0.6072162484375 0.753153084375 0.59321825625 0.758083015625 0.5901677203125 0.7698502515625 0.57337376875 0.7756099203125 0.5470757984375 0.7721642890625 0.4901677203125 0.771595759375 0.47110513750000005 0.7555289125 0.45451120468750006 0.7526948296875 0.44919203906250005 0.742635553125
7 0.6824344531250001 0.7424689546875001 0.6992102234375001 0.7374905375 0.7583981953125 0.699753575 0.758598215625 0.691159825 0.7438114 0.67033275 0.720745803125 0.6473073828125 0.713619521875 0.6552410984375 0.6955275984375 0.6571187593750001 0.6847256109375001 0.6440314546875 0.6816932609374999 0.655017440625 0.6721227843750001 0.6635795203125 0.6281335796875 0.6895324296875 0.63321635625 0.7097479578125 0.6676476375 0.7216418796874999 0.668727403125 0.7348988859375 0.6824344531250001 0.7424689546875001
9 0.366026703125 0.617576128125 0.3881034546875 0.6234382375 0.4325660828125 0.6218812078125 0.475948946875 0.6070671703125 0.49337933281249996 0.5739637515625 0.49233593750000004 0.5591442453125001 0.48295920625 0.544470196875 0.4527673265625 0.5293785468750001 0.42656027500000004 0.522026665625 0.40294916406250003 0.5224388 0.36248954843750003 0.53095435 0.33305012500000003 0.54318220625 0.3161107015625 0.555191875 0.3074864265625 0.5678373328124999 0.3070136484375 0.5881498328125 0.3217822796875 0.609758159375 0.3410448875 0.6172312546875001 0.366026703125 0.617576128125
0 0.5360010546875 0.770795734375 0.568109153125 0.7632068921874999 0.5809728296875 0.7473637046875 0.596286975 0.7455345296875 0.602188021875 0.73059380625 0.5941638140625 0.717458015625 0.58023855625 0.719262946875 0.5556931515625 0.7001680734375 0.51067116875 0.6064610906250001 0.4996873453125 0.6011862859375 0.48002469375 0.6109006906250001 0.4889104625 0.6466684875 0.48822639843750004 0.7357067453125 0.4821071453125 0.7600224671875 0.49435257187500004 0.7707417796875 0.5360010546875 0.770795734375
1 0.533586953125 0.755219221875 0.548846546875 0.755733796875 0.567174859375 0.7436998859374999 0.5660950953125 0.7304428781250001 0.55099915625 0.722897053125 0.5343324890625001 0.7231879718750001 0.520243578125 0.732024153125 0.5185455640625001 0.7453296453125 0.533586953125 0.755219221875
11 0.693258965625 0.6352922453125001 0.6833185390625001 0.6448369484375001 0.6832639875 0.6471806984375 0.6873033687500001 0.65257671875 0.695563965625 0.6555562593750001 0.7052861874999999 0.6553865578125 0.715172065625 0.6481856046875001 0.7153175359375 0.6419356046875 0.7057225984375 0.6366365578125001 0.693258965625 0.6352922453125001
11 0.6517516109375 0.7484710531250001 0.661346546875 0.7537701015625 0.671086953125 0.75281915 0.6767516109375 0.7480346765625 0.6769334484375 0.7402221765625 0.6672839625 0.7372668796874999 0.6615829375 0.7436138515625 0.65176979375 0.747689803125 0.6517516109375 0.7484710531250001
11 0.431777259375 0.5961242 0.42611260156249997 0.6009086734375 0.4260034984375 0.6055961734374999 0.43978328437499997 0.610041240625 0.451130784375 0.5996910468750001 0.4387398875 0.595221734375 0.431777259375 0.5961242
11 0.457231853125 0.5761565734375 0.45993689687500006 0.5792330875 0.469640934375 0.5798446359375 0.47667629843750003 0.5758171703125 0.4767854015625 0.5711296703125 0.46991369218749995 0.5681258859375 0.46158035937499997 0.56827134375 0.4573227734375 0.5722503234375 0.457231853125 0.5761565734375
11 0.4386602328125 0.538995978125 0.4329955734375 0.5437804500000001 0.43292283749999994 0.54690545 0.43425717500000005 0.5492249578124999 0.4481460640625 0.548982525 0.45249457031249996 0.5410972968750001 0.4386602328125 0.538995978125
11 0.3831592265625 0.537621953125 0.377512753125 0.5416251765625 0.3774036515625 0.5463126765624999 0.39266324531249996 0.5468272515625 0.39558649218749997 0.540528765625 0.3914925609375 0.5374764953125 0.3831592265625 0.537621953125
11 0.36838886875 0.60400914375 0.3746794015625 0.60812340625 0.389379215625 0.6059660296875 0.39363549062500003 0.6006118515625001 0.390009953125 0.594971984375 0.379166828125 0.592837978125 0.37270555625 0.596119003125 0.3676473171875 0.6035996031249999 0.36838886875 0.60400914375
11 0.3442021015625 0.5682530609375 0.34275353750000004 0.575732346875 0.3509415234375 0.5789685203125 0.36529585 0.5755497218750001 0.366906821875 0.570875053125 0.35542894999999997 0.5636830921875 0.35318462031250003 0.5632997828125 0.34482943593750004 0.567247203125 0.3442021015625 0.5682530609375
8 0.22558495937499998 0.4695387125 0.19874376875 0.48489882968750003 0.1658287578125 0.508307053125 0.144209115625 0.5268856203125 0.1336632703125 0.5753852187499999 0.130352228125 0.616477896875 0.14420096093749998 0.65363034375 0.174178065625 0.680574053125 0.2038822078125 0.693954603125 0.24117116562500002 0.7101812375 0.29914551718750004 0.7227372140625 0.35430503281250003 0.7297164859375 0.40193505625 0.7315324624999999 0.45147814375 0.7270277578125001 0.476933515625 0.720626478125 0.49233431562499996 0.7163866140625 0.5554003875 0.68715738125 0.5821042796875 0.67775583125 0.6078615468749999 0.658443590625 0.6205612125 0.6185107140625 0.629359071875 0.5945301125 0.6288593687499999 0.5654178578125 0.625789765625 0.5456154453125001 0.6065177671875001 0.5138516046875 0.5916101125 0.49690396875 0.5626258546875 0.4778850140625 0.5217727265625001 0.4630450546875 0.46513166562499997 0.44384662031250005 0.42470560781250005 0.435948725 0.34952666718750003 0.4293181125 0.3105590609375 0.43463156875 0.2672086453125 0.451272421875 0.22558495937499998 0.4695387125
11 0.49659175624999996 0.85348155 0.4908907296875 0.859828521875 0.490836178125 0.862172271875 0.4949119265625 0.8660057921875 0.5142836359375 0.8687913890625 0.5198573750000001 0.867913165625 0.525667503125 0.85687869375 0.521609940625 0.8522639234374999 0.504979640625 0.850992340625 0.49659175624999996 0.85348155