2 0.046716640625 0 0.039050253125 0.0635403296875 0.026667521875 0.32226241718750004 0.462874278125 0.5462895921875 0.48228417500000004 0.5471950031249999 0.496698121875 0.53925015625 0.9671753921875 0.24941006250000003 0.9805027718750001 0.236714234375 0.972783953125 0.226953584375 0.510803465625 0 0.046716640625 0
5 0.0447526359375 0 0.03915020625 0.0619782265625 0.0442960828125 0.0684853265625 0.0550876 0.0736890125 0.062069679687500004 0.073231321875 0.0750472296875 0.0660028546875 0.1034382421875 0.0352085109375 0.2221336328125 0.0274277640625 0.22866593281249997 0.033999537499999996 0.2562444296875 0.0376361328125 0.266036428125 0.058460851562500006 0.285246421875 0.062490465625000005 0.2944016359375 0.07153473906249999 0.315447834375 0.06859956406249999 0.31990694999999997 0.06410727031249999 0.34793523125000003 0.060714403125000004 0.352244421875 0.0585652640625 0.35165761406249996 0.0460037671875 0.3773128578125 0.0362331421875 0.3691071828125 0.012348890625000001 0.35579270625000003 0.003110603125 0.357661225 0 0.0447526359375 0
0 0.2194107671875 0.0265173671875 0.19589158281250002 0.024636890624999998 0.1371621328125 0.029731178125 0.10744757812500001 0.0377456828125 0.0828659984375 0.074201403125 0.0970671390625 0.09131487968749999 0.165925515625 0.12351206562499999 0.199923459375 0.15721665625 0.2212936828125 0.1926823515625 0.2790477890625 0.246296278125 0.3019672625 0.2575493734375 0.30961193124999997 0.22500389531249998 0.24377790781250003 0.10207538125 0.234885475 0.0671917359375 0.23524820625 0.0397902578125 0.2275793671875 0.0292485546875 0.2194107671875 0.0265173671875
1 0.1912567328125 0.0753405703125 0.1911696828125 0.0549685578125 0.17790518125000002 0.0449492171875 0.1529496 0.043785118750000004 0.1329899671875 0.0514712765625 0.129917271875 0.0560282421875 0.1328271375 0.075748546875 0.1558465640625 0.085439540625 0.17406994375 0.083156071875 0.1912567328125 0.0753405703125
9 0.5330756265625001 0.231510846875 0.49575510781250004 0.20626848125000002 0.442384340625 0.192811546875 0.392373225 0.19204545312500002 0.36127224999999996 0.1999952859375 0.3441354375 0.20702973593750001 0.31773055625 0.228516134375 0.308312559375 0.2453112375 0.307849875 0.2742748171875 0.32298765625 0.2984824296875 0.35248940625 0.315526246875 0.420960878125 0.33203773124999997 0.4640898625 0.331699409375 0.509105028125 0.3236152484375 0.5365464984375 0.307660884375 0.55329640625 0.2849407296875 0.5533093078125 0.2630066125 0.5422808171875 0.2397740671875 0.5330756265625001 0.231510846875
8 0.7254604171875 0.3748656828125 0.7506249406250001 0.34390359843749996 0.7699181484375 0.3071447875 0.7868806671875 0.23713703125 0.7838690828125 0.228460028125 0.7717279312499999 0.1952556046875 0.751936684375 0.1561714796875 0.7152561046875 0.11629873906249999 0.6686272671875 0.092532840625 0.6054532078125 0.0765308984375 0.5165292921875 0.0588256609375 0.4492545234375 0.0511681734375 0.375876028125 0.055276742187500005 0.31430274687500004 0.06997895625 0.2694934828125 0.08747175 0.22960821718750002 0.09766200781249999 0.186832621875 0.11123247968750001 0.1603153765625 0.12154416406249999 0.15116936718750001 0.12513471874999998 0.1452578484375 0.1338968515625 0.12368975 0.150465178125 0.1152654296875 0.1706595109375 0.1119408765625 0.2086653578125 0.11141326874999999 0.2447938625 0.126718009375 0.298230225 0.1346636875 0.341281909375 0.170775965625 0.3761058734375 0.23625828906250002 0.41179849218750003 0.3234913078125 0.44197778125 0.3999052515625 0.4601037671875 0.49083897031249996 0.46032912968749995 0.572795121875 0.4475820078125 0.6292256625 0.4296270125 0.6701345953125 0.40341654218749995 0.7254604171875 0.3748656828125
11 0.355009240625 0.2752972265625 0.3584501859375 0.271591740625 0.3598857875 0.2706269921875 0.35975854687500003 0.26546561562500004 0.34590612656249997 0.2601794671875 0.332683446875 0.266523028125 0.33100121250000003 0.2713422671875 0.3379417171875 0.2773369265625 0.3484218703125 0.278083525 0.355009240625 0.2752972265625
11 0.40098469843749995 0.315077109375 0.407083 0.312784246875 0.41130368749999996 0.309236559375 0.4109186546875 0.3029100171875 0.3980950296875 0.29586694375 0.3846779546875 0.29807692812500003 0.37840012343749996 0.3031972625 0.3789670546875 0.3086368828125 0.39189077031249997 0.3141374421875 0.40098469843749995 0.315077109375
11 0.4737845171875 0.3076466375 0.47944174375 0.3050754671875 0.48731959687500004 0.296420725 0.4862143203125 0.29224465624999996 0.470615284375 0.2928056765625 0.45912282656250003 0.293558253125 0.4523545453125 0.2991719609375 0.45572686406249996 0.303710728125 0.46693837031249996 0.3073272875 0.4737845171875 0.3076466375
11 0.4795320921875 0.2607417828125 0.4893423171875 0.2648084421875 0.4971007296875 0.2651703484375 0.508153496875 0.2641395265625 0.5103247953125 0.258826853125 0.5122808625 0.25685623281250003 0.5126426375 0.2512022015625 0.505081578125 0.247755921875 0.495987653125 0.2468162546875 0.4838417078125 0.250631928125 0.47800357031249996 0.2560305046875 0.4795320921875 0.2607417828125
11 0.4265010375 0.21676600000000001 0.4284541953125 0.22201255 0.43464547031249995 0.2253949328125 0.4446037203125 0.2271481171875 0.4510595046875 0.22641832812499998 0.46220958593750006 0.2238448640625 0.4616755375 0.2178913125 0.4587279046875 0.21388703750000002 0.45473503437499996 0.211896653125 0.44342482499999997 0.20982266875 0.43499514531249994 0.2127799796875 0.4265010375 0.21676600000000001
11 0.3574845875 0.222311090625 0.3528339328125 0.23060090625 0.35669521875 0.2346478 0.3680711953125 0.23569391875 0.375048928125 0.2339567609375 0.3835265484375 0.23022848749999997 0.3864797609375 0.22517006718750002 0.3841185625 0.22097614999999998 0.383662428125 0.22095487343750003 0.374632934375 0.21898649531249997 0.3663526203125 0.219631178125 0.3574845875 0.222311090625