2 0.021458234375 0.7013308140625 0.42004181718750006 0.8190940265625001 0.7714653375 0.9096832296875 0.78828323125 0.909292821875 0.80969106875 0.8954359609375 0.9922718765624999 0.6932503859375 0.9942514875 0.5231229359375 0.9890835046875001 0.5195177906249999 0.753458084375 0.4543156234375 0.3955877234375 0.359229153125 0.3765624984375 0.355217503125 0.36289794999999997 0.3574709265625 0.040799015625000004 0.6528636437500001 0.0171137125 0.6774225687500001 0.021458234375 0.7013308140625
5 0.5896222265625 0.8229022828125 0.60850730625 0.8261426999999999 0.6418278015625 0.8158817375 0.7238850953125 0.81823655 0.7748293578125 0.8042749 0.7868821625 0.80864203125 0.7976736546875001 0.80606805625 0.8127747968750001 0.7884851640625 0.8532779937500001 0.76353583125 0.8662068078124999 0.749488559375 0.8673981140624999 0.7405543015625 0.8205183406250001 0.714922759375 0.7891598890625 0.7359809953124999 0.722238609375 0.7549604546875 0.6972219843749999 0.7567029171875 0.64070689375 0.747752896875 0.6373082578125 0.7522850937500001 0.6072812578125 0.7651803078125 0.5752219453125 0.813361859375 0.5896222265625 0.8229022828125
0 0.7189451171875 0.7523262046875 0.7386010625 0.744318665625 0.7684529140625 0.7227145390625 0.7771422171875 0.708572059375 0.767472021875 0.6863364171875 0.7459591734375 0.6763802390625 0.7134446828125001 0.6523514406250001 0.6325788203125 0.6100828890625001 0.616636934375 0.5920588921875 0.5671648109375 0.56997504375 0.58317629375 0.6015486234375 0.64438608125 0.6828042 0.65135836875 0.7134282062499999 0.6809296703125 0.7522405796875 0.699674603125 0.754709765625 0.7189451171875 0.7523262046875
1 0.700515609375 0.7283576828125 0.7389164890625 0.722819328125 0.7438217234375 0.7188330234375 0.7443123 0.7060425984375 0.7347121125 0.6996823156249999 0.70776845 0.6985651875000001 0.6920717203125 0.705125465625 0.6842232921875 0.723895346875 0.700515609375 0.7283576828125
10 0.3778933 0.5019519031249999 0.41037291875 0.4870635375 0.42806682343749997 0.4682587265625 0.4323764703125 0.4532498078125 0.4203588015625 0.4258408734375 0.383324375 0.431153884375 0.3541733828125 0.4256346953125 0.3410694171875 0.43097305468749997 0.344643203125 0.43514977187500004 0.3397379671875 0.43913607656250003 0.32239449375 0.44437922968750004 0.3083095078125 0.44431895312499997 0.3043852921875 0.45370389375000003 0.278317509375 0.4651518453125 0.27243125468749996 0.4637395140625 0.2736925671875 0.47068061875 0.22488549687499998 0.5041484515625 0.18960283125 0.5345916296875 0.1606618640625 0.5766985171875 0.1493096578125 0.6071670390625 0.14724234375 0.6345157 0.1102429234375 0.647766390625 0.10414638125 0.6606869515625 0.1249234953125 0.65884928125 0.17127768593749998 0.68933356875 0.180247153125 0.7077130421875 0.1953481640625 0.7211096343750001 0.2349752234375 0.7455541875 0.305084725 0.7673549093750001 0.3599530703125 0.7749878046875 0.42203912343749994 0.7758700109375 0.5280618828125 0.7861878484375 0.585418109375 0.7378063015625 0.5734004390624999 0.710397365625 0.539274203125 0.6929891234375 0.48212839062499996 0.69605829375 0.42747019843749995 0.7050719890625 0.370429525 0.7009747140625 0.34551804375 0.69555073125 0.3059259890625 0.6790438578125 0.2702231453125 0.6452143625 0.263355996875 0.6074239109375 0.2757943640625 0.575187578125 0.2906152140625 0.5560622171875 0.356310315625 0.50709985 0.3778933 0.5019519031249999
9 0.437210790625 0.6502445375 0.47834458125 0.6442554984375 0.5123308 0.629913021875 0.5345445046874999 0.6127458859375 0.5477186078125 0.5923034015625 0.5470530140625 0.5654054265624999 0.5363316578124999 0.552875275 0.507005515625 0.5386471734375 0.4751216140625 0.5335786687499999 0.43507398750000004 0.537799896875 0.4057127109375 0.5466135999999999 0.3705351875 0.56989033125 0.358026809375 0.586251303125 0.354803325 0.5994924140625 0.3654545421875 0.6271266921875001 0.3878082640625 0.641710271875 0.437210790625 0.6502445375
11 0.967780553125 0.5881671734375 0.97748588125 0.5873610109375 0.98649048125 0.5826986796875 0.98740149375 0.57222195625 0.981234946875 0.56926715625 0.9660637984375 0.5709746890625 0.957059196875 0.575637021875 0.9572343468750001 0.584345934375 0.967780553125 0.5881671734375
11 0.79171816875 0.6029034578125 0.802789953125 0.6018719531250001 0.8131610078125 0.5969842765625 0.8162793515625 0.5909096140625001 0.8066791625 0.5845493312500001 0.792734321875 0.5852602890624999 0.7852363234374999 0.5904685125 0.785691765625 0.60071989375 0.79171816875 0.6029034578125
11 0.5313203734374999 0.78088441875 0.5110338343749999 0.7699316625 0.4920436140625 0.7738576921875 0.47648703125 0.7811892031250001 0.4811819828125 0.791535790625 0.4906420234375 0.7971248390625 0.5140119015625 0.7940652515625 0.5313203734374999 0.78088441875
11 0.10302508437499999 0.685496565625 0.1120646890625 0.6887719140625 0.1320009265625 0.6823068421875 0.141250815625 0.6712492984375 0.1356098453125 0.6634417546875 0.11973796875 0.66129311875 0.1039010953125 0.6670821625000001 0.097384115625 0.677689021875 0.10302508437499999 0.685496565625
11 0.31636809062500004 0.442195665625 0.3262135640625 0.442160734375 0.34068398437499997 0.4365970328125 0.3485674171875 0.42576483125 0.340333684375 0.41917920625000005 0.319416425 0.42024564218749993 0.30795920625 0.426901125 0.30512115624999997 0.4345182578125 0.31636809062500004 0.442195665625
8 0.4417047296875 0.46083215468749994 0.42959370625000004 0.478613025 0.40903679843749996 0.48963990625 0.385671303125 0.5001123953125 0.3602156125 0.5139838359375 0.3337043546875 0.527011 0.3235726234375 0.5358102812500001 0.3032611890625 0.56308949375 0.287353409375 0.57487800625 0.28023100156249997 0.590308678125 0.2768590234375 0.62141368125 0.2779579578125 0.6324335171875 0.283775784375 0.6594771500000001 0.3160136671875 0.67299948125 0.34333169531249996 0.6842780984375 0.36799822656250003 0.6909022203124999 0.3951365875 0.7011921140624999 0.41812022656250003 0.703511978125 0.44993296875000005 0.69979325625 0.4734992015625 0.6953977671875 0.4978528625 0.6903632484375 0.518095171875 0.68753425625 0.5430999671875 0.6910475453125 0.5591635265625 0.695017778125 0.5804163 0.7027140375 0.58764925 0.7127223125000001 0.5963659984375 0.7209591609375 0.6072388359375 0.7212028203124999 0.6315924984375 0.7161683 0.64882534375 0.7067071484375 0.7315505812499999 0.6519932859375001 0.7460412062499999 0.64077845625 0.763117184375 0.6155603281250001 0.7621981421874999 0.5856721359375 0.755934103125 0.5362991703125 0.738457378125 0.509650684375 0.7211603140625 0.4839909203125 0.6838457109375 0.4524678953125 0.6489801374999999 0.4393788953125 0.608001615625 0.43238973593749996 0.553161865625 0.4236130359375 0.501580009375 0.41786329999999994 0.46345495000000003 0.42160463750000005 0.44137101406249996 0.42422815468749997 0.435506496875 0.4267228 0.43959382343750003 0.4392865203125 0.4417047296875 0.46083215468749994
7 0.805267084375 0.5694052640625 0.7902811640625 0.59122366875 0.787157978125 0.5988671671875 0.802905571875 0.611035515625 0.8429394328125 0.6227630359375 0.8634946109375001 0.6315926890625 0.8936213640625 0.6434264671875 0.9135266359375 0.643707315625 0.9323317484375 0.6329693234375 0.95234965625 0.618976278125 0.9630891500000001 0.608549246875 0.9827266515625 0.5874904796875 0.98551308125 0.5829583609375 0.96482319375 0.5634582421875 0.9229463390625 0.551525475 0.9025708281249999 0.5436845453125 0.8717478453125 0.5329839328125 0.8440464546875001 0.534497125 0.8178271359375 0.5540954250000001 0.805267084375 0.5694052640625
11 0.5112447671875 0.600701346875 0.512471075 0.599704771875 0.51930335 0.5985780593750001 0.523122421875 0.596359565625 0.5240684390625 0.593820521875 0.5230874187500001 0.5884218859375 0.521440671875 0.5871047593750001 0.5185676171875 0.5867842109375 0.5144682515625 0.5874602390625 0.51324194375 0.5884568140625 0.5077761234375 0.589358184375 0.50532350625 0.5913513375 0.503291325 0.595658190625 0.5052183640625 0.5985177828125 0.5083717125 0.6003808 0.5112447671875 0.600701346875
11 0.4194470078125 0.6221945046874999 0.4188864234375 0.61910956875 0.4155929328125 0.61647531875 0.4032948390625 0.6185034015624999 0.400702075 0.6197253203125 0.39866989531249997 0.6240321734375 0.4001764953125 0.6245780640625 0.40073707968749994 0.6276629984375 0.4023838265625 0.628980125 0.40525688125 0.6293006734375 0.414822065625 0.6277232765625 0.41741482812499997 0.6265013578125 0.4194470078125 0.6221945046874999
11 0.49859650312500003 0.55433211875 0.48794515625 0.557677325 0.48741957812500003 0.5625300703125 0.489346615625 0.5653896625 0.49386641875 0.5670273359375 0.49673947343749997 0.5673478859375 0.5008388375 0.566671859375 0.505744075 0.562685553125 0.504763053125 0.5572869171875 0.502976159375 0.5551985578124999 0.49859650312500003 0.55433211875
11 0.4392433609375 0.5529992296875 0.43514399531250003 0.5536752578125 0.428732159375 0.5571156687500001 0.42792628906249996 0.5604259468749999 0.43258623749999997 0.5628348546875 0.43969880312500004 0.563250609375 0.44379816562499996 0.5625745828125 0.446250784375 0.5605814296875 0.446916509375 0.5564999187499999 0.442116415625 0.553319778125 0.4392433609375 0.5529992296875
11 0.40098249687500004 0.590288303125 0.4020686578125 0.58852049375 0.401508075 0.5854355578125 0.3982145828125 0.5828013078125001 0.3953415265625 0.582480759375 0.3912421640625 0.5831567859375 0.383463871875 0.5868225421875 0.38444489375 0.592221178125 0.3860916390625 0.593538303125 0.38745809531250003 0.5933129609375001 0.3904712953125 0.5944047421875001 0.39730357031249997 0.5932780296875 0.40098249687500004 0.590288303125
11 0.47946587812499997 0.6194458828125 0.475086221875 0.6185794421875 0.46688749218750003 0.619931496875 0.4629282734375 0.621378759375 0.4595296390625 0.6259109546875 0.4610362390625 0.6264568453125 0.46173696875000003 0.6303130140625 0.4662567703125 0.6319506875 0.4758219546875 0.6303732906249999 0.478274571875 0.6283801390625 0.48139291562500003 0.622305475 0.47946587812499997 0.6194458828125