2 0.23551596562500002 0.6946147859375 0.23416038593750002 0.7113404609375 0.23886908125 0.7205280453125 0.5664341234375 0.7720939203125 0.6296824890625 0.771900403125 0.7146143656249999 0.7877268640625 0.724526134375 0.7807778765625 0.7364493109375 0.6993484109375 0.7798140203124999 0.28124619375000004 0.7811696015625 0.264520515625 0.7725217046874999 0.24626316875 0.36011649375 0.1873514953125 0.35530414375 0.19225906875 0.3496186421875 0.21114397812500002 0.290327590625 0.45888641406249997 0.23551596562500002 0.6946147859375
5 0.3427351609375 0.40341111406249996 0.3446070796875 0.41075324375 0.3792345015625 0.4160551859375 0.38635534531250004 0.411501075 0.396520275 0.3806021 0.43829243125 0.336198296875 0.4548884703125 0.33168386875 0.474137871875 0.3120535734375 0.47912361875 0.2521395375 0.47056742968750004 0.2423628484375 0.46109223593750004 0.24232316874999998 0.4527653171875 0.253748125 0.3812239421875 0.2921827453125 0.36885417187499997 0.3086331 0.3480877390625 0.3774197140625 0.3427351609375 0.40341111406249996
9 0.5479260906250001 0.48139509687500004 0.5503602015625 0.5170453671875 0.5567454578125 0.5391895796874999 0.568184278125 0.5550520515625 0.6030529140625001 0.5589798218750001 0.6324094453125 0.5267860421874999 0.6431485125 0.5016193890625 0.6488918124999999 0.464398990625 0.6446774890625 0.42988725156249996 0.6310796796875 0.4038164875 0.616126290625 0.39447139999999997 0.6004951109375 0.393489153125 0.57884550625 0.40428532656250005 0.5632023828125 0.42587889375000004 0.552750384375 0.4539117078125 0.5479260906250001 0.48139509687500004
7 0.42468884375 0.593758325 0.40836985625000005 0.5291711343750001 0.34118229218749996 0.5202948875 0.3353592296875 0.5264588078125 0.3232187296875 0.5641108078125 0.29709971562500004 0.6588888234375 0.2990633421875 0.6747116140625 0.30838903125 0.6846061234375 0.3850517859375 0.6935220546875 0.42573346718750005 0.6193181234375 0.42468884375 0.593758325
1 0.41907693906250004 0.38264473906249996 0.4151716484375 0.4003911203125 0.42228054843749996 0.41841282656249995 0.43382302343749995 0.42018014062500003 0.44662936875000003 0.39674111875 0.4487544484375 0.3801332625 0.4406806890625 0.3676082359375 0.431733778125 0.3690605453125 0.41907693906250004 0.38264473906249996
0 0.45674844375 0.3616018171875 0.427852378125 0.3416552953125 0.40951003750000003 0.374124396875 0.4020323796875 0.41672365312500004 0.40548915 0.4285417546875 0.5140442765625 0.5213626125 0.5247713968750001 0.518771775 0.5312263984375 0.5000046859375 0.5285849812500001 0.4925447328125 0.45674844375 0.3616018171875
10 0.70826764375 0.30086580937499996 0.6929064031250001 0.2747621078125 0.6604872546875 0.249699946875 0.6418467 0.24227807812500002 0.605337996875 0.2376010703125 0.5850089390625001 0.24271090625 0.5460897703125001 0.260503521875 0.532732365625 0.26668081250000003 0.5276052828125 0.25219256562500003 0.5137500125 0.2582936265625 0.5057648046875001 0.2863047984375 0.493200825 0.320008603125 0.4957703109375 0.3432421375 0.5010450546875 0.371456215625 0.5173223921875 0.3748614859375 0.55639786875 0.3561784078125 0.5852988078125 0.331369725 0.618701315625 0.3246082734375 0.65390215625 0.3309109953125 0.682582725 0.36270882968749996 0.6950353953125 0.41120730156249996 0.6986424109375 0.46931423906249997 0.6946324890625 0.5125502843749999 0.6838361640625 0.5565760281250001 0.6592822640625 0.6003212609374999 0.6547536984375 0.6261199203125 0.6549807484375 0.662698015625 0.6698735484375 0.6914703546875 0.6700296140625001 0.6905812671875 0.691949484375 0.6793213015624999 0.7072689249999999 0.6707040640625 0.716701490625 0.669406546875 0.7357894640625 0.6567999953125 0.7202429734375 0.6288391390625 0.7257086578124999 0.5977018328125 0.7371294875000001 0.5501183640625 0.745072896875 0.48738625 0.7523918 0.42821186093749997 0.7456321078125 0.3851528046875 0.7349767625 0.349719765625 0.743518446875 0.3272759328125 0.748672 0.2979168015625 0.72922985625 0.2775819625 0.715648884375 0.29377489687499997 0.70826764375 0.30086580937499996
8 0.6521374921875001 0.6293740984375 0.66158686875 0.59884675 0.670040515625 0.5681669406250001 0.6809837296875 0.537866909375 0.6860490046875001 0.5002731765624999 0.6901177796875 0.4625268625 0.6911313328124999 0.433448234375 0.68004538125 0.3888137828125 0.67093460625 0.3737155765625 0.645487109375 0.3497208734375 0.6171698859375 0.33624963124999996 0.5909027359375 0.3285744203125 0.5752711640625 0.338969834375 0.5562709859375 0.3598137359375 0.5224294656249999 0.37198869375 0.50664999375 0.36865965312500004 0.49153309843750004 0.3499014640625 0.48250195468749996 0.35765415 0.47000576250000003 0.382234265625 0.4682284515625 0.3865298734375 0.449152753125 0.46574800468750005 0.445905675 0.4991328234375 0.4457911671875 0.5347442265625 0.44835224843750004 0.5725926765625 0.45172356718750006 0.608737809375 0.46468351874999997 0.6426963390625 0.48373685625 0.6885507078125 0.5089308296875 0.719814696875 0.54094956875 0.73842043125 0.5650976078125 0.7494259328124999 0.588131440625 0.7492993890624999 0.6333675624999999 0.7333869671875 0.657444615625 0.7069252890625 0.6612133890624999 0.7029346000000001 0.657706784375 0.6850397140625 0.6542387796875 0.655274896875 0.6521374921875001 0.6293740984375
11 0.3057017578125 0.6729058421875 0.311570675 0.67098225 0.3163371734375 0.6618343453125 0.3174515375 0.6464828406249999 0.313029909375 0.640161415625 0.3023027875 0.6427522531250001 0.299741134375 0.6663487765625 0.3057017578125 0.6729058421875
11 0.398858828125 0.596858903125 0.4057843109375 0.5979192906249999 0.4128134484375 0.5848845234375 0.412434671875 0.573537703125 0.407771828125 0.5685904484375001 0.3996402703125 0.5744009078125 0.39621741093749996 0.5893989515625 0.398858828125 0.596858903125
11 0.5202977484375 0.24715504687499998 0.5142334703125 0.2546931390625 0.514612246875 0.26603995937499997 0.5185514453125 0.275109721875 0.5282678546875 0.2737752328125 0.53303435 0.2646273296875 0.5341945703125 0.253516153125 0.5292446578125001 0.2457027390625 0.5202977484375 0.24715504687499998
11 0.7285905609375 0.2804586796875 0.7248347765625 0.2883502359375 0.72862446875 0.307274828125 0.737617234375 0.310062846875 0.7444510109375 0.3026425765625 0.746380728125 0.29164922031249996 0.743980525 0.2828150984375 0.73931768125 0.2778678453125 0.7285905609375 0.2804586796875
11 0.713250690625 0.6379411625 0.709299546875 0.651447215625 0.7102524609375 0.66852635625 0.7126068109375 0.673120146875 0.7241034296875 0.6706471328125 0.729639425 0.6616170484375 0.7307537890625 0.6462655421875 0.7242190265625 0.6339761562499999 0.713250690625 0.6379411625
11 0.590615325 0.5217978828125001 0.5869631937500001 0.5155942796875 0.5818637765625 0.51763569375 0.578590421875 0.5227789078125 0.5779584843750001 0.535382075 0.5856534671875 0.5365602843749999 0.590615325 0.5217978828125001
11 0.6055247859375 0.43235904375 0.6124502703125 0.43341943125000004 0.616975553125 0.4256456984375 0.6168838453125 0.41716503749999995 0.6081781484375 0.417243178125 0.6055247859375 0.43235904375
11 0.5699544703125 0.48194574531249995 0.5660611249999999 0.47711630937500005 0.5612487749999999 0.4820238828125 0.559606125 0.49588339843749996 0.5645101828125 0.499456484375 0.5685530359375 0.49443109218750003 0.5699544703125 0.48194574531249995
11 0.6133157625 0.523188025 0.6197643234375 0.5216805609375 0.6239956875 0.512349121875 0.6233936609375 0.5044168546875001 0.6203227609375 0.5014518296875 0.6150193625 0.49976209843749997 0.6128155093750001 0.5067172375 0.6133157625 0.523188025
11 0.6317301859375 0.45229716093750005 0.6259498671875 0.4534864359375 0.6236756734375 0.45848348281250006 0.6248725765625001 0.4675778609375 0.6303085187499999 0.47411244375 0.6352302609375 0.46880675624999996 0.6353585890625 0.4567092640625 0.6326541390625 0.4516611140625 0.6317301859375 0.45229716093750005
11 0.5847253703125 0.4496692203125 0.58672458125 0.4371455796875 0.5852958921875 0.43051054375 0.5827354015624999 0.42691105937499996 0.579505584375 0.42712913593749996 0.5773797593750001 0.4278732609375 0.5727479578125 0.43607376875000003 0.5712975546875 0.4454754125 0.57454765625 0.4531005296875 0.57896641875 0.45520231874999995 0.5847253703125 0.4496692203125