10 0 0.6922080109375 0.0196827 0.8191628312500001 0.055019185937500006 0.8264775953125 0.1083376984375 0.8302816500000001 0.121451828125 0.84133270625 0.12855831874999998 0.8412100499999999 0.1484639375 0.83172264375 0.170019046875 0.8328745812499999 0.18062048125000002 0.8461025718749999 0.23758899375000003 0.8182973734375001 0.2540393484375 0.8049072734375 0.26141993750000003 0.788168575 0.2532915171875 0.763315703125 0.244889 0.7550788734375 0.21367502031250002 0.746778571875 0.1900784984375 0.750843378125 0.123018290625 0.75032445 0.07068080624999999 0.7344640734375 0.031770010937499996 0.6949027609375 0.0271749953125 0.6652645859375 0.032474490625000005 0.6442946796875 0.04590118125 0.620593746875 0.0700855859375 0.59274480625 0.100591415625 0.5689014890624999 0.1438182328125 0.54438141875 0.17997824375 0.529431953125 0.2698486859375 0.5024304546875 0.308010428125 0.47281629531249997 0.31448813124999997 0.459445921875 0.3115426078125 0.4404470921875 0.2933249421875 0.44243789375000003 0.2597160890625 0.437074478125 0.2485652296875 0.42949467500000005 0.246759459375 0.43623132499999995 0.2337246890625 0.4440761703125 0.217352475 0.448778271875 0.20278603281250002 0.446743725 0.1992526296875 0.4515290296875 0.067883 0.505001946875 0.020769315625 0.5320274625 0 0.5473956 0 0.6922080109375
9 0.21869796875 0.6872569093750001 0.26644043906250003 0.6734791125 0.29926300625 0.65538690625 0.3254106859375 0.6310092203125001 0.333929803125 0.6124221015625 0.33153370312499997 0.5877750859375 0.31496430625 0.572821334375 0.2836325078125 0.56376108125 0.2508484 0.5637173375 0.200004128125 0.5758722984375 0.17095060625 0.59069910625 0.1404447765625 0.6145424265625 0.12646866406249999 0.64389154375 0.1332229125 0.6690729281250001 0.15254064843749998 0.6833696546875 0.1848931546875 0.6898215375000001 0.21869796875 0.6872569093750001
5 0.2578492984375 0.8386737265624999 0.1994681578125 0.8849433843750001 0.1961703953125 0.89124859375 0.2021780390625 0.9024223093750001 0.21458524375 0.9089136468750001 0.2578914234375 0.903289478125 0.303789665625 0.9143842796874999 0.33508178437499997 0.9139965828125 0.37265564375000004 0.9081665578125 0.3974303765625 0.9117012828125001 0.4111720734375 0.9084161578125001 0.42098721875 0.8981885265624999 0.501394753125 0.85611061875 0.518983634375 0.8408720984375 0.50975636875 0.827315596875 0.5064177015625 0.79658895625 0.49141965781249997 0.800962546875 0.4812510484375 0.8089103203124999 0.45376765781249995 0.8154805703125 0.419570921875 0.8339012875 0.375244034375 0.8421338281249999 0.318470259375 0.8344270796875 0.3076728640625 0.8291271359374999 0.2578492984375 0.8386737265624999
2 0 0.6922080140625 0.02486681875 0.8526007718749999 0.24875606718749999 0.986516184375 0.4042071171875 0.9792759343749999 0.8029233140625 0.7052144421875 0.8152114765625 0.6833619265624999 0.82746118125 0.6796453625 0.8281284250000001 0.6747571296875 0.8137182640624999 0.6553465875 0.421280209375 0.422094134375 0.324299609375 0.36646658906249996 0.3152298453125 0.36311799218749996 0.2985041703125 0.3655402375 0.00482870625 0.5303214265625 0 0.53388488125 0 0.6922080140625
0 0.456436634375 0.7959276421875 0.45254854531250005 0.7708491875 0.3790045203125 0.6457811296875 0.36361333125 0.6384269109375 0.35081298125 0.6202077625 0.346690471875 0.6211933000000001 0.344728421875 0.645305946875 0.3417890125 0.7642266171875 0.330444640625 0.8197426562500001 0.3372770296875 0.8362360437499999 0.3760290984375 0.8380055499999999 0.42765843593749997 0.8217223078125 0.44194955468749997 0.8127889968750001 0.456436634375 0.7959276421875
1 0.380072246875 0.818124109375 0.40480729687499994 0.812210884375 0.4285601 0.7907700828124999 0.4248295125 0.7758995296875 0.400957665625 0.7689964796875 0.3790887734375 0.775012634375 0.3596544390625 0.787539853125 0.3558469359375 0.8089411999999999 0.380072246875 0.818124109375
7 0.6031131953125 0.6205774421875 0.5525839265625 0.653148215625 0.5299696515625001 0.6727405984375 0.5272225359375 0.7009815234375 0.6101464375 0.739478384375 0.63386078125 0.73617353125 0.68144575 0.7121878296874999 0.723023075 0.6770284140625 0.7186252453125 0.6670460921875 0.6272591421875 0.610864453125 0.6031131953125 0.6205774421875
11 0.7019789296875001 0.6883642390625 0.7089676 0.6874816296875 0.721766728125 0.678116878125 0.7192143484375 0.670845859375 0.7088882359374999 0.668585728125 0.6978948796875 0.671213828125 0.6905924296875 0.6792645281249999 0.691534996875 0.6853441546875 0.7019789296875001 0.6883642390625
11 0.5399819828125 0.682168821875 0.5483448203125 0.6809577 0.561379590625 0.6731128546875 0.5615755515624999 0.665184809375 0.5510137984375 0.6614047734375 0.5400204421875 0.664032871875 0.5298518296875 0.6719806453125 0.5311478609375 0.6803401296875 0.5399819828125 0.682168821875
11 0.1390816140625 0.8631260375 0.1515669609375 0.8609293796875 0.1742209171875 0.8507849468750001 0.1748484796875 0.8364487625000001 0.16703506562499998 0.8320117 0.1419465515625 0.8356450656250001 0.1250249140625 0.845995353125 0.12392606875 0.857291725 0.1390816140625 0.8631260375
11 0.21860882343750002 0.4476898078125 0.23097634843749998 0.44473319531250005 0.243539834375 0.4338485375 0.2421259859375 0.42472909843749995 0.2289337125 0.42236603749999996 0.211187328125 0.4273966546875 0.20149000312499998 0.43838424062500003 0.20840053281249998 0.4461896296875 0.21860882343750002 0.4476898078125
11 0.2811619359375 0.6305537625000001 0.2738594875 0.6386044640625 0.2759405828125 0.6428356703125 0.28190854375 0.6445614328125 0.29404042656249996 0.6400849140625 0.2952570953125 0.629548496875 0.2811619359375 0.6305537625000001
11 0.3020088984375 0.59956208125 0.302558321875 0.593913896875 0.2948627296875 0.5902367859375001 0.2866177109375 0.5922078625 0.2803359671875 0.5976501890625 0.28414469531250003 0.6038327453125001 0.29136900625 0.6044700421875 0.3020088984375 0.59956208125
11 0.22984393593750002 0.5845011125 0.22792034375 0.5904778109375 0.235498115625 0.5933949671875001 0.2424867859375 0.592512359375 0.24763000000000002 0.5889184484375 0.24484198125 0.5801275234375 0.22984393593750002 0.5845011125
11 0.16357246406249998 0.66260560625 0.1733094703125 0.6610659703125 0.1835959015625 0.6538781515625 0.1827711546875 0.6485584796875 0.17531120312499998 0.6464012765625 0.16569201718749998 0.6487008640624999 0.1580361046875 0.6544717046875 0.1576045015625 0.66087984375 0.16357246406249998 0.66260560625
11 0.21390699375 0.665546778125 0.2116299375 0.6692436171875 0.2178335421875 0.6724892859375 0.232713765625 0.6673557421874999 0.23141773593749998 0.6589962546875 0.22156290625000002 0.6597759375 0.21390699375 0.665546778125
11 0.1737783078125 0.6089379859374999 0.16624021718749998 0.615468778125 0.1670649625 0.6207884515625001 0.1826521125 0.620214625 0.18755968437499998 0.6151008109375 0.1878734671875 0.60793271875 0.1737783078125 0.6089379859374999
8 0.3398854953125 0.4374811390625 0.31903885625 0.44210304375 0.313673621875 0.453861359375 0.306311459375 0.478017375 0.2887951828125 0.4872622265625 0.24693924531250003 0.5081050625 0.2036978828125 0.5242217375 0.17046619375 0.5332498546875 0.1350909890625 0.545319484375 0.099861 0.5667456328125 0.0676912109375 0.59105215625 0.044521609375 0.6186261828124999 0.03505250625 0.641840478125 0.03415154375 0.6655355296875001 0.032621209375 0.6893810390625 0.0446467625 0.7121531734375 0.0625761484375 0.7266501859375001 0.08127975625 0.73771190625 0.10612318437499998 0.7462213734375001 0.143657259375 0.7480858140625 0.17278508125 0.7505136765625 0.1982220796875 0.7502127140625 0.22155351093750003 0.7489696984374999 0.23687279218750001 0.755060415625 0.2488977453125 0.765189675 0.259789271875 0.7806472578125 0.2640915390625 0.791539059375 0.271382775 0.80063264375 0.2945508296875 0.7983450234375 0.33305847499999996 0.7811926734375 0.34486686093749996 0.777286065625 0.43463566406250004 0.7239557171875 0.44803923125 0.7136086953125 0.4636461234375 0.7004864359375 0.480694434375 0.6797941046875 0.500245696875 0.6541687546875 0.5138558390625 0.6281581187499999 0.5252511140625 0.600509646875 0.5322539500000001 0.5782459015625 0.53470371875 0.56032161875 0.5221921546875 0.5344146765625 0.5065669125000001 0.5179214187500001 0.49083302656249994 0.48808840781249996 0.46858195 0.4710125953125 0.438140709375 0.4558939578125 0.40440513749999996 0.444813865625 0.38141575781250003 0.43983407812499997 0.3398854953125 0.4374811390625