2 0.20015518437500002 0.719809421875 0.40730976874999997 0.6958119421875 0.8534287125000001 0.656526125 0.917937921875 0.643377996875 0.96410255625 0.64252515625 0.9716480421875 0.6378249390625 0.9748304125 0.5694981593749999 0.97787820625 0.46478420781249996 0.95584130625 0.0934370984375 0.9498838515625 0.0294345578125 0.9489170124999999 0.027610665625000003 0.4956366046875 0.014421551562500001 0.21061623593749998 0.0111060515625 0.20259637812500003 0.017962025 0.19177190625 0.49733541406250004 0.1939821125 0.63634643125 0.18972275 0.67521276875 0.1928093734375 0.676638528125 0.190558375 0.7002398453125 0.20015518437500002 0.719809421875
5 0.41351145625 0.025974907812499996 0.408403046875 0.01340680625 0.2684669234375 0.0117789984375 0.2652586265625 0.1757443390625 0.2764728265625 0.2203500859375 0.3493792671875 0.21424890625 0.35088893906249996 0.1892491125 0.34428445625 0.14747669375 0.347923809375 0.1030437296875 0.3697593984375 0.07828037812500001 0.37362779062499996 0.0797152296875 0.40322718125 0.0300248359375 0.41351145625 0.025974907812499996
0 0.392862025 0.0368535265625 0.3712016125 0.0824667125 0.34952778125 0.1016725359375 0.3474385390625 0.119716321875 0.3456053515625 0.155831178125 0.353935125 0.1920642546875 0.381350796875 0.2174005203125 0.4075668890625 0.23021415781250001 0.43895885 0.226409765625 0.455591553125 0.2460611875 0.5199254078125 0.2926747046875 0.5824396734375 0.3211989625 0.6067553 0.31870210781249997 0.6057579171875 0.29923256249999997 0.5970641921875 0.27550393125 0.5582051031249999 0.2403055765625 0.4689492125 0.1364181796875 0.4184176703125 0.0454899203125 0.41002043906249996 0.038442976562499995 0.392862025 0.0368535265625
1 0.427892984375 0.1498391234375 0.4330284125 0.134610478125 0.4332171890625 0.10125619999999999 0.4183097734375 0.07606543437499999 0.4081872546875 0.07455783125 0.39938563125000004 0.0814047125 0.3870121125 0.10349842499999999 0.385502440625 0.12849821875 0.390988221875 0.1549692421875 0.40559914375000006 0.1634783203125 0.415802540625 0.1622071578125 0.427892984375 0.1498391234375
7 0.30086915468750003 0.2956859421875 0.297876828125 0.3178887828125 0.2938330828125 0.3762155734375 0.2958545125 0.5485808671875 0.3019468828125 0.5542111484375 0.304750434375 0.5653625859375 0.35096893125 0.5895277234375 0.37833074375 0.5898460109375 0.396513559375 0.58310825625 0.3976188390625 0.5720022890625 0.3915264671875 0.5663720078125001 0.3882646640625 0.544096415625 0.39023258906249997 0.530220778125 0.403846125 0.5192603124999999 0.3979292859375 0.3732569125 0.3310345171875 0.30715566562499996 0.3244030140625 0.2931799953125 0.30086915468750003 0.2956859421875
9 0.6367189984375 0.0952843171875 0.6257472546875 0.1229537484375 0.6214878921875 0.16182008750000001 0.6088312984375001 0.1936394828125 0.6040732453125 0.222771046875 0.600811265625 0.28110693124999997 0.6165138671875 0.3327141546875 0.6352492328125 0.3607291546875 0.6645115125000001 0.3763579328125 0.68249213125 0.3765670921875 0.701537590625 0.3670596671875 0.7623537640625 0.2927150453125 0.779566215625 0.23871099999999998 0.779687709375 0.153931378125 0.7757654609375 0.12747854375 0.7588766984374999 0.089756053125 0.74529018125 0.072919771875 0.6998534515625 0.048763725 0.6778426843750001 0.052677245312499996 0.6554679625000001 0.0690952078125 0.6367189984375 0.0952843171875
11 0.31688185 0.309770740625 0.30675933125 0.3082631375 0.3019069765625 0.3137661046875 0.298577715625 0.320676640625 0.29805200625 0.3387386171875 0.3016777625 0.3485097640625 0.3109376359375 0.3527870390625 0.3197796984375 0.344550775 0.3233515953125 0.32930394375 0.31688185 0.309770740625
11 0.389909075 0.5413358390624999 0.39082557812499996 0.5635841484374999 0.3998832578125 0.5748083375 0.407781796875 0.572120509375 0.4159634109375 0.5597070046875 0.417351765625 0.538875359375 0.4106798234375 0.5262890703124999 0.39738980156250003 0.5261344734375 0.389909075 0.5413358390624999
11 0.7106629046874999 0.26848625 0.7094363078125 0.283760365625 0.713803390625 0.29492999062499997 0.7231037046875 0.2978178828125 0.7287782625 0.290934625 0.73173015 0.27012116875 0.7242360031249999 0.25891516875 0.7203676109375 0.25748031562499996 0.7106629046874999 0.26848625
11 0.6567041359375 0.2782199296875 0.664622134375 0.289453096875 0.6791008140625 0.2679259140625 0.6748606234375 0.2549759734375 0.666891428125 0.24550176562499998 0.659882040625 0.24835142656250003 0.655255171875 0.2600251859375 0.6567041359375 0.2782199296875
11 0.6362246515625001 0.199994265625 0.6433584609375 0.2041814875 0.6509187796875 0.19371488750000002 0.6527323546875 0.176732521875 0.6501059953125 0.164974390625 0.64236435625 0.159020546875 0.63529245 0.1753566171875 0.6362246515625001 0.199994265625
11 0.6747939953125 0.12128384375000001 0.6821723828125 0.12840649843750002 0.69214286875 0.11444882812499999 0.6920631187499999 0.0945118484375 0.6875499234375 0.0909416296875 0.678142471875 0.0855549265625 0.669996346875 0.1048097 0.6747939953125 0.12128384375000001
11 0.7258680921875 0.1341920609375 0.7339226156249999 0.14073467343749999 0.7438589296875 0.12795103125 0.7457977046875001 0.11800555937499999 0.7432907640625 0.10214457968749999 0.73101824375 0.092556378125 0.7210363546874999 0.11888916875 0.7258680921875 0.1341920609375
11 0.751085703125 0.22309131875000002 0.7613699781250001 0.219041390625 0.7696729109375 0.2024597375 0.7696190515625 0.17744175625 0.7533232812499999 0.1730826359375 0.7426750515625 0.18963700781249998 0.742971546875 0.20631869374999998 0.751085703125 0.22309131875000002
8 0.446948409375 0.218069075 0.44185780937499997 0.295677628125 0.4531019703125 0.3540585578125 0.47456637968750004 0.42262647031249995 0.49800396718749995 0.4789921875 0.5314661203125 0.5383501203125001 0.569774040625 0.58410216875 0.612522853125 0.6162408390625 0.68027775625 0.650828834375 0.737589946875 0.65509106875 0.801819125 0.6162857765624999 0.84053181875 0.5786221625 0.8854856515625 0.46552043125000003 0.9140210156249999 0.37452234375 0.9281673125 0.27760288437499997 0.9314796359375 0.21939128437500002 0.9342901046875 0.1367221609375 0.919908996875 0.061045545312500005 0.9005496234375 0.031336003125 0.891106584375 0.025928553124999996 0.7001341109375 0.020371821875 0.6669847859375 0.0235850125 0.56323516875 0.016624153125 0.541337640625 0.018527871874999997 0.49172758281249995 0.014376079687500001 0.4801485109375 0.050176035937499995 0.474738509375 0.0831943875 0.45596335468750004 0.1584853125 0.446948409375 0.218069075