2 0.8730181453125001 0.5320271125 0.88761030625 0.5239507375 0.723359809375 0.33580817343749997 0.7079959109375 0.336119640625 0.21856996718750002 0.49514527499999994 0.21112275937499997 0.504703646875 0.2121260203125 0.5147980265625 0.33250997031249996 0.6981005640625 0.35878101562500003 0.694880153125 0.8730181453125001 0.5320271125
5 0.434886465625 0.47491594218750005 0.4310406578125 0.4643840609375 0.400081334375 0.4626775203125 0.395238709375 0.4561975875 0.388248103125 0.4562685734375 0.282868115625 0.49433691093750004 0.2644365890625 0.5060277359375001 0.2720510328125 0.52631500625 0.304489546875 0.5710675328125 0.3234677328125 0.5789584750000001 0.3346835734375 0.57915549375 0.3657136265625 0.5674921953125 0.36739856249999997 0.5562823328125 0.358485053125 0.551087378125 0.3566328796875 0.5324515984375 0.3779005078125 0.50705194375 0.4285196953125 0.49534518437499997 0.434886465625 0.47491594218750005
0 0.4263910453125 0.544335090625 0.582711803125 0.5259586171875 0.5582800437500001 0.5195221484375 0.4557232703125 0.51558899375 0.3903446859375 0.5055264859374999 0.37659499375 0.50799793125 0.3498737953125 0.5348520546875 0.35833070624999996 0.549534396875 0.39228692187499997 0.55323141875 0.4263910453125 0.544335090625
1 0.37982985625 0.526464215625 0.382138628125 0.535612609375 0.3978112265625 0.53840710625 0.40879554375 0.5362746546875 0.416474271875 0.52904575625 0.40840323125 0.5182458703124999 0.38896844375 0.5198423125 0.37982985625 0.526464215625
9 0.5644989109375 0.5116862546875 0.59661584375 0.5250401546875 0.6435500125 0.5185008265625 0.6672807625 0.5038025484374999 0.6791782796875 0.48269532656249997 0.661267640625 0.45738259374999995 0.6299224484375 0.45179359999999996 0.6144042015625 0.45055208437500005 0.5787630453125 0.45806492343749994 0.5644795796875 0.4692472625 0.556267078125 0.48518705625 0.5644989109375 0.5116862546875
7 0.43288654375 0.6378529828125 0.45708033593749997 0.62781365 0.454076996875 0.6116768375 0.42994104687499995 0.58005366875 0.4227960890625 0.5785716734374999 0.371327990625 0.5817370359375 0.366491809375 0.589403434375 0.349134275 0.5978187984375001 0.3756561734375 0.6393668531250001 0.382955478125 0.64240183125 0.43288654375 0.6378529828125
11 0.36188070625 0.5852529750000001 0.34797666562499996 0.5861714375 0.34736571875 0.5941058406249999 0.3599642453125 0.5941333640625001 0.36188070625 0.5852529750000001
11 0.45561403125 0.6130603234375 0.4497038578125 0.6240021828125 0.45830867499999994 0.6260911734375 0.46645044531249996 0.6235212203125 0.46836690625 0.61464083125 0.45561403125 0.6130603234375
11 0.2738838734375 0.5025117953125 0.27035320625 0.5092322078125 0.27780685625 0.5138201671875 0.2929392359375 0.5111792296875 0.2891706 0.5014238390625 0.2738838734375 0.5025117953125
11 0.5743966296874999 0.5008316890625 0.5792899578124999 0.5002318453125 0.58421808125 0.49675744218749995 0.5841986312499999 0.49335115625 0.5829785015625 0.49049524843750003 0.579337828125 0.489462375 0.5713925875 0.489897959375 0.567008296875 0.49240892656249996 0.5656948953125001 0.49526102656250004 0.5688088625 0.4992743421875 0.5743966296874999 0.5008316890625
11 0.6103292609375 0.5053341078125 0.606023934375 0.5039504375 0.5962544578125 0.5069423468750001 0.591187684375 0.5106129421875 0.599783690625 0.5151198124999999 0.604861115625 0.5147669828125 0.6092278109375 0.5120789765625 0.6120233890625 0.5080588171875 0.6103292609375 0.5053341078125
11 0.6520633109375 0.4970963828125 0.6480546796875 0.49440310312499997 0.6406792515624999 0.49575599062500003 0.6360941578125 0.49945713906250006 0.6359489593750001 0.5060226953125 0.6414129109375 0.5079536140625 0.6490323203125 0.5042396874999999 0.6517147546875 0.49906704687500003 0.6520633109375 0.4970963828125
11 0.664751515625 0.47239789375 0.66045590625 0.471266896875 0.6507207328125 0.4729986484375 0.6492403359375001 0.477395178125 0.6529699796874999 0.481153825 0.6579522515625 0.48305419218749995 0.664677309375 0.47998748906250005 0.6657371953125 0.477795228125 0.664751515625 0.47239789375
11 0.619539859375 0.46471177812500003 0.619698375 0.4663066890625 0.6198824703125 0.46655370312500005 0.625075234375 0.46896664374999997 0.631354696875 0.467837703125 0.635255928125 0.465296353125 0.6376402859375 0.46195457656250005 0.6371392375 0.45851851562499996 0.6316297609375 0.45614361406250004 0.625553375 0.4576964375 0.619389253125 0.4615911515625 0.619539859375 0.46471177812500003
11 0.5904705078125 0.4760789234375 0.5930750453125 0.4749524765625 0.596457171875 0.471834996875 0.59521275625 0.4691290375 0.5921511578125 0.467262021875 0.5853106875 0.467562178125 0.5814270500000001 0.47028056874999996 0.5810682015624999 0.47310525156249994 0.5840162421875 0.47543496718749995 0.5904705078125 0.4760789234375
8 0.786709078125 0.43500658437500006 0.7698363234375 0.42058723125 0.7508992984375 0.40811150625000003 0.7256556640625 0.3928162890625 0.69614044375 0.39136106718749997 0.663957965625 0.3895985484375 0.6202024374999999 0.38883264375 0.5874645671875001 0.3928457828125 0.5565050281249999 0.3996000328125 0.52705705625 0.4101852 0.5007905703125 0.41868978593749995 0.4880828640625 0.42722365 0.470768378125 0.44245107812500006 0.45682359687499996 0.45747764062499996 0.44668294062499997 0.47668835156249995 0.434476703125 0.49784363750000005 0.43574281875 0.5105827453125 0.44520361406250003 0.54347669375 0.4611420609375 0.553973146875 0.479192921875 0.5688823453125 0.5002574531249999 0.5762345921875001 0.558343109375 0.5923665828125 0.5995971796874999 0.5906914421875 0.6382061343750001 0.5889177078125 0.6767083265625 0.582295953125 0.705764978125 0.5715473359375001 0.72725545 0.5604576859375 0.7483532203125 0.549204753125 0.7718882375 0.532156896875 0.7856047375 0.5148334734375 0.796280028125 0.4896382265625 0.7986500265625 0.471802915625 0.7977334375 0.4550047515625 0.786709078125 0.43500658437500006