2 0.300515471875 0.6371507203125 0.4657311984375 0.576230775 0.6444579046875 0.5068678109375 0.652335596875 0.4981704546875 0.652178490625 0.4359479109375 0.5400921828125 0.0939993765625 0.533161975 0.091182459375 0.20703874375 0.20647524687500002 0.2004861140625 0.22197403906250002 0.25180703125 0.5877603140625001 0.2725014890625 0.620283909375 0.288216990625 0.6354397546875 0.300515471875 0.6371507203125
5 0.24696654843750002 0.3213444015625 0.2549450640625 0.366391878125 0.2729331140625 0.3768348890625 0.29136676562499997 0.3772819078125 0.289776690625 0.36912018281250003 0.29865814999999996 0.3573862671875 0.29214540312500004 0.340334503125 0.29023403281250004 0.3223347828125 0.2956421890625 0.2886782734375 0.316765846875 0.2701776125 0.325619165625 0.25420484062500004 0.3117423515625 0.20754274218750002 0.29791007812500003 0.20614776406250002 0.2464201234375 0.277595559375 0.24391070468749998 0.2851869640625 0.248359634375 0.2998341375 0.24696654843750002 0.3213444015625
0 0.383631184375 0.355444159375 0.4082562875 0.36310494375 0.42589490156250004 0.35947110000000004 0.42507172187500003 0.35115138125 0.41758334843749995 0.34137503593749996 0.36697993906250004 0.315013175 0.3196247015625 0.2766630625 0.3009541796875 0.2790946109375 0.29321719375 0.30898624375 0.295184846875 0.3354636765625 0.3139679328125 0.3499875484375 0.3472939078125 0.35727069375 0.383631184375 0.355444159375
1 0.306993184375 0.301903509375 0.30424689531250004 0.31237348125 0.3045400484375 0.317972625 0.3063951359375 0.3274946359375 0.308458953125 0.3298992234375 0.3164210703125 0.3339184359375 0.3240900328125 0.332338503125 0.32943016406250003 0.3269936953125 0.330935815625 0.322438853125 0.33288706874999996 0.3078880203125 0.3300282125 0.3014025703125 0.3279643953125 0.2989979828125 0.321536071875 0.2946627859375 0.318203475 0.29393447031250003 0.31436899375 0.2947244375 0.313867109375 0.2962427171875 0.30876384843750004 0.29870895625 0.306993184375 0.301903509375
10 0.5795719609375001 0.4112892859375 0.5872409234375 0.40970935312499995 0.6042088062500001 0.38216065781249997 0.5977523406249999 0.37358660625 0.5996754515625 0.3547969171875 0.575559315625 0.231010765625 0.5281032546875 0.1389158203125 0.524826940625 0.1466652171875 0.5064214296875 0.150457053125 0.47124036875 0.1336518953125 0.41036241249999994 0.1405342125 0.3419444578125 0.2069801484375 0.342265753125 0.21681814843749997 0.3452653140625 0.24449787500000003 0.355905696875 0.26635881562499997 0.3625708921875 0.2678154453125 0.3957843015625 0.2581431703125 0.42411492031250003 0.2070303015625 0.44579674531249996 0.19548906875 0.471397475 0.1958744375 0.48401725000000007 0.2074234015625 0.5001502125 0.208344396875 0.515335690625 0.22077966875000002 0.5399209109374999 0.26099100937499997 0.5467033296875 0.3572207375 0.5493534546875 0.3708236109375 0.555781778125 0.3751588078125 0.5636195875000001 0.3990120078125 0.5795719609375001 0.4112892859375
9 0.48963171250000004 0.3590742328125 0.5038533046875 0.341995509375 0.5088158609375 0.31833499375 0.5081451296874999 0.29442014375 0.495649659375 0.2630371890625 0.4579310375 0.24958457968749997 0.4319691296875 0.27191176875 0.4251514875 0.286050271875 0.426059090625 0.30708655625 0.43027114843750003 0.3246122984375 0.44038150624999994 0.3437526640625 0.46842363125 0.3648583296875 0.48963171250000004 0.3590742328125
11 0.3085690953125 0.539279409375 0.3018757578125 0.5335839250000001 0.29526684531249997 0.5406050062500001 0.2976801 0.557086446875 0.3036065390625 0.5629399265624999 0.30997858125 0.5587974109375 0.3085690953125 0.539279409375
11 0.3536870078125 0.471974125 0.358818409375 0.47374674062500005 0.3631266328125 0.4671996375 0.3628053390625 0.457361640625 0.358412690625 0.4511921765625 0.34947494843750004 0.4544483828125 0.3487643359375 0.46308408593749995 0.3536870078125 0.471974125
11 0.34704771874999996 0.204513909375 0.354953553125 0.20005541093749998 0.3564310625 0.1912617125 0.35047648124999997 0.18116938124999998 0.343574415625 0.18259131875 0.3402981 0.1903407140625 0.3403543828125 0.19881842656249998 0.34704771874999996 0.204513909375
11 0.5252444 0.1324303703125 0.5169891296875 0.12281201718750001 0.5080795296875 0.1303070765625 0.5101996296875 0.1411893765625 0.516627953125 0.1455245734375 0.5245337859375 0.1410660734375 0.5252444 0.1324303703125
11 0.62052235625 0.3717253796875 0.6124758171875 0.3549896015625 0.6017392703125 0.35720150624999997 0.60208870625 0.3712783609375 0.6085451703125 0.3798524125 0.614945353125 0.3799487546875 0.62052235625 0.3717253796875
7 0.35856665468750004 0.5435948500000001 0.37597455625 0.52834423125 0.3689711375 0.4907093609375 0.3659746421875 0.4685810078125 0.3583590046875 0.44973741718750004 0.3420132171875 0.4501888390625 0.3446929859375 0.4723824453125 0.32956062343750003 0.48074917812500007 0.2901815578125 0.49276133125 0.294874978125 0.530470271875 0.3032632859375 0.570152978125 0.3264439578125 0.5507955828125 0.35856665468750004 0.5435948500000001
11 0.47674692500000004 0.3461649828125 0.47618875781250003 0.339205553125 0.473594915625 0.334080390625 0.4707642015625 0.33183379375 0.46616282499999995 0.332781753125 0.46619096562499995 0.337020609375 0.46725101562500004 0.3424617578125 0.46881294999999995 0.3463846265625 0.472675571875 0.3498335171875 0.4749762609375 0.3493595390625 0.47674692500000004 0.3461649828125
11 0.49754811718749997 0.3229710828125 0.49710562343750003 0.316855146875 0.49534759531250006 0.3138173625 0.491960728125 0.3109679984375 0.4916409328125 0.31103387968749996 0.4890664671875 0.3097914125 0.4878448796875 0.315067334375 0.48922342343749997 0.3212875546875 0.4918152671875 0.325186425 0.4951108796875 0.3262817390625 0.49754811718749997 0.3229710828125
11 0.48327026718750005 0.282607190625 0.48633034999999997 0.288479571875 0.49147047187500004 0.2896377453125 0.49404285468750003 0.2865949578125 0.49150673906250003 0.2791374921875 0.48690957343749997 0.2752060625 0.4839309890625 0.27744540156249997 0.48327026718750005 0.282607190625
11 0.46641257031250005 0.26405747812499997 0.46539737031249995 0.2601280875 0.46136248281250003 0.2589558640625 0.45852939531250003 0.2603615765625 0.4581646015625 0.26575669375 0.45964215625 0.27077367343750003 0.46179385625 0.2728432234375 0.46419654218749995 0.2723482296875 0.46583556406250004 0.269644878125 0.46641257031250005 0.26405747812499997
11 0.447386896875 0.2848269359375 0.44565669531249996 0.28193198124999996 0.4418628296875 0.278930178125 0.44035629218750005 0.2808068265625 0.43795568906250004 0.2855870734375 0.4400736046875 0.2904721296875 0.44303578281249995 0.29370469843749997 0.44571195 0.29418764375 0.44785299375000004 0.2906422984375 0.447386896875 0.2848269359375
11 0.44483033125000004 0.3151991984375 0.4429313875 0.3179645875 0.442630553125 0.3249736453125 0.44589480625 0.329326825 0.447618359375 0.33133601874999996 0.4513063265625 0.327177684375 0.4502978515625 0.32028980156250003 0.4486508640625 0.3178219765625 0.44483033125000004 0.3151991984375
8 0.5467409484375 0.325293196875 0.5458864 0.2977120453125 0.539713678125 0.25888732187499996 0.5301034640625 0.23989435312500001 0.5111759765625 0.212333775 0.493697915625 0.20113060625 0.47561297031249994 0.19930439375 0.45183382187500004 0.1968006140625 0.4457150109375 0.1992949671875 0.42825687187500006 0.2078267453125 0.41655581875000003 0.22627648437499998 0.3975505765625 0.2536322625 0.3910068953125 0.25929718125 0.37241860781249997 0.2655942296875 0.3602589578125 0.265631759375 0.3537562015625 0.26080395156249997 0.34860214843750004 0.25754754375 0.34399385 0.2856386546875 0.35209747343750003 0.3617538546875 0.3609122703125 0.3796160734375 0.3726265765625 0.4129794984375 0.39440512499999997 0.449822946875 0.411842025 0.47152171718749997 0.4367229328125 0.48860245156250004 0.4612860953125 0.4915601875 0.48830410156250004 0.494630490625 0.5198608578125 0.492447509375 0.5419479859375 0.4755594078125 0.5546892125 0.46244879843750003 0.576776340625 0.44556069843749996 0.5897530125 0.4175962359375 0.5710530296874999 0.4072616921875 0.551688665625 0.3810248953125 0.5464893859375 0.3543374171875 0.5467409484375 0.325293196875