2 0.5699274421875 0.33607057500000004 0.5206398734375 0.6362755203125 0.532150559375 0.6428503531249999 0.9114661484375001 0.6594790453125 0.9182682062499999 0.6568537984375 0.924115534375 0.6378314640625 0.9709005062499999 0.342424521875 0.9552267499999999 0.3360193734375 0.7448672671875001 0.33050548125 0.6531433609375 0.33189608437499996 0.5931544609375 0.3288625234375 0.5765931125 0.3311028859375 0.5699274421875 0.33607057500000004
5 0.7914317890625 0.389655546875 0.8280572812500001 0.3975547171875 0.841319365625 0.41031949843750004 0.8453222531250001 0.43128834375 0.8693676124999999 0.4381349390625 0.9178912859375 0.43537448124999995 0.9244660281250001 0.428845165625 0.9225327796875 0.41953196249999997 0.8983748203124999 0.38686195625 0.8707357437500001 0.3660738375 0.8133403703125 0.3598039 0.789795109375 0.3615462546875 0.7742794171875 0.38174533125 0.7914317890625 0.389655546875
0 0.742542290625 0.4339122515625 0.7197006546875 0.47162859687500003 0.7025244921875 0.487199353125 0.700521990625 0.5005863078125 0.7210190921875 0.4942721921875 0.7960473765625 0.44503675468750004 0.8378837078125001 0.42298220000000003 0.8412739015625 0.409538684375 0.8083113828125 0.39288087968749996 0.7971644 0.39255255624999996 0.7608333625 0.413600053125 0.7547132546875 0.42793750468749997 0.742542290625 0.4339122515625
1 0.8048757265625 0.40554358281249997 0.785493534375 0.407116253125 0.7776674921875 0.416044571875 0.7768253640625 0.42547089531250004 0.7911114296874999 0.4319326078125 0.809105934375 0.43041649531250004 0.81979828125 0.42293668437500004 0.817728640625 0.4112810390625 0.8048757265625 0.40554358281249997
7 0.65452681875 0.427325034375 0.6635132328125 0.41443608750000005 0.686876640625 0.4095704765625 0.6901996968749999 0.3710843625 0.6788254 0.36685197187499996 0.6299380171875 0.36336591875 0.6051869203125 0.368288090625 0.60138755625 0.37470428437500003 0.6068236 0.3963973828125 0.5973132999999999 0.42417835000000004 0.65452681875 0.427325034375
11 0.6678126921875001 0.4166088453125 0.6568930281250001 0.4201845890625 0.660077578125 0.42709878906250004 0.6766843890625001 0.42563924062499997 0.676366146875 0.42017354375 0.6678126921875001 0.4166088453125
11 0.6315530234375 0.3672134265625 0.6257749484375 0.363535603125 0.613331203125 0.36482546875 0.6079622984374999 0.36817496875 0.608235078125 0.3728598515625 0.622293828125 0.3754174921875 0.6290958859375 0.3727922453125 0.6315984859375 0.36799424062499997 0.6315530234375 0.3672134265625
11 0.8917741734375 0.4646149984375 0.89213788125 0.47086150625 0.899349109375 0.47526358281250003 0.9104960890625 0.47559190625000003 0.9185949109375 0.47134847031250005 0.9182766687499999 0.46588277343750006 0.9082900593750001 0.46159382187500003 0.8917741734375 0.4646149984375
11 0.8912894046875 0.6235161 0.8826450234375001 0.618389771875 0.87020128125 0.6196796375 0.8621479203125 0.6247038875 0.86389931875 0.630893834375 0.8738859250000001 0.6351827890624999 0.88489651875 0.6331686703125 0.8915621859374999 0.6282009828125 0.8912894046875 0.6235161
11 0.597895859375 0.6252999515625 0.59257241875 0.629430265625 0.5943238156249999 0.6356202140625 0.604264959375 0.6391283515625 0.6178690765625 0.6338778578125 0.617641759375 0.629973790625 0.6048343093749999 0.6250171453125 0.597895859375 0.6252999515625
10 0.599147159375 0.62290095 0.6289251296875 0.6326445546875 0.717304309375 0.6454782812500001 0.7617558421874999 0.6444491343750001 0.8278193859374999 0.632364428125 0.8629662609375 0.6387585328125 0.8889686578125 0.631437359375 0.8940647859374999 0.623402978125 0.8868535546875 0.6190009015625 0.8819630734375 0.6066775671875 0.8966820984374999 0.596685628125 0.9201147593749999 0.5691198625 0.9273497796875001 0.5500409656249999 0.92741903125 0.5273408078124999 0.8997820703125001 0.45880993437499995 0.86338389375 0.4548148328125 0.8382690890625 0.4534904953125 0.8223896906249999 0.4674430625 0.816133190625 0.4794380734375 0.8196814484375 0.49259878281249997 0.8430665296875001 0.5119949578125 0.8525747156250001 0.5319567453125 0.8483878562499999 0.5556074 0.8276396500000001 0.5814984171875001 0.7951989015625001 0.597691346875 0.75397738125 0.606415509375 0.6953307078125001 0.6025445734375 0.6429405328125 0.5866786265624999 0.612365896875 0.5871421625 0.5972831625 0.590887590625 0.581130984375 0.600155275 0.599147159375 0.62290095
9 0.6748595109375 0.5376349609375 0.6802046265625 0.5577664328124999 0.7004051578125 0.57024840625 0.717330215625 0.5742545531250001 0.7465626234375 0.5746283953125 0.7671051906249999 0.56909509375 0.78330283125 0.5606082203125 0.7949736984375 0.5460445234375 0.788104503125 0.5236271718750001 0.770815740625 0.513374515625 0.7496366890624999 0.5079764265625 0.6997707875 0.511574259375 0.6809341546875001 0.522516696875 0.6748595109375 0.5376349609375
11 0.7707006890625 0.524896146875 0.7686640015624999 0.52116444375 0.7620141171875 0.5205980343750001 0.7557509546875 0.52383058125 0.7543063484375 0.5274247671875 0.7604362234375001 0.53043159375 0.7671809578125 0.529784134375 0.768600953125 0.5286101734375 0.7707006890625 0.524896146875
11 0.7278017015625 0.5239460453125 0.7305049546875 0.5220686015625 0.73235548125 0.5197602265625 0.7316114359375 0.51551015 0.724598865625 0.51440048125 0.7178240671875 0.5173744703125001 0.71564868125 0.5197892234375 0.7171481140625 0.5227985078125 0.722047778125 0.5245531203125 0.7278017015625 0.5239460453125
11 0.6992431984375 0.5391597203125 0.703282328125 0.53750645625 0.7036790546875 0.5358153796875 0.7026223578125 0.5318574578125 0.697094615625 0.53068726875 0.6917141531250001 0.53202265625 0.688767146875 0.5353994515625 0.6892595390625 0.5381703703125 0.694335159375 0.540104084375 0.6992431984375 0.5391597203125
11 0.7022905359375 0.5602489125 0.7069439578125001 0.5606172828125 0.710057109375 0.56011784375 0.712254134375 0.5580747578125 0.7140882546875 0.556392403125 0.712484715625 0.5535063265625 0.7086910109375 0.550869965625 0.700967628125 0.5517428062499999 0.6969609125 0.553952790625 0.6968414125 0.5575861046874999 0.7022905359375 0.5602489125
11 0.7358820171875 0.5661366328125 0.7425751390625 0.56744559375 0.747312634375 0.56641504375 0.749019621875 0.5644842859375 0.7502150171874999 0.5622957515625 0.74891456875 0.55983718125 0.747337859375 0.5583196765625 0.7401817484375 0.5575876265625 0.73452506875 0.5598648625 0.7334201671875 0.563631478125 0.7358820171875 0.5661366328125
10 0.7643662578125 0.549623625 0.7692915390625 0.551842096875 0.776041684375 0.5512875546875 0.7777757203125 0.54982138125 0.780387090625 0.5463659140625 0.7788674062500001 0.5429849046874999 0.773851296875 0.5420732734375 0.7674151921875 0.54233560625 0.7642165359375 0.5442332421875 0.7633676390625 0.546687065625 0.7643662578125 0.549623625
8 0.576457890625 0.49232835 0.5701920687500001 0.5006514671875 0.56097916875 0.5114661890625001 0.5552339109375 0.5238802203125 0.5536822765625 0.5407105328124999 0.5513127390625 0.5531450718750001 0.5523617125 0.5614854593749999 0.5545227984375 0.5696232015625 0.562856128125 0.5871573015625 0.56981425625 0.595573815625 0.578768184375 0.5996379703125 0.581500578125 0.598261028125 0.5893976953125 0.593826234375 0.599811265625 0.5891315546875 0.6159468578125 0.5861008328125 0.6302553265624999 0.5855176296875 0.6359131062500001 0.5860782984374999 0.6535650265624999 0.589787146875 0.6689271812500001 0.5927996125 0.6779178453125 0.597494665625 0.689153790625 0.602098203125 0.7059556328125 0.6056843828125 0.7296146484375 0.6063018265625 0.7543136078125 0.6054532125 0.7638617703125 0.605222134375 0.77992389375 0.6009296203125001 0.80147696875 0.5943564484375 0.8119364578124999 0.5904503890624999 0.8227543984375 0.5830492031250001 0.8310100546875001 0.575120840625 0.8375929703124999 0.567417975 0.8470769562499999 0.5564333234375 0.8491982437500001 0.54938660625 0.8537335390624999 0.5403443125 0.8533476015625 0.533715984375 0.8495998421875001 0.5224801578125 0.8465366578125 0.5181758984375 0.8431288718750001 0.5127789968750001 0.8390960875 0.5062993125 0.8279291421874999 0.498055128125 0.8218684890624999 0.49055140937499997 0.8185112921875 0.48119762968749996 0.81945479375 0.4732495421875 0.826662665625 0.4666286765625 0.8330741749999999 0.460831546875 0.8404841765625 0.45768217968749997 0.8394580859375 0.45456046250000004 0.8288392578125 0.4508803640625 0.8211260593749999 0.44882248750000003 0.81327501875 0.4443971828125 0.8067487453125001 0.443397615625 0.8013529125 0.44251007343750004 0.7364288765625 0.4383549578125 0.7287431875 0.43676947187500004 0.7173495328125 0.43913261875 0.70868043125 0.4399602625 0.695240453125 0.44098236249999995 0.68160290625 0.44343696875000005 0.67103316875 0.445449553125 0.6585274015625 0.44801534531250004 0.6477232671875 0.450827978125 0.6348130859375 0.456099496875 0.626326403125 0.460084025 0.617747796875 0.4624897484375 0.6117605046875 0.465897325 0.6020362203125 0.47277885625 0.5939231234375 0.47832992812499997 0.5850503515625001 0.48533485 0.576457890625 0.49232835