2 0.38984375 0.584722221875 0.3984375 0.5875 0.48203125 0.559722221875 0.59921875 0.5138888890625 0.57421875 0.26805555625 0.5671875 0.25555555625 0.3609375 0.322222221875 0.35703125 0.3291666671875 0.3609375 0.3791666671875 0.384375 0.5763888890625 0.38984375 0.584722221875
1 0.43125 0.42083333281249996 0.43359375 0.41944444374999995 0.43671875 0.415277778125 0.43671875 0.40833333281249995 0.43359375 0.3958333328125 0.4265625 0.39305555625 0.42109375 0.3958333328125 0.4203125 0.397222221875 0.41953125 0.41111111093749997 0.42421875 0.41944444374999995 0.4265625 0.42083333281249996 0.43125 0.42083333281249996
9 0.509375 0.4513888890625 0.51953125 0.45 0.52890625 0.4388888890625 0.53515625 0.4166666671875 0.534375 0.3986111109375 0.53203125 0.3888888890625 0.52578125 0.377777778125 0.51484375 0.36666666718749996 0.50546875 0.36805555624999997 0.4984375 0.3736111109375 0.49375 0.38194444375000003 0.4890625 0.397222221875 0.4890625 0.41944444374999995 0.49296875 0.4361111109375 0.49921875 0.44444444375 0.509375 0.4513888890625
11 0.40234375 0.475 0.40625 0.475 0.4078125 0.47361111093749997 0.40859375 0.47083333281249995 0.4078125 0.46666666718750005 0.40390625 0.4611111109375 0.40234375 0.4625 0.4 0.46666666718750005 0.4 0.47083333281249995 0.40078125 0.47361111093749997 0.40234375 0.475
11 0.440625 0.534722221875 0.4421875 0.5333333328125 0.44296875 0.5319444437499999 0.44296875 0.525 0.4390625 0.51944444375 0.43671875 0.5208333328125 0.43515625 0.5236111109375 0.43515625 0.5319444437499999 0.4375 0.534722221875 0.440625 0.534722221875
8 0.54671015625 0.3062138890625 0.5354523437500001 0.29576805625 0.52533671875 0.29025416718749997 0.5039625 0.2879333328125 0.495478125 0.29054444375 0.48226250000000004 0.29721944375 0.47345156250000003 0.3062138890625 0.4657828125 0.31608055625000003 0.45893046875000004 0.3288486109375 0.454525 0.3372625 0.44897734375000004 0.351772221875 0.44440937500000005 0.3697625 0.44277734375 0.37875833281250004 0.44245156249999995 0.391815278125 0.44245156249999995 0.3926861109375 0.44391953125 0.44085555625 0.44571484375 0.4533333328125 0.44930390625000005 0.4669708328125 0.45387265625 0.48205972187499996 0.46056171875 0.4974388890625 0.46627265625 0.510497221875 0.47557265624999995 0.523265278125 0.49645703125 0.5351625 0.50755234375 0.5383541671875001 0.52076796875 0.5357416671874999 0.5346367187500001 0.5302291671875 0.54703671875 0.5189125 0.5545421875 0.5107875 0.56253671875 0.49685833281249997 0.5692265625 0.4838013890625 0.572 0.47277500000000006 0.57803671875 0.44781944375 0.58146328125 0.43011944375000005 0.5830953125 0.40748472187500007 0.58227890625 0.3874638890625 0.5783632812499999 0.3706333328125 0.57183671875 0.349159721875 0.5654734375 0.3326208328125 0.5569890625 0.3204333328125 0.54671015625 0.3062138890625
0 0.48359375 0.45 0.4921875 0.447222221875 0.4828125 0.43055555625 0.45859375 0.4138888890625 0.428125 0.38194444375000003 0.415625 0.3958333328125 0.41171875 0.4138888890625 0.4109375 0.425 0.4234375 0.434722221875 0.45859375 0.4388888890625 0.48359375 0.45
5 0.41171875 0.45 0.41328125 0.44444444375 0.41015625 0.40416666718750005 0.4203125 0.38194444375000003 0.4421875 0.3736111109375 0.4484375 0.3416666671875 0.43125 0.31805555625 0.4109375 0.32777777812500003 0.40703125 0.3375 0.39609375 0.3458333328125 0.384375 0.34027777812500004 0.3796875 0.34722222187499996 0.3875 0.43333333281249997 0.39453125 0.4513888890625 0.40390625 0.4513888890625 0.41171875 0.45
11 0.5042125000000001 0.39275972187499997 0.50623046875 0.3924125 0.50844375 0.3883611109375 0.50792265625 0.3834986109375 0.50675078125 0.38141388906249996 0.5040171875 0.37909861093749997 0.50271484375 0.3812986109375 0.50154296875 0.38291944375 0.5010875 0.3870875 0.5021289062500001 0.39079166718749997 0.5042125000000001 0.39275972187499997
11 0.49679062500000004 0.4156833328125 0.49900390625 0.41452638906250006 0.49998046875 0.411515278125 0.49991562500000003 0.40723194375 0.4978328125 0.40410555625000005 0.49737656250000006 0.40375833281249995 0.49516328125 0.404222221875 0.494296875 0.404747221875 0.49340546874999996 0.40769583281250005 0.49360078124999995 0.4123263890625 0.4950984375 0.41510416718750004 0.49679062500000004 0.4156833328125
11 0.5089640625 0.43745 0.5082484375 0.43200833281250006 0.5071414062499999 0.42957638906250006 0.50564453125 0.4291138890625 0.5028495609375 0.4291138890625 0.5001757812500001 0.43200833281250006 0.5008921875000001 0.435597221875 0.5021289062500001 0.4388388890625 0.50447265625 0.4416166671875 0.5071414062499999 0.4413861109375 0.5089640625 0.43745
11 0.5174921875 0.43860694375 0.51911953125 0.44034444375000004 0.5213328125000001 0.44126944375 0.52302578125 0.4399958328125 0.52432734375 0.43582916718750003 0.5242625000000001 0.4313138890625 0.523090625 0.4298083328125 0.5208773437499999 0.42888194375 0.5182734375 0.42969305625 0.5171015625 0.43200833281250006 0.5169710937499999 0.435597221875 0.5174921875 0.43860694375
11 0.5275171875 0.4156833328125 0.5298609375 0.41637777812500004 0.5311625 0.41498888906250003 0.532009375 0.4109375 0.532009375 0.4086208328125 0.53070703125 0.4056111109375 0.5301859375 0.40456944375 0.5276562499999999 0.40405277812499996 0.52615 0.40537916718749994 0.52530390625 0.408390278125 0.52588984375 0.4127888890625 0.5275171875 0.4156833328125
11 0.52068203125 0.3928763890625 0.52296015625 0.3918333328125 0.52400234375 0.3884763890625 0.52413203125 0.3854666671875 0.52354609375 0.383034721875 0.5221140625 0.3809513890625 0.5208125 0.38037222187499997 0.51853359375 0.38071944375 0.516515625 0.38291944375 0.5163203125 0.3861611109375 0.5178828125 0.39137083281249996 0.52068203125 0.3928763890625
7 0.403065625 0.5095236109375 0.40725156250000005 0.5300388890625001 0.41078671875 0.5393041671875001 0.42967109375 0.5411236109375 0.43850859375000006 0.5361611109375 0.44362500000000005 0.5335138890625 0.4413 0.51696944375 0.4373921875 0.5077041671875 0.4325546875 0.4638611109375 0.42837578125000003 0.45355694375000005 0.40613515624999996 0.45906250000000004 0.39971640625 0.4635291671875 0.39953046875 0.47064444375000003 0.403065625 0.5095236109375
11 0.3908890625 0.3574458328125 0.39031796875 0.35084583281250004 0.38546484375 0.3475458328125 0.38360859375 0.34983055625000004 0.38303750000000003 0.35896944375 0.3864640625 0.362777778125 0.3908890625 0.3574458328125