2 0.8007240296875 0.3082322 0.801621603125 0.2955967625 0.8064556312500001 0.2928090484375 0.801306759375 0.278274809375 0.62699450625 0.052739060937500006 0.616659940625 0.042317359375 0.5658262484375001 0.026353781250000003 0.54339999375 0.0253092609375 0.517943040625 0.068727021875 0.4114048171875 0.285004890625 0.401647465625 0.3063400984375 0.39944817499999996 0.3300488046875 0.61511434375 0.618805125 0.62297159375 0.6169668109375 0.7938324796875 0.32185583281249996 0.8007240296875 0.3082322
5 0.513014203125 0.148988815625 0.502815890625 0.187408625 0.5133603515625 0.20937829687499998 0.5213225515625 0.2133139625 0.5313422734375 0.20641371562500002 0.539131396875 0.18015464375 0.5482378890625 0.1643560703125 0.579262753125 0.15544064062500001 0.5940953328125 0.1859332125 0.600950059375 0.19095635312499998 0.6276343328125 0.170631028125 0.635124265625 0.1485837703125 0.6324370546875 0.12477578593750001 0.6370087125 0.10755311249999999 0.5730855671875 0.042986029687499996 0.563065846875 0.049886278125 0.513014203125 0.148988815625
0 0.58460586875 0.1599890796875 0.5758878640625 0.1558160609375 0.5467787515625 0.1667683625 0.53637054375 0.19364020312500002 0.535383671875 0.2220354234375 0.5623248000000001 0.27785935781250004 0.5770312625 0.342758484375 0.5885257734375 0.35497970625 0.5816139515625001 0.20210720937499999 0.58460586875 0.1599890796875
1 0.5697153 0.188323815625 0.560645628125 0.18547561875000002 0.5551082703125 0.19091297499999998 0.554420590625 0.21509638125000002 0.5616269828125 0.21879469999999998 0.569730953125 0.20985758125 0.5697153 0.188323815625
9 0.600350784375 0.40605664375000006 0.611740346875 0.41250388281249994 0.6427652109374999 0.4035884546875 0.6555457859375 0.38320264531250003 0.6656023265625 0.3576556234375 0.6663793 0.3177124375 0.6604746234375 0.30294085000000004 0.6497883921875001 0.29384396874999996 0.629539053125 0.2960965 0.6124703625000001 0.30795940312500003 0.5993381234374999 0.329670034375 0.5932548546875 0.346418009375 0.59091379375 0.38299950312500003 0.600350784375 0.40605664375000006
11 0.4811645109375 0.33992280468749997 0.4791594640625 0.353645715625 0.4881766609375 0.353606921875 0.4909375140625 0.3401213609375 0.4811645109375 0.33992280468749997
11 0.49418166562500004 0.22919012656249999 0.5010363921875001 0.234213265625 0.504710475 0.2296260328125 0.5067679953125 0.218790115625 0.4973466578125 0.2172667375 0.49418166562500004 0.22919012656249999
7 0.456611403125 0.3121186671875 0.46458925625 0.3375881 0.476136240625 0.352696315625 0.48076037187500004 0.33836063437499997 0.49058584843749997 0.34144618125 0.5008366343749999 0.30591336406249997 0.5147771546875 0.287327075 0.5179946203125 0.2782906765625 0.5072927359375 0.2476600328125 0.5090354125000001 0.21950216406249998 0.501724071875 0.21002986093749998 0.4878360265625 0.23150314062500002 0.46102563593749996 0.2862350171875 0.4571048375 0.29792105625 0.456611403125 0.3121186671875
8 0.6780293656249999 0.4904972984375 0.7050433671875 0.45350024062500005 0.7176484890625 0.42577684062500004 0.7411048703125 0.3769311515625 0.7503097046875 0.33127567812500003 0.751769909375 0.2862538234375 0.745730934375 0.26289454375 0.7324791328125 0.232671621875 0.72452565625 0.21433158593749999 0.7114042703125001 0.191304371875 0.693019959375 0.1804200984375 0.6757855312500001 0.173985975 0.6493359453124999 0.168234625 0.6244910078125 0.1772967 0.6065528203125 0.1910810609375 0.5915538234375 0.20476796406250003 0.5800713796875 0.2205810921875 0.559308334375 0.24829880625 0.550890978125 0.2635401890625 0.55149623125 0.265954909375 0.5446953062500001 0.2759026015625 0.531005678125 0.3175949359375 0.522273653125 0.34500320625 0.5157673765624999 0.37719804843750004 0.5177303203125 0.4192072828125 0.521743059375 0.44141786562499996 0.5290387812499999 0.4677265640625 0.5382176203125 0.4946280625 0.5504944453125 0.51534625 0.565850625 0.5288562421874999 0.58531155625 0.5400771765625 0.6037418734375 0.538711628125 0.6178129390625 0.53290998125 0.6446657828125 0.5239675078125 0.6604895515625 0.5115629515625 0.6780293656249999 0.4904972984375
11 0.6216411921875 0.39044300625 0.620289428125 0.387826865625 0.617245796875 0.3868710578125 0.6144289921875 0.3897741234375 0.6115504875 0.39505038593749997 0.6120668515625 0.40338632968750004 0.6123327375 0.40366789374999995 0.6187950046874999 0.4033061359375 0.621925209375 0.3975104140625 0.6216411921875 0.39044300625
11 0.640025875 0.394422375 0.6447661375 0.391127275 0.6461063640625 0.38736150937499997 0.6468859921875 0.381426128125 0.646276515625 0.37944065781249997 0.6451490484375 0.3776915234375 0.643987640625 0.3769277984375 0.640602190625 0.3772597171875 0.6366184515625 0.381989396875 0.6360978171875 0.3878066140625 0.6375830609375 0.392060675 0.640025875 0.394422375
11 0.60424413125 0.377603928125 0.6075501562500001 0.372860921875 0.6084975578125 0.36757672656249996 0.6080467859375001 0.362849525 0.6069616625 0.3605151875 0.605121784375 0.35973789843750004 0.60409624375 0.3596067328125 0.6022338640625 0.36162256406250004 0.5993695453125001 0.3676998484375 0.59917061875 0.3740170953125 0.6021109640625 0.37793154218749997 0.60424413125 0.377603928125
11 0.62018675 0.324397903125 0.619254809375 0.32191216875 0.6174645078125 0.320038128125 0.61429541875 0.32175125000000004 0.61155074375 0.328664109375 0.6118552234375 0.3339424390625 0.615501034375 0.336482421875 0.6176612546875 0.33476966875 0.6196365890625 0.328611278125 0.62018675 0.324397903125
11 0.645403128125 0.3137760953125 0.644646253125 0.3123428390625 0.6427981171875 0.30838243125 0.638069159375 0.30928133125 0.6351781937500001 0.31674531875 0.635741315625 0.3219068046875 0.638708659375 0.324433225 0.642786409375 0.3249172171875 0.645377496875 0.31815418906250004 0.645403128125 0.3137760953125
11 0.66049311875 0.34044560625 0.6584624828125001 0.3378143421875 0.6552660203125 0.33700860781249997 0.652300446875 0.33747381718749997 0.65086935 0.3420076125 0.64946955 0.35113688125000003 0.6537445984375 0.35387590156250004 0.6590436828125 0.3497587890625 0.6611193078125 0.346223965625 0.66049311875 0.34044560625
11 0.56232569375 0.0711826921875 0.5646980593750001 0.0776687265625 0.5695845609375 0.077768003125 0.5729069765625 0.0745055890625 0.578885296875 0.0519836328125 0.5694114859375 0.047573262500000005 0.5638741265625 0.0530106203125 0.56232569375 0.0711826921875