2 0.6746377875 1 0.8473257984375 0.9807549906249999 0.8540957875 0.9729878281250001 0.7843140890625 0.49688885312500003 0.758795315625 0.3594789328125 0.7564776156249999 0.32046615312500004 0.7531897328125 0.3194300296875 0.7514509953124999 0.29578065 0.7386874406249999 0.2775675328125 0.5381172750000001 0.3265680640625 0.10409764375 0.4198180890625 0.04259155625 0.44069794375000004 0 0.44675878437499994 0 0.529349896875 0.013371451562500001 0.6248817843750001 0.097474646875 0.989986728125 0.1001317125 1 0.6746377875 1
5 0.6746377953125 1 0.790075925 0.987135134375 0.76571970625 0.824349965625 0.7471558843749999 0.7815375640625 0.6761732 0.7964608359375001 0.67887888125 0.8214049937500001 0.6924142296875 0.8619727125000001 0.696278759375 0.9064232578125001 0.6788696203125 0.9336090890625 0.6748080890625 0.9326591828125 0.6539154546875 0.9854789171875 0.6444379328125 0.9907427421874999 0.6500391984375 1 0.6746377953125 1
0 0.663006384375 0.9774530968749999 0.6767424375 0.9296385359375 0.6949247609375 0.9079766921875001 0.6939592078125 0.8898512999999999 0.6897071593749999 0.8538591671875 0.6753977 0.818987871875 0.644067084375 0.7972337859375 0.6160234250000001 0.787736234375 0.5856574359375 0.79532795 0.565931059375 0.7778907984375001 0.49456595 0.7395602328125 0.4280346296875 0.7189239703125 0.4044381671875 0.7243587265625 0.40869160468750004 0.74352024375 0.42126139843750005 0.76596256875 0.4655497921875 0.7960903593750001 0.57114403125 0.8881103687499999 0.6363162609375 0.9720123171875 0.64579285625 0.9779688999999999 0.663006384375 0.9774530968749999
1 0.6094407109375 0.869817059375 0.6069250859374999 0.8855253296875001 0.6123378359375 0.9185830312500001 0.6312901015625 0.9417166078125 0.6415408078125 0.94197676875 0.64908444375 0.9341233843750001 0.6575964125 0.9107341671875 0.6548907328125 0.8857900078125001 0.6450289328125 0.8602408171875 0.629169865625 0.8535929828125 0.6193057515625 0.8560948156249999 0.6094407109375 0.869817059375
7 0.71041390625 0.7098951609374999 0.7096421109375 0.687540559375 0.703844621875 0.629280046875 0.6729130984375 0.45881242499999997 0.6659507390625 0.4539781828125 0.6613097828125001 0.4432750828125 0.6116049359375 0.424971228125 0.58452729375 0.427988865625 0.56769989375 0.43687686562500005 0.568472615625 0.4480110578125 0.5754349750000001 0.4528452984375 0.58239594375 0.47451015312499994 0.5827816109375 0.48849255625000004 0.5711759796875 0.5010062375000001 0.6015294671875 0.6448900515625 0.6786953078125 0.7022096984374999 0.687591090625 0.7152437 0.71041390625 0.7098951609374999
9 0.36761239843750004 1 0.3788855921875 0.9964937562499999 0.3982281546875 0.9775076874999999 0.4123494109375 0.9492857328125 0.4185409015625 0.920544965625 0.41622320156250003 0.881532184375 0.42338209843749997 0.8484759890625 0.42319111718749997 0.81904396875 0.41661997968750003 0.760869671875 0.39244779687500003 0.7116695953125001 0.36924070468750003 0.68620511875 0.337715865625 0.67429044375 0.3199219859375 0.6762734625 0.30270753125 0.6880096734375 0.25512199375 0.7690498546875 0.2471875984375 0.8246330890625 0.26129959375 0.9086152296875 0.2696140984375 0.9343368562500001 0.29262696875 0.9696407484374999 0.30887216562500003 0.98466078125 0.3496858390625 1 0.36761239843750004 1
11 0.6922343609375 0.6978957765625 0.7024850671875 0.6981559374999999 0.7063537640625001 0.692114640625 0.7084818734375 0.6848647859375 0.705969025 0.666911828125 0.70074771875 0.6576759437499999 0.6908840671875 0.6545675703125 0.6835337265625 0.6638019515625 0.6825653953125 0.6793377859375 0.6922343609375 0.6978957765625
11 0.5812352421875 0.477444584375 0.5765952125 0.4555210734375 0.5657650828125 0.44550771874999995 0.5584152046875 0.44913189375 0.5524184 0.46242304531249995 0.5545441921875 0.48322421249999997 0.563246678125 0.49487721875 0.5763986765625 0.4934115109375 0.5812352421875 0.477444584375
11 0.3102423703125 0.78675018125 0.3088897609375 0.7714729984375001 0.3027015125 0.7609423359374999 0.29303115625 0.759214959375 0.28858210781250004 0.7667234703125 0.28916060625 0.787697075 0.29844344375 0.797882865625 0.302504975 0.798832771875 0.3102423703125 0.78675018125
11 0.3619013796875 0.77053718125 0.352195359375 0.7603761109375 0.3415091015625 0.7834606515625 0.34787088593750004 0.7957700296875 0.35733219374999997 0.8041827578125 0.3637767234375 0.8005066031249999 0.3663868234375 0.7883811046875 0.3619013796875 0.77053718125
11 0.3952599546875 0.8455188046875 0.38751125625 0.842240653125 0.3818012484375 0.8535278734375 0.3828608890625 0.8705684375 0.387428684375 0.8818940015625 0.39607428125 0.8868478124999999 0.4003165875 0.86980685 0.3952599546875 0.8455188046875
11 0.3703796453125 0.928173128125 0.3618966125 0.922017459375 0.3543922265625 0.9370558796875 0.357817821875 0.9567921281249999 0.36287466562500004 0.9597783984375001 0.3730703125 0.96396759375 0.3778836203125 0.9439050421875 0.3703796453125 0.928173128125
11 0.3177688125 0.9216097921875 0.308715359375 0.9161109640625 0.3010476375 0.9299824437499999 0.30080233437500004 0.9400687859374999 0.3059409328125 0.955472434375 0.3196716046875 0.9634738859375 0.3251098390625 0.9361775234374999 0.3177688125 0.9216097921875
11 0.27793879062500004 0.836633978125 0.26846126875 0.8418978046875001 0.2630443515625 0.859331946875 0.26729732500000003 0.8841036687500001 0.2841237984375 0.8864360765624999 0.2918616578125 0.8687432812500001 0.2887684578125 0.8522575390625 0.27793879062500004 0.836633978125
8 0.570864571875 1 0.57456041875 0.974890375 0.574360865625 0.9415293968749999 0.5802652453125 0.8646728890625001 0.579166609375 0.804561915625 0.57116621875 0.7270768640624999 0.5502603609375 0.6706249093750001 0.5175502625 0.605328478125 0.484939721875 0.552357678125 0.4419259953125 0.497644396875 0.3964103171875 0.45699689374999997 0.3487938234375 0.4303732703125 0.27606860625 0.40436971718750003 0.21874805 0.407129371875 0.1618256171875 0.453386459375 0.12991318125 0.495404709375 0.104500440625 0.6128985140625 0.0915930453125 0.7065005609375 0.0938912015625 0.80421455 0.100391753125 0.8622718859375 0.11149366093749999 0.9444912859375 0.131898115625 1 0.570864571875 1