2 0.3892849703125 0.3034407765625 0.04124536875 0.39020284375 0.0161878578125 0.39962842187500003 0.00811724375 0.46503659375 0.0101733515625 0.5828309171875 0.11659752500000001 0.6908190015625 0.13580475 0.6946329953125 0.395265253125 0.6308876421875 0.6977566000000001 0.5487481109375001 0.6973301015625 0.540813315625 0.44781329375 0.29614347812499997 0.4311731109375 0.2943075890625 0.3892849703125 0.3034407765625
7 0.14945945 0.640925328125 0.1807897171875 0.6490102984375 0.2706523328125 0.6269826390625 0.2734594546875 0.6156237078125 0.2461742328125 0.5861470671875 0.18146837968750001 0.5751620671875 0.1188494171875 0.5928292468749999 0.1177067171875 0.6020902375 0.14945945 0.640925328125
0 0.060767743750000006 0.49398469531250006 0.059339368749999996 0.5055609328124999 0.0742655015625 0.521288303125 0.12851273125 0.5259043828125 0.29491856875 0.5214479453124999 0.3560139328125 0.5161287515625 0.36385991406249996 0.509497775 0.0880154265625 0.46680888749999994 0.0669989296875 0.47765812656250006 0.060767743750000006 0.49398469531250006
9 0.3557778875 0.5066504593750001 0.38601508125 0.512202878125 0.4086463703125 0.5110492343749999 0.4336086578125 0.502395403125 0.4447834796875 0.49156854218749996 0.44873329999999995 0.47094861874999994 0.44070089843750004 0.4563077640625 0.4228268234375 0.44168928281250003 0.3947301765625 0.430180175 0.36715525000000004 0.4258341109375 0.337344553125 0.42821648593750006 0.3212260953125 0.43354364062500006 0.3054389078125 0.4475773390625 0.3021556640625 0.46279501874999995 0.3086188671875 0.47876206874999994 0.3329105484375 0.498325809375 0.3557778875 0.5066504593750001
1 0.11101955625 0.50819890625 0.1303220046875 0.5112411515625 0.148295334375 0.5022725546875 0.1465853171875 0.49334870625000005 0.13365487812500002 0.48422993437499995 0.110025740625 0.48207927812499995 0.097948296875 0.48883009218750006 0.095522075 0.49710202968750006 0.11101955625 0.50819890625
5 0.10680018437500001 0.4398727578125 0.0995751796875 0.4300797 0.06810409218749999 0.41174469062499996 0.0466610984375 0.4146591328125 0.0104743625 0.445933365625 0.00811724375 0.4650365953125 0.009108796875 0.521842640625 0.0181137734375 0.53210720625 0.0331847546875 0.5352692890624999 0.06713169218750001 0.533538825 0.07607074375 0.5294404 0.0619996453125 0.5086174265625 0.061853028125 0.48245509062499997 0.0797225015625 0.469840025 0.10680018437500001 0.4398727578125
11 0.17812744687499998 0.6478039421874999 0.17632220468749998 0.6396518453125 0.16843062656250002 0.6352610296875 0.16153689375 0.6341745140625 0.1484616015625 0.637621028125 0.148175928125 0.6399362765625 0.1584441 0.64784869375 0.17812744687499998 0.6478039421874999
11 0.21327477187500002 0.5793882921875 0.21821840625000002 0.5848880000000001 0.22786963125 0.5864091218749999 0.2367134578125 0.5830824453125001 0.234717765625 0.576473846875 0.22948845312500002 0.5732893875 0.22268994687500002 0.571431121875 0.2138461203125 0.5747577984375 0.21327477187500002 0.5793882921875
11 0.11736208906250001 0.399839271875 0.123208346875 0.409415028125 0.1369005859375 0.41235980781250003 0.1469327109375 0.410793934375 0.1492637046875 0.403293746875 0.14175302812499999 0.39581593437499996 0.1237341015625 0.39376274375000003 0.11755254062500001 0.3982957734375 0.11736208906250001 0.399839271875
11 0.4048280484375 0.325559446875 0.40121353125 0.33207058125 0.39973956093749996 0.33262502656250004 0.40991250625 0.3413091921875 0.42498349218750003 0.344471278125 0.4337320953125 0.341916353125 0.43497001874999996 0.3318836140625 0.4244161703125 0.32628644218749997 0.41338620156249994 0.32454801718750004 0.4048280484375 0.325559446875
11 0.608572646875 0.49692753749999996 0.6171763968749999 0.5069379015625 0.6268276203125 0.5084590234374999 0.6399981375 0.504240759375 0.63819289375 0.49608866249999994 0.630396540625 0.490926096875 0.6165138531250001 0.48952481406250004 0.608858321875 0.494612290625 0.608572646875 0.49692753749999996
10 0.5151747171875 0.4565903390625 0.521108365625 0.47232680312499997 0.5227989609375 0.4905439140625 0.5273053703125 0.504166428125 0.536914 0.5129245124999999 0.5468262562499999 0.5192104671875 0.5747583546875 0.5299116046875 0.586822034375 0.5324423578124999 0.5977074390625 0.5262849171874999 0.60943139375 0.5133314546875 0.6161105515624999 0.5093449703124999 0.62016434375 0.5084095843750001 0.62724254375 0.5057455921875 0.63613035625 0.5021079984375 0.6406223718749999 0.493053109375 0.618837075 0.48269135937499996 0.61284273125 0.481116403125 0.6059943515625 0.47279335937500006 0.5956840453125001 0.456052390625 0.5859074765625001 0.43498576718750004 0.557408396875 0.4106536 0.5292118546875 0.3929825984375 0.5007865796875001 0.3771653390625 0.47785881718749995 0.366938228125 0.4606586734375 0.36044774375 0.45276324375000004 0.3560539609375 0.44911186406250003 0.3400470109375 0.44032283593750005 0.3292143953125 0.4143124375 0.325744321875 0.400401246875 0.33363015156250003 0.39531826406250004 0.3429066015625 0.3729410046875 0.3418989359375 0.33751143125 0.337259803125 0.3125658453125 0.3342730421875 0.27701953281249997 0.3396930859375 0.25070175625 0.3478272296875 0.2291799078125 0.35356786875 0.20590568125000003 0.364386196875 0.1862457390625 0.38238765468749997 0.1735900953125 0.38921098593750003 0.1478619046875 0.39712335 0.1294240734375 0.39610716875 0.1196238078125 0.3980266484375 0.11707234531249999 0.40959188125 0.12706078125 0.4152604359375 0.1287166546875 0.4155214171875 0.1393116390625 0.43451175 0.15791869375 0.4478374578125 0.1906835296875 0.45583539999999995 0.21888344062499998 0.455241571875 0.23222518124999997 0.442857790625 0.251164403125 0.41245988437500003 0.2640690078125 0.3990623109375 0.29561985 0.3895484515625 0.337235403125 0.385084978125 0.357557746875 0.3845091703125 0.37934541718750003 0.385738615625 0.4198734578125 0.3946454078125 0.447292146875 0.4049509234375 0.47415805312500003 0.415168528125 0.4923661609375 0.427170975 0.5151747171875 0.4565903390625
8 0.543838653125 0.5206293859375 0.526733640625 0.5088000109374999 0.5156455765625 0.48469278437499996 0.5086481093749999 0.45934048125000004 0.4953324390625 0.4396058546875 0.475336234375 0.4238574953125 0.44987833125 0.4113418203125 0.41831300000000005 0.398179046875 0.38412111718749997 0.3880656125 0.359251709375 0.384461453125 0.32206985 0.3848992390625 0.2971980703125 0.3904273875 0.28189929999999996 0.39588924062499997 0.269358021875 0.4017857 0.25038179843749997 0.4233590109375 0.23304350000000001 0.44078227031250006 0.21804726406250002 0.45290528906249994 0.1995892 0.45660961093749997 0.1793251796875 0.4521562140625 0.163245890625 0.4502513765625 0.15146688749999998 0.4499699828125 0.146497275 0.4674520875 0.15159465156250002 0.4808530390625 0.1668330140625 0.49868620625000004 0.2050551859375 0.530848815625 0.2329849109375 0.5506822578125 0.261239775 0.56332405625 0.2885047265625 0.5748641546875 0.33512114843749996 0.58914030625 0.3609805640625 0.5938453953125 0.38912215625 0.5982807703125 0.41739834531250003 0.5970687734375 0.463295425 0.5989486937499999 0.49442699218749997 0.5928328453125 0.5106776828124999 0.5887806234374999 0.5340280921875 0.5773448937500001 0.5627830625 0.5585716171875 0.5785608109375 0.5446827671875 0.58501370625 0.533416946875 0.5637596734375 0.5278626203125001 0.543838653125 0.5206293859375