2 0.6742303359374999 0.1973870734375 0.17234436718749999 0.2444763875 0.1261471609375 0.25015416562500004 0.1119671734375 0.2557572796875 0.08184401718749999 0.7530900875000001 0.6365386203125001 0.8572198796875 0.6713700046875 0.8564933437500001 0.72001133125 0.8282240046875 0.7289268625 0.8161121359375001 0.7346217937499999 0.7834937015625 0.7512020625 0.36773932343750004 0.7608693828125 0.279716828125 0.7582673718749999 0.2459290125 0.7424376125000001 0.227184 0.70613839375 0.199656159375 0.6742303359374999 0.1973870734375
5 0.57753605 0.271177940625 0.5276452125 0.266505403125 0.503779390625 0.27087444843749997 0.45940771874999997 0.267241915625 0.4147449515625 0.26985938125 0.3961861453125 0.30970811875000004 0.40678783437500005 0.321163128125 0.44275339531249996 0.3259700296875 0.488884 0.35160694062500003 0.5134171359375 0.392679771875 0.5430993953125001 0.4128529203125 0.635348259375 0.40462236406249996 0.6443729515625 0.3901667453125 0.6450279234375 0.3761042453125 0.5848141515624999 0.294222321875 0.5964346843749999 0.28380232968749997 0.57753605 0.271177940625
10 0.343713090625 0.71909309375 0.2584025 0.6978949046875 0.23566468437500002 0.6780452 0.21640217499999997 0.673233309375 0.1913294015625 0.673631415625 0.16454025156250002 0.680996084375 0.1416630578125 0.6940235671874999 0.12989697656250002 0.7075685593750001 0.129387553125 0.718506059375 0.1453628625 0.734126071875 0.1949262140625 0.745829859375 0.20139762343749998 0.7563095515625 0.22087845625 0.756433940625 0.311380728125 0.785703384375 0.355534075 0.7940234187499999 0.42358962968749997 0.79719315625 0.5214668234375 0.7876588546875001 0.5514037953125001 0.8023632515625 0.573771565625 0.80027326875 0.590316728125 0.7438889046875 0.6232800187499999 0.723501740625 0.6516702078125001 0.6817620734375 0.661313484375 0.6540252046874999 0.65811693125 0.5732330109375 0.620495428125 0.51432579375 0.6119739859375 0.48809172343749996 0.5844145328125 0.48211045312499995 0.5755656046875 0.46290763281249997 0.5870405890625 0.45561264218749997 0.5844811359375 0.45079576406250005 0.5068489078125 0.44404820625 0.4767725578125 0.462220996875 0.46489731250000005 0.4781097390625 0.46537651875 0.497705678125 0.47078652656250003 0.5010894312499999 0.46497625937500003 0.506299428125 0.47813740156250006 0.5225713125 0.5036893828125 0.5417691453125 0.52068970625 0.5652663453125 0.531036684375 0.5821901046875 0.53648925 0.614544796875 0.5247293390625 0.657841978125 0.5084327156249999 0.679005403125 0.476821928125 0.7002385062500001 0.41750613750000004 0.7186153375 0.343713090625 0.71909309375
9 0.4111130328125 0.5570309515625 0.389218296875 0.548964684375 0.36582550937499997 0.5431774796875 0.3366588421875 0.5418190203125001 0.29883135781250003 0.5471036796875001 0.2758086140625 0.5632561625 0.265431421875 0.57686584375 0.2599548109375 0.604796778125 0.265989571875 0.6246514703125 0.29819490000000004 0.6504227453125 0.32696130625 0.6603749546875 0.3532410328125 0.6639477874999999 0.39099574375 0.660225628125 0.43086709062499995 0.64094315625 0.4471637125 0.61977973125 0.44825533125000006 0.59634223125 0.438017515625 0.5770747218750001 0.4111130328125 0.5570309515625
11 0.19300810625 0.3088573421875 0.195385625 0.31758046875 0.20353702187499997 0.32187485 0.21325924375 0.3223276703125 0.224770615625 0.314251428125 0.2113547609375 0.30344829375 0.20035281249999998 0.300587034375 0.19300810625 0.3088573421875
11 0.2761052421875 0.40746397031250003 0.2959863359375 0.398994609375 0.28531187187499996 0.38910210156249997 0.2742371484375 0.38780334375000003 0.265649103125 0.3928839625 0.26521245625 0.40225896250000004 0.2761052421875 0.40746397031250003
11 0.6230425390625001 0.45963829375 0.600965865625 0.4554782765625 0.5882475406250001 0.45958357968749997 0.582073403125 0.47260607656250003 0.5900428625 0.4808067078125 0.6093781453125 0.484056096875 0.62209646875 0.47995079374999994 0.6294775609375 0.47089923593750005 0.6230425390625001 0.45963829375
11 0.5917845640625 0.77214328125 0.57383816875 0.7689585796875 0.55969456875 0.7737804453125 0.557832646875 0.78387200625 0.57658573125 0.7996213953125 0.5961757249999999 0.7974020359375 0.602058765625 0.7906295390625 0.6025318015625001 0.7804732890625 0.5917845640625 0.77214328125
11 0.1813284234375 0.7389329734375 0.167439534375 0.7382860875 0.1586331671875 0.7480542078125 0.1610834578125 0.755214834375 0.1760701375 0.7621764078125 0.185828746875 0.7618479781249999 0.193064290625 0.7559214203125 0.19211204843750002 0.7464817312500001 0.1813284234375 0.7389329734375
0 0.2949557890625 0.5406596140625 0.325068525 0.5217055734375 0.39486450156249997 0.4576231234375 0.4322127796875 0.432742525 0.481618240625 0.3880669359375 0.484462621875 0.356881625 0.475104271875 0.3486163046875 0.4295984234375 0.3394503328125 0.393014278125 0.34792468125 0.38011401718750004 0.355936234375 0.2992982203125 0.507195240625 0.2949557890625 0.5406596140625
1 0.40029855156250005 0.40072125 0.4181721703125 0.40546845156250005 0.4419652171875 0.40266190625 0.454829090625 0.395431603125 0.46085768125 0.38553410781249997 0.45493208125000006 0.363335665625 0.439981790625 0.355592840625 0.42053734531250003 0.3546872015625 0.40646651875 0.357946565625 0.3905337703125 0.37129749218749997 0.3895877 0.3916099921875 0.40029855156250005 0.40072125
11 0.3066805 0.5912687562500001 0.3040861640625 0.5840928078125 0.2934219578125 0.5795983984374999 0.2801415875 0.5863872953125 0.28186702656249996 0.5942282078125001 0.292191053125 0.597061021875 0.3018716453125 0.595747928125 0.3062515296875 0.5914836593749999 0.3066805 0.5912687562500001
11 0.2973155234375 0.6306922921875 0.3044503078125 0.6346692078125 0.31257685468749996 0.635283375 0.3200053140625 0.6329250703125 0.32440845625 0.6281913343750001 0.32201905468750003 0.6256106375 0.32345145 0.62626534375 0.319262146875 0.6219550671875 0.3105911546875 0.61955235 0.29800614062499997 0.6203770609375 0.291867984375 0.626440853125 0.2973155234375 0.6306922921875
11 0.3555410859375 0.6466907640625 0.3650508703125 0.64901510625 0.37202441875000003 0.6474584875 0.3765047203125 0.6455508625 0.37835995625 0.6416395546875 0.3772601875 0.63829605 0.3707313484375 0.6348171234375 0.3594797046875 0.6339399609374999 0.35437440468750003 0.635818478125 0.34916386718750003 0.6399266171875 0.3555410859375 0.6466907640625
11 0.4094365578125 0.6074598515625 0.4000244125 0.607492025 0.3953357796875 0.609389946875 0.3922455640625 0.6128906265625 0.3923282140625 0.6155987671875 0.40121505781250005 0.6223623609375 0.408474134375 0.6236407734375 0.4122952609375 0.6224078796875 0.41706587187500005 0.6187498 0.417944296875 0.617850396875 0.4178780546875 0.6147899125 0.4177954046875 0.612081771875 0.4166355234375 0.610028890625 0.4094365578125 0.6074598515625
11 0.3913957484375 0.5682889609374999 0.3832090890625 0.5689654203125001 0.37932100625 0.5716060625 0.377708275 0.57482323125 0.3772253203125 0.58067986875 0.3856879796875 0.58307288125 0.3932551328125 0.5822493453125 0.39690616875 0.580185653125 0.400984821875 0.5779062109375 0.4018577875 0.5771239953125 0.40208152343750003 0.5759662624999999 0.40018767187500004 0.5725779421875 0.3975625734375 0.57057504375 0.3913957484375 0.5682889609374999
11 0.33630145 0.5569038125 0.330443371875 0.5569840765625 0.3257766078125 0.5584124687500001 0.3227559953125 0.5603888640625 0.3204240140625 0.5655706078125 0.3227915453125 0.5686208359375 0.3299686421875 0.5716594046875 0.33599270468750003 0.572527971875 0.3429921921875 0.5703845703125 0.3445024625 0.5693971546875 0.3455740859375 0.5665611312500001 0.34527573125 0.5617900625 0.3418869765625 0.5582225046875 0.33630145 0.5569038125
7 0.262033390625 0.2979306984375 0.219603546875 0.2985092453125 0.20091467500000001 0.2987740671875 0.203614415625 0.3383531796875 0.199261378125 0.377603803125 0.1987234125 0.400002284375 0.2165665578125 0.4070773265625 0.2599769640625 0.40711208593750003 0.285254 0.4063030515625 0.297169890625 0.3997622140625 0.2861063953125 0.3805306296875 0.28105195625 0.344798065625 0.2817071109375 0.30906522812500004 0.262033390625 0.2979306984375