2 0.573949759375 0.6275002046875 0.5849341859375 0.6254427234375 0.6919097390625 0.49399742968749993 0.697440378125 0.474788584375 0.37853392656249996 0.4215345140625 0.3633126140625 0.42359547500000005 0.335264140625 0.4525529953125 0.24786328906250002 0.5550477296875 0.24037096875000002 0.5706733828125 0.5423298796875 0.6239413703125 0.573949759375 0.6275002046875
5 0.375200415625 0.445862703125 0.34032632500000004 0.4855802390625 0.3386793953125 0.5024813781249999 0.3621786765625 0.5083513984375 0.372574478125 0.502453540625 0.3805376984375 0.4899001875 0.4096853453125 0.4773294375 0.4263974359375 0.47577936718749997 0.445895284375 0.4831890171875 0.4814372984375 0.4662600390625 0.4730019546875 0.44808689375000005 0.4045054375 0.44353411875 0.39532531406250004 0.43893262499999997 0.3828501078125 0.44047921562500003 0.375200415625 0.445862703125
0 0.37885111718750003 0.49732723749999996 0.3902283703125 0.5070480734375 0.4289886140625 0.520331221875 0.45711760625000003 0.5379760796874999 0.47579137656250003 0.5400092015625 0.42353360625 0.47552566250000006 0.3880696671875 0.48374862500000004 0.37885111718750003 0.49732723749999996
1 0.41733626093750004 0.4996001453125 0.42223984999999997 0.4947310265625 0.41921864375 0.48423515781250004 0.4016044 0.4891147125 0.40129087343750003 0.49628457812500004 0.40760716406249997 0.5006323640625 0.41733626093750004 0.4996001453125
7 0.3525300953125 0.5559859953124999 0.36982959375 0.53062210625 0.348330415625 0.5101551734374999 0.3331091046875 0.5122161328125 0.3031386015625 0.5470645515625 0.312122921875 0.559603984375 0.33699525937499997 0.56521681875 0.34386052500000003 0.56393089375 0.3433896234375 0.560858590625 0.3525300953125 0.5559859953124999
9 0.5687277578125001 0.5289224046875 0.5602924125000001 0.5107492578125 0.538283909375 0.5053901296875 0.5188257125 0.50745456875 0.504193025 0.5133559078125 0.48595172656249996 0.5325751921874999 0.4863445515625 0.5443535078124999 0.5095303078125 0.5573933921875 0.5492311328125 0.5491669484374999 0.5687277578125001 0.5289224046875
11 0.35425632500000004 0.558033034375 0.34178112031249996 0.5595796265625 0.34123214375 0.5652133390625 0.34982363906249997 0.5659744546875001 0.35425632500000004 0.558033034375
11 0.3429559265625 0.5119519890625 0.3331091046875 0.5122161328125 0.3311870734375 0.51810703125 0.3410338984375 0.5178428859374999 0.3429559265625 0.5119519890625
11 0.3940699875 0.43995788437499994 0.3805749046875 0.4440658875 0.38186988125 0.4525147171875 0.391481253125 0.450714421875 0.40003310000000003 0.442001446875 0.3940699875 0.43995788437499994
11 0.506241234375 0.5423760234375 0.507565634375 0.5384285796875 0.5076507609375 0.5383573265625 0.5027492390625 0.5357846453125 0.4968382390625 0.538587440625 0.49506244062500004 0.5413868374999999 0.49443803124999997 0.544510225 0.49942693125000004 0.5455795218749999 0.50377929375 0.5443020609375 0.506241234375 0.5423760234375
11 0.527771959375 0.5497509734375 0.5290811359375 0.5475012015625 0.5288974734375 0.5442755421875 0.5249661046874999 0.5440329562499999 0.5220870265625 0.54503445625 0.5175965359375 0.5481108328125 0.51750431875 0.5502092984375 0.5204059609375 0.5520551375 0.5247400359375 0.5515522671875 0.527771959375 0.5497509734375
11 0.554672109375 0.5365795656250001 0.5485077171875 0.5348447171874999 0.544001134375 0.536922228125 0.5426688859375 0.53902145625 0.5443567453125 0.541942453125 0.5473323171875 0.542464415625 0.5512823765625 0.541262309375 0.554350046875 0.5396850375 0.554672109375 0.5365795656250001
11 0.5475007328125 0.5264778453125001 0.5506736921875001 0.526499821875 0.558423590625 0.524894121875 0.5592350671874999 0.5238943203125 0.5577216421875 0.5187109140625 0.5562602765625 0.517977228125 0.553557003125 0.5183287109375 0.550122775 0.5202053609374999 0.54720245625 0.5218316734374999 0.5461494874999999 0.5239560234375 0.5475007328125 0.5264778453125001
11 0.5363173453125001 0.5137735265625001 0.53429961875 0.509603496875 0.52860040625 0.5119818296875 0.5253498296875 0.5150566765625 0.525582809375 0.5174798109375 0.528282396875 0.518901271875 0.53221405 0.5184729890625001 0.5352459734374999 0.5166716953125 0.5363173453125001 0.5137735265625001
11 0.507064590625 0.5279623890625 0.5093048140625 0.5263868203125 0.5106731250000001 0.5235460203125 0.509775278125 0.52136515 0.5051229921875 0.520695028125 0.5029944890625 0.5220963859375 0.49954185781250005 0.5247468546875 0.49964483125000003 0.5281187890625 0.503266125 0.5283657265625 0.507064590625 0.5279623890625
8 0.60142655 0.468561771875 0.5731095171875 0.4631722328125 0.5383414890625 0.459882284375 0.512426725 0.46495916406250004 0.4817425609375 0.4727119234375 0.45775147499999996 0.48255245156250004 0.41325809687500004 0.5162961312500001 0.3999003375 0.5288106406249999 0.4004761109375 0.55075838125 0.40775728906250003 0.569667615625 0.4320229515625 0.5954206281250001 0.45383354374999996 0.59735054375 0.5030636609375 0.6066198453125 0.538572784375 0.601751196875 0.5686485390625 0.5952264765625 0.5955048421875 0.5832895578125 0.6171823046875 0.5687584218749999 0.6320769015625001 0.5541616734375 0.6404205625 0.5332162406250001 0.6437735046874999 0.50830525 0.6344788609374999 0.48665452656249997 0.6215100171875 0.4748250859375 0.60142655 0.468561771875