2 0.736512778125 0.7596239265625 0.9754981031250001 0.4181404125 0.984012234375 0.40412725624999996 0.9754788703124999 0.363131446875 0.591699778125 0.3384991765625 0.5687282203125 0.3448374015625 0.3191397375 0.7040271546875 0.317112375 0.7148810531249999 0.3298931875 0.7213658015625 0.5612005171875001 0.7548700453125 0.5987875265625 0.7569659328125 0.7022442984375 0.7734708515625 0.721924290625 0.771913071875 0.736512778125 0.7596239265625
5 0.87061910625 0.3948028625 0.815695515625 0.38492921562500004 0.8012997531250001 0.3844150984375 0.7707969125 0.3957591234375 0.7587715296875001 0.4066327296875 0.7562700921875 0.4152090828125 0.7657593390625 0.426474278125 0.780883565625 0.4236234890625 0.7959114296875 0.42717433437499996 0.8085958796874999 0.44006071562500004 0.8128972609374999 0.44699617343750003 0.8043484328125 0.4745717765625 0.8185514703125 0.487889159375 0.88382383125 0.48569901406250005 0.8979382421875 0.471132321875 0.886298303125 0.4563994 0.8886147515625 0.42634060468749996 0.87061910625 0.3948028625
0 0.6833276609375 0.4766548140625 0.604626921875 0.5378948984374999 0.602757584375 0.5495079781250001 0.6105085531250001 0.5524221734375 0.625158703125 0.547293840625 0.6893942843749999 0.51266453125 0.8050152296875 0.46404605625000006 0.8089119296874999 0.441579078125 0.7904691734375 0.42848705000000004 0.7727201828125 0.4255925625 0.7245916796875 0.4483637296875 0.71031924375 0.4621712390625 0.6833276609375 0.4766548140625
1 0.7619590015625 0.44253962343750003 0.7457902609375 0.447236953125 0.729270775 0.46397836562499994 0.7325276406250001 0.472760365625 0.7533138109374999 0.4765168578125 0.7708431140625 0.47149135 0.7851155484375 0.457683840625 0.7768288390625 0.4453312859375 0.7619590015625 0.44253962343750003
9 0.63622820625 0.56615085 0.60999978125 0.5637070734375 0.5814279421874999 0.5705988328125 0.5521893078125 0.5880163109375001 0.539751509375 0.6037731875000001 0.5356351203124999 0.6183201703125001 0.540472240625 0.6346939875000001 0.553727128125 0.64345628125 0.5809037046875 0.650455146875 0.60906313125 0.6484466578125 0.63867948125 0.63970835625 0.657665709375 0.6279530359375001 0.6725085843749999 0.6100214390625001 0.675896509375 0.5988393609375 0.6712174140625 0.5832247265625 0.6559698625 0.5717538859375 0.63622820625 0.56615085
11 0.5960550890625 0.38688115624999997 0.59931195625 0.39566315625000004 0.616841259375 0.390637646875 0.6184562109375 0.38466701875 0.6119077796875 0.3806654625 0.5960550890625 0.38688115624999997
11 0.626130053125 0.4489918125 0.612524415625 0.4522736015625 0.611699590625 0.4620401390625 0.62970296875 0.45929217656250004 0.626130053125 0.4489918125
11 0.824521734375 0.5303005093750001 0.8377766234375 0.5390628015625001 0.84730056875 0.536765546875 0.8570789015625 0.52882584375 0.8558147 0.522752390625 0.8450265515625001 0.518976190625 0.8299023249999999 0.521826978125 0.824521734375 0.5303005093750001
11 0.681246171875 0.7275086578125001 0.687856265625 0.7386710265625 0.7046571078125 0.7370104234375 0.715954028125 0.729501721875 0.7170949046875 0.7212535484375 0.7097563453125 0.713456084375 0.7052005796875 0.7121630765625 0.681246171875 0.7275086578125001
11 0.41032446875 0.7027624234375 0.40168701249999994 0.70245395 0.391276578125 0.7073569281250001 0.3886171140625 0.7151741 0.3968421609375 0.720365840625 0.409403284375 0.71893059375 0.4169345640625 0.7139247921874999 0.418549515625 0.7079541625 0.41032446875 0.7027624234375
10 0.43427114375000003 0.7217025484375 0.5161169250000001 0.7442175109375 0.5394661953125001 0.7465584625 0.6550794109375 0.73222569375 0.6701689390625 0.7429373531250001 0.685293165625 0.7400865671875 0.6920690171875 0.7177224109375 0.7081760921875 0.7058642671875 0.75253895625 0.6855960015625 0.7833925421875 0.66220789375 0.814754903125 0.6275348843749999 0.8310893984375 0.5893110296875 0.8375222359375 0.5447052515624999 0.835440940625 0.5141126296875 0.8200970265624999 0.509043421875 0.7869077578125 0.5074813578125 0.750234203125 0.52350300625 0.7329245890625 0.536448509375 0.7425024671875 0.5755977765625 0.7405020703125 0.6071749343749999 0.718347603125 0.638032328125 0.6536996140625 0.67754490625 0.5935187609375 0.6904664203124999 0.53321458125 0.6890663046875 0.4962327046875 0.6692838812499999 0.461305159375 0.6593708203124999 0.40007979374999997 0.6741388749999999 0.3971312453125 0.7011609437499999 0.4162408 0.7037272515625 0.42332497187499996 0.717167165625 0.43427114375000003 0.7217025484375
7 0.6237455984375 0.3793592359375 0.5947498796875 0.3843312875 0.57763904375 0.3991447546875 0.550801315625 0.43189958749999996 0.551344525 0.45689462968749994 0.58890228125 0.45823216875000006 0.6098710281249999 0.46443777500000005 0.6290639453125 0.462118859375 0.6379240359375 0.45490931874999996 0.654193765625 0.428620703125 0.67108755 0.407794540625 0.680184871875 0.3868285921875 0.6237455984375 0.3793592359375
11 0.57190193125 0.6225993843750001 0.567699384375 0.6200515390625 0.5604667265625001 0.6213504249999999 0.5547570953125 0.624598096875 0.554655934375 0.6287182203125 0.5576357062499999 0.630759725 0.565192425 0.6317865265625 0.568729146875 0.629597965625 0.57190193125 0.6225993843750001
11 0.6081271734375 0.632747175 0.6041293234375 0.6309424703125 0.5969192 0.6308119453125001 0.59081315 0.6352236171875 0.5912960296875001 0.6383122828125 0.595017453125 0.64008639375 0.6030282046875 0.6386883250000001 0.6053647640625 0.6368777531250001 0.6081271734375 0.632747175
11 0.63333071875 0.6216727984375 0.6352147625 0.6222875296875 0.6383037265625 0.623322815625 0.6445012296875 0.6216501296875 0.648654509375 0.6186000625 0.6498402921875 0.616622175 0.64748970625 0.613004134375 0.6414591703125 0.6124104890625001 0.6365840453125 0.61429919375 0.6360430375 0.6162993546875 0.6334801421875 0.6193221999999999 0.63333071875 0.6216727984375
11 0.6436389499999999 0.596035209375 0.647662025 0.595421203125 0.6513562015625001 0.5939959484374999 0.6532192734375 0.5922102890625001 0.65494956875 0.5881117984374999 0.651866846875 0.58648181875 0.6432590296875 0.58731111875 0.6377370234375 0.5906913328125001 0.6367178499999999 0.594231603125 0.639742765625 0.595728025 0.6436389499999999 0.596035209375
11 0.6052109406249999 0.58705020625 0.6100749546875 0.585876965625 0.6154622796875 0.5826185359375 0.6170974171875 0.579730975 0.61621016875 0.57700614375 0.6123606500000001 0.5761543109375 0.6046546640625 0.5774788671875 0.600798196875 0.5796552562499999 0.59940378125 0.58293044375 0.6027011812499999 0.5864979015625 0.6052109406249999 0.58705020625
11 0.5729297734375 0.60222764375 0.575874503125 0.6002703734375 0.57684355625 0.5956243796875 0.5737373906250001 0.5938405953125 0.5696020078124999 0.593146215625 0.56463523125 0.59612540625 0.5617851109374999 0.5993060328125 0.561677515625 0.6026264234375 0.5665734546875 0.6031373515625 0.5729297734375 0.60222764375
8 0.6457618546874999 0.6839890125 0.69569506875 0.6613278874999999 0.7291095015625 0.633060521875 0.7350853374999999 0.60867205 0.7389162015624999 0.5769236515625 0.7291312984375 0.559419153125 0.7277945390625 0.5323416265625001 0.7678552671875 0.512403865625 0.7779040484374999 0.5075825421875 0.7641476468749999 0.497543553125 0.751341453125 0.49206952499999995 0.675162584375 0.4781283765625 0.6306232625 0.48145833906249996 0.570864596875 0.4893650625 0.490418521875 0.5217844125 0.4455297640625 0.5480245234375001 0.4111600015625 0.586454271875 0.3965595734375 0.6225129734375 0.3986716078125 0.6562530921875 0.407097553125 0.6672357875 0.431696278125 0.6585620609375 0.46368660625 0.6618054 0.483780715625 0.6668912859375 0.5092151328125001 0.6799361140625 0.5305988859374999 0.691217678125 0.5730467421875 0.6915965390625 0.6113068296875 0.6895603265625 0.6457618546874999 0.6839890125