2 0.08320825312499999 0 0.0778171140625 0.0255200875 0.042960384375 0.2813835140625 0.45732631562500003 0.554818025 0.47655394375000004 0.5579716984374999 0.4915832703125 0.551743765625 0.9848054578125 0.3181121 0.9991679124999999 0.3070331484375 0.9923405609374999 0.2964300578125 0.5256840515625 0 0.08320825312499999 0
5 0.082366503125 0 0.078052625 0.02397816875 0.08260419218750001 0.0310468953125 0.0928848796875 0.037474753124999996 0.09986964375 0.0378301046875 0.11340781250000001 0.03214786875 0.144330409375 0.004818509375 0.26307141875 0.010859496875000001 0.2689963875 0.018153485937499998 0.2961111640625 0.0249716109375 0.304036746875 0.0468186609375 0.32279335468750003 0.0530561734375 0.3311118625 0.063113565625 0.35230167031250004 0.062637703125 0.35712840625000003 0.05868773125 0.3853029765625 0.058567221875 0.38977644843750003 0.0569301296875 0.390287128125 0.0443695125 0.4166569359375 0.0376308 0.41057577343749996 0.012925175 0.3981370609375 0.0021919953125 0.3997598046875 0 0.082366503125 0
0 0.2604423703125 0.0096380125 0.237212290625 0.0050375921875 0.1783518546875 0.0032861703125000004 0.14809735156249998 0.0078071765625 0.1204706734375 0.041209040625 0.1331052390625 0.059877078125000004 0.198791803125 0.09989096562500001 0.22967229687500001 0.13735713125 0.24783890937500003 0.175108815625 0.300614515625 0.2351327375 0.3224315328125 0.248984671875 0.3328708546875 0.2175054171875 0.278097078125 0.0876096875 0.2722910859375 0.051885364062499995 0.2750391109375 0.0246765140625 0.26832951718750003 0.0133024640625 0.2604423703125 0.0096380125
1 0.2281848078125 0.05492470625 0.2298730375 0.03465449375 0.21755207968749998 0.0231503546875 0.1928308421875 0.01909563125 0.1723079078125 0.0244225140625 0.168854575 0.028597748437499997 0.1700309015625 0.0485475265625 0.1920834296875 0.060857540625 0.2104086765625 0.0607021140625 0.2281848078125 0.05492470625
9 0.5545773578125 0.249917859375 0.5196547546875 0.22048172500000002 0.467740646875 0.20090305625 0.41806266406250003 0.19433553125 0.38643475625 0.198631275 0.3687763828125 0.203637721875 0.3406402484375 0.2219408296875 0.32980922343749997 0.23755036562499998 0.3268256859375 0.2663011359375 0.33977385781249997 0.29213307187500004 0.367633603125 0.3125080390625 0.434301865625 0.33687747031250004 0.47723059531249995 0.34154772499999997 0.522710275 0.33873364375000004 0.551395525 0.32605251874999996 0.5700356015625 0.305401615625 0.571959340625 0.28358948281249996 0.5630136218749999 0.259204290625 0.5545773578125 0.249917859375
8 0.7334482703125 0.41481860625 0.761176178125 0.38694787656249996 0.7835690578125 0.352630675 0.8065403218749999 0.2849766078125 0.8043007234375 0.2759976625 0.7951170234375 0.2415662046875 0.77883621875 0.20039926718749998 0.7458247499999999 0.1564874125 0.7015147796875 0.127439059375 0.640071315625 0.1041913296875 0.5531635515625 0.07626043593750001 0.48691425156249996 0.0608352828125 0.41356867499999994 0.05640299375 0.351042509375 0.0638765875 0.3049479484375 0.07607151875 0.2643873578125 0.08157563906250001 0.220657346875 0.090105875 0.1933829921875 0.0972826078125 0.1839728890625 0.09979170781249999 0.177329496875 0.10781945781249999 0.15443284531249998 0.1217929984375 0.14429406250000001 0.1408984453125 0.1376761359375 0.178309584375 0.13400381249999999 0.21417838281249998 0.1445716359375 0.2690978953125 0.1487243125 0.3128354828125 0.18161035781249998 0.35166032187499996 0.2436343296875 0.3947585234375 0.32777346406249996 0.43489865625 0.4022012390625 0.46179574062500006 0.4926309546875 0.47257609062499994 0.575261090625 0.46941303593750006 0.63295529375 0.45810752343749994 0.6759297859375 0.43679002499999997 0.7334482703125 0.41481860625
11 0.37364477812499997 0.27279251875 0.37739021875 0.2695068375 0.3789022234375 0.2687140421875 0.379225321875 0.263566246875 0.365907215625 0.25670105 0.3522023171875 0.26147478281250003 0.3501091890625 0.2660722625 0.3564904671875 0.272839696875 0.3668497546875 0.2747988046875 0.37364477812499997 0.27279251875
11 0.41590970625 0.31769104062500003 0.4221752796875 0.31611870625 0.4266825609375 0.3130804734375 0.42685075 0.30674398593749996 0.41470902656249997 0.298250946875 0.4011708828125 0.298891240625 0.39448040624999997 0.3032546734375 0.39457041875 0.308730228125 0.4069460828125 0.315700846875 0.41590970625 0.31769104062500003
11 0.4889690953125 0.3187525 0.49482018749999995 0.3168521828125 0.5034100828125 0.3091594984375 0.5026745140625 0.30487806093750003 0.4871096921875 0.303625153125 0.4756128859375 0.30303947343750004 0.46839158750000004 0.3078366328125 0.47135052499999996 0.3127419515625 0.482187234375 0.3176401546875 0.4889690953125 0.3187525
11 0.4987724203125 0.272772515625 0.5081761015625 0.27795567656250003 0.515861659375 0.2792162453125 0.5269453562499999 0.27947416875000003 0.5295679328125 0.2744427375 0.5316852625 0.2727100171875 0.532537690625 0.267129040625 0.525317146875 0.262823953125 0.516353525 0.260833759375 0.5039398546875 0.2632184875 0.4976624890625 0.267909678125 0.4987724203125 0.272772515625
11 0.4498550265625 0.22288208125 0.4513407 0.22832654687499998 0.45720432187500004 0.23240907656249998 0.466956790625 0.2353086546875 0.47344176562499996 0.23533230624999998 0.48475665625 0.234067359375 0.4847441296875 0.2280845140625 0.48216105000000004 0.2237600515625 0.47836285156249997 0.22131708125 0.4672935734375 0.217941521875 0.45865115312500004 0.21990401249999997 0.4498550265625 0.22288208125
11 0.380723109375 0.22038479687499998 0.3753750171875 0.2280891953125 0.3788631671875 0.23256210312499997 0.3900874109375 0.2349230796875 0.39717931875 0.2340054890625 0.4059365890625 0.2312818359375 0.40931476250000004 0.2265940328125 0.40733151718749994 0.22214905 0.406879665625 0.2220749375 0.3980697546875 0.2190691640625 0.38977738125 0.21874906875 0.380723109375 0.22038479687499998