2 0.059390571875 0.2779930625 0.048324925000000005 0.2789084140625 0.038807292187499995 0.2853734078125 0.029785295312499998 0.40417661562499996 0.03592965 0.472388046875 0.0322630890625 0.48933286562499995 0.0147303703125 0.50625 0.0210953453125 0.725 0.235688928125 0.761676359375 0.5170173734375 0.804579359375 0.5551106406249999 0.7795006296875 0.5680242843750001 0.6991404578125 0.5965473578125 0.345155478125 0.59463563125 0.327105834375 0.56335265 0.3003261765625 0.059390571875 0.2779930625
8 0.343471828125 0.36785195625 0.3309945609375 0.3679051640625 0.304423815625 0.3601181859375 0.2641460390625 0.357772271875 0.21580771250000003 0.3643159984375 0.162413934375 0.3877236484375 0.1342247453125 0.419618634375 0.1311946828125 0.458438453125 0.14014178125 0.48001756406249996 0.1858819515625 0.5271374078125 0.1716043859375 0.5606225796875 0.16072059375 0.56778793125 0.1651373140625 0.5766243609374999 0.1875641234375 0.5849499078125 0.2027509734375 0.5827147375 0.2850591328125 0.5999874578125 0.2907510796875 0.6049985328124999 0.335127328125 0.6052433765624999 0.400018659375 0.5957641234375 0.4657987765625 0.569178265625 0.49562690781249996 0.5459579234375 0.52377063125 0.5125004390625 0.53775268125 0.4688590171875 0.5264846796875 0.4151677625 0.4934036328125 0.3742447109375 0.4808127046875 0.37039166875 0.4617547046875 0.382540409375 0.4176057765625 0.3901080640625 0.379946653125 0.3824551890625 0.343471828125 0.36785195625
9 0.33998265625 0.48619748749999997 0.35760630312499997 0.4724053546875 0.358063178125 0.44045499843749997 0.3211791765625 0.41178926562499996 0.29456296718749997 0.4024397875 0.2598180125 0.3996361984375 0.22946704687500002 0.404887790625 0.20489895625000001 0.41827545625000007 0.1942652171875 0.43403455781250005 0.1919648125 0.45027902031249994 0.1994548265625 0.4694334875 0.222177153125 0.487915284375 0.24601558437499998 0.49710297499999995 0.3001822515625 0.500257825 0.33998265625 0.48619748749999997
10 0.47662330624999993 0.3693677375 0.4805626515625 0.36179791875 0.4517392 0.324242546875 0.44490841562499994 0.3277443296875 0.43101952656250003 0.32693539375 0.40428965625 0.313679665625 0.3387163640625 0.29972141875 0.2900370546875 0.29454639375 0.2484385859375 0.2944633375 0.0907644796875 0.3078977203125 0.1051080109375 0.32433165625 0.0943606125 0.3361845078125 0.093289971875 0.3470411140625 0.067469384375 0.3650353859375 0.0460655171875 0.3918660890625 0.0337451390625 0.44496340312499993 0.0461519765625 0.4901418015625 0.0772054046875 0.5566843171875 0.1190766609375 0.5661423734375 0.14822059375000002 0.5670598890625 0.1714225296875 0.5543725796875 0.1759551421875 0.519539903125 0.144422109375 0.4841664953125 0.13456349375 0.47891274062500006 0.1282805125 0.45358916562499996 0.127825871875 0.43796416562499996 0.15824726718749998 0.3874809671875 0.20333044375 0.36436920625 0.2570652015625 0.3526803046875 0.3112546 0.356616403125 0.3475703 0.3657508859375 0.3785123 0.3808117953125 0.4133481828125 0.386740384375 0.44381280937499995 0.3853950421875 0.47662330624999993 0.3693677375
0 0.324066146875 0.511008015625 0.287066253125 0.5260113890625 0.22877614999999998 0.5717517156249999 0.165910203125 0.6031868609375 0.1455769765625 0.6191609578125 0.1517235640625 0.6397970328125 0.1995140890625 0.6620786640625 0.22182723906250001 0.6664979609375 0.2769076546875 0.605752096875 0.30309418906249996 0.55268246875 0.32470264531250004 0.532883015625 0.324066146875 0.511008015625
1 0.1878119421875 0.641119015625 0.2073700484375 0.646157775 0.22786240000000002 0.635652428125 0.2288648453125 0.622452071875 0.206256178125 0.607876525 0.186857196875 0.608306515625 0.1732183609375 0.6160913296875 0.1736275390625 0.6301538296875 0.1878119421875 0.641119015625
5 0.0814812640625 0.6559839609375 0.10884763125000001 0.6911146875 0.12018606406250001 0.6995743375 0.1857593578125 0.713532584375 0.21358259999999998 0.7167129562500001 0.2214840234375 0.7023545671875 0.21827433749999997 0.6873490296875 0.2250596578125 0.6822847484375 0.20395353906250002 0.67169634375 0.1928196953125 0.6702679453125 0.1575746375 0.65027685625 0.1431629109375 0.6314991703125 0.13965770625 0.606337384375 0.1198722828125 0.5934861234375 0.108692975 0.590495225 0.057372282812499995 0.5898459140625001 0.049266268749999995 0.5971730515625 0.0496754453125 0.6112355515625 0.06818564218749999 0.62791216875 0.0814812640625 0.6559839609375
11 0.46242103125 0.7390054046875 0.47633265312499995 0.7405955890625 0.48730737187499995 0.7365552375 0.48846894062499996 0.7288236312499999 0.481410834375 0.7245129140625 0.464698703125 0.721979690625 0.4578451875 0.7247002234375 0.456751815625 0.7347755796875 0.46242103125 0.7390054046875
11 0.391796753125 0.64676036875 0.40566291093749995 0.6467880546875 0.4108774859375 0.6353928796874999 0.38858706718749997 0.6317548328125 0.38473864999999996 0.6424496515625 0.391796753125 0.64676036875
11 0.0529350640625 0.5326528765625 0.0448290515625 0.5399800156250001 0.05628114375 0.5523459140625 0.07012456875 0.5515923484374999 0.0768644234375 0.5449655671875 0.0654123328125 0.53259966875 0.0529350640625 0.5326528765625
11 0.09283533125 0.3314161140625 0.100986809375 0.325651475 0.097936246875 0.3161146875 0.07981249375 0.312719321875 0.07034032500000001 0.3207468171875 0.0719110703125 0.3270777109375 0.081792415625 0.333112715625 0.09283533125 0.3314161140625
11 0.45697650625 0.313628621875 0.4470042328125 0.3044686171875 0.43311534375000005 0.30365968125 0.42352951406250006 0.3077809265625 0.41963563125 0.3169132453125 0.4281735515625 0.32442985625 0.4531280875 0.324323440625 0.45697650625 0.313628621875
7 0.385433775 0.7244751796875 0.443152925 0.7316866531249999 0.483513421875 0.7384002890625 0.49196286406249995 0.6993696625 0.49191930156249997 0.666517421875 0.49641737812500003 0.64855799375 0.47288380312499995 0.639745265625 0.42345365 0.6350693374999999 0.4028052515625 0.6313007484375001 0.38501956875 0.631804425 0.378702884375 0.648304759375 0.372446703125 0.68599296875 0.3693113125 0.71942984375 0.385433775 0.7244751796875
11 0.336477453125 0.46103570156250007 0.3350203671875 0.4586110578125 0.33078550624999997 0.4560246265625 0.3210632828125 0.455458371875 0.3155531921875 0.456697296875 0.3129345390625 0.4620042609375 0.317214865625 0.46615319062499994 0.320015375 0.46709622812499996 0.3297375984375 0.4676624828125 0.3352476890625 0.4664235578125 0.33656838125 0.46416070156250006 0.336477453125 0.46103570156250007
11 0.29824779375 0.48142693124999997 0.2939902 0.47805925 0.28841191093749996 0.4769544265625 0.28012404218750003 0.4780315640625 0.2787578859375 0.478731921875 0.2761165 0.48325763437499997 0.280396828125 0.4874065640625 0.2831973359375 0.4883496015625 0.2915306703125 0.4888349625 0.29565187187499997 0.48751514374999994 0.298338721875 0.48455193124999996 0.29824779375 0.48142693124999997
11 0.248156865625 0.4753897625 0.24799774062500002 0.46992101249999996 0.2465633875 0.46827761875 0.24096236875 0.4663915453125 0.23262903437500002 0.4659061828125 0.22987399062499997 0.466525646875 0.2271416765625 0.467926359375 0.225843715625 0.47097046562499995 0.2287578859375 0.47581975312499997 0.23158112812499998 0.47754404062500005 0.2426922390625 0.4781911890625 0.246813440625 0.47687136875 0.248156865625 0.4753897625
11 0.22755308749999997 0.43441350312499993 0.22060864218749998 0.434009034375 0.2150985515625 0.4352479609375 0.212457165625 0.4397736734375 0.2153940671875 0.4454042109375 0.218194578125 0.4463472484375 0.22652791093750002 0.446832609375 0.23201526874999998 0.4448124328125 0.2346793875 0.4410679703125 0.23037632968750002 0.436137790625 0.22755308749999997 0.43441350312499993
11 0.2671943671875 0.414884415625 0.261593346875 0.4129983421875 0.2532600140625 0.41251298125 0.24916154375000002 0.41461404999999996 0.24790904687499998 0.41922065625 0.2493888640625 0.42242654999999996 0.2536009953125 0.42423173125 0.25917928125 0.4253365546875 0.2660782625 0.42417852187499994 0.2701767328125 0.422077453125 0.270040340625 0.417389953125 0.2671943671875 0.414884415625
11 0.320222196875 0.426552121875 0.31320955625 0.42380390312499994 0.3062651109375 0.4233994359375 0.3007322890625 0.4238571125 0.29802270625 0.426039075 0.29813636718750003 0.429945325 0.3023939625 0.43331300468749995 0.3051944734375 0.43425604218749997 0.3149166953125 0.434822296875 0.317671740625 0.434202834375 0.3203585890625 0.431239621875 0.320222196875 0.426552121875