2 1 0.5313524453125 0.8799713921875 0.489815571875 0.8438866203125001 0.4692655859375 0.606216196875 0.379521946875 0.56739290625 0.35951829375 0.503004559375 0.3390650734375 0.46877303125 0.34589422812500004 0.4516286015625 0.353278646875 0.350238215625 0.43931036562500003 0.12099057499999999 0.6222036875 0.1079704609375 0.6454146265625 0.1364217640625 0.66273053125 0.1944147125 0.6789098578125 0.3540615125 0.742992253125 0.42341866406250006 0.775932221875 0.6958619265625 0.87855933125 0.7031018125 0.8794934546875 0.7287241953125 0.872003340625 1 0.719041165625 1 0.5313524453125
5 0.61713273125 0.799126778125 0.663441759375 0.804951840625 0.7345286828125001 0.8066265609375 0.74972175 0.804388384375 0.8385021375000001 0.7605135765625 0.8404534984375 0.7553673359374999 0.8317704890625001 0.7460000421874999 0.8030567984375001 0.7271508328125 0.772801859375 0.7323938390625 0.762503734375 0.7384124265625001 0.70454385625 0.7555251359375 0.65328255625 0.7538593453125 0.635145909375 0.7471708671874999 0.6077606875 0.75263419375 0.593412109375 0.751532596875 0.5535315453125 0.783273465625 0.5597384203125 0.79472039375 0.5777438734375 0.80064221875 0.61713273125 0.799126778125
0 0.6822420984375 0.757595840625 0.7015429484375 0.7545381640625 0.7403331703125 0.7412497828125 0.75753493125 0.72592568125 0.7565427140625001 0.711852784375 0.7284111249999999 0.6881304984375001 0.7235735140624999 0.6764104046875 0.7115698781249999 0.672462521875 0.6561511906249999 0.621678178125 0.64628744375 0.6054110203125 0.614384321875 0.592747871875 0.6072183 0.60052008125 0.6104981281249999 0.6196863734375 0.636243978125 0.670840646875 0.6487073296875 0.7436725546875 0.66352335 0.7557804390625 0.6822420984375 0.757595840625
1 0.6630393734375 0.7281281328125 0.6696971578124999 0.7339353328125 0.700681925 0.7412319218750001 0.7132676609375 0.740306728125 0.7375781140625 0.7251500984375 0.7290836281249999 0.708609775 0.7042318671875 0.7040537812500001 0.6864314734375 0.7076049421875 0.6694182343749999 0.7157560125 0.6630393734375 0.7281281328125
7 1 0.5918588953125 0.9190328062500001 0.5525842453124999 0.8197657734374999 0.6096506734375 0.8111773640625 0.6313781140625 0.8415542625000001 0.6497107875 0.910088490625 0.6740851359375 0.91856644375 0.67397944375 0.97052450625 0.654892790625 1 0.6371228453125 1 0.5918588953125
10 0.3790356578125 0.6737911484375 0.3629242390625 0.6706627625 0.3586113984375 0.6620092765625001 0.352871965625 0.6615686375000001 0.32740503906249996 0.628593684375 0.32339537812499997 0.5968878 0.32761782031250003 0.5801889359375 0.35536355625 0.54373353125 0.396293665625 0.5181258765625001 0.4268683203125 0.5064764921875 0.443430646875 0.5039651484375 0.490624959375 0.48186473750000003 0.5081464359375001 0.46013425625000004 0.51165558125 0.44754181718749997 0.504136775 0.4284283734375 0.44192138593749997 0.42894791093749995 0.42926178437500007 0.42116677031250005 0.3142195828125 0.48534445000000004 0.2800045875 0.5088196218750001 0.245543740625 0.5474075093749999 0.2247181765625 0.5912034171875 0.2190295234375 0.6092555875000001 0.1854610375 0.620017278125 0.173684346875 0.63608813125 0.1770006625 0.6501635515624999 0.229389715625 0.6432686000000001 0.244101696875 0.6713758265624999 0.2825479421875 0.7057255437500001 0.3181079375 0.7232089203125 0.3672293515625 0.7371939859375 0.4502625796875 0.750756275 0.5221366625 0.75703090625 0.5459962046875 0.7475140046875001 0.5718071109375 0.7328508593749999 0.5763658046875 0.7263916328125 0.565190121875 0.702457959375 0.54992319375 0.6959898015625 0.5117724015625 0.696465425 0.499899959375 0.6932841921875 0.4879701890625 0.69804264375 0.47596655468750004 0.694094759375 0.45092627343749997 0.6967117968750001 0.42952633437500004 0.6875030453125001 0.4083314484375 0.68776728125 0.391564065625 0.6808056375 0.3847177578125 0.6821714703125 0.3790356578125 0.6737911484375
9 0.5503818296875 0.6324723390625 0.5781440984375 0.612662953125 0.58745000625 0.5925714671875 0.587564665625 0.576692103125 0.5761265984375 0.551225125 0.545855125 0.5398221140625 0.51826484375 0.5358124515625 0.474448484375 0.5445537703125 0.43578945625000004 0.5586088046875 0.410765709375 0.577871859375 0.40230429062499995 0.5946235703125 0.4061088921875 0.61685646875 0.421580878125 0.6327976125 0.44735099062500006 0.64272016875 0.49163479062500004 0.6449851390625 0.5503818296875 0.6324723390625
11 0.8261038421875 0.6218642515624999 0.8347129875 0.622525209375 0.849512475 0.617987078125 0.85296429375 0.6133343203125 0.8486514515625 0.6046808343750001 0.8331959984375 0.6053857078125 0.8227666828125001 0.6106376421874999 0.8198396375 0.61835700625 0.8261038421875 0.6218642515624999
11 0.48634734999999996 0.771306259375 0.5016716078125001 0.769834734375 0.5108628578125 0.7656226140625 0.5120270625 0.7558764640625 0.505631665625 0.751602565625 0.4899138265625 0.7507741359375 0.47426985000000005 0.758652040625 0.4742125203125 0.7665917234374999 0.48634734999999996 0.771306259375
11 0.19353715625 0.6489575953125 0.20846783750000003 0.6451861140624999 0.2138710171875 0.635387115625 0.2087136890625 0.6300734015625 0.1942339171875 0.6282051531249999 0.18217295312499998 0.632196953125 0.1774830671875 0.6378895265625 0.181664715625 0.6457763625 0.19353715625 0.6489575953125
11 0.40026145 0.4420159734375 0.41793065 0.4376981609375 0.427310421875 0.4263130109375 0.42149712812500006 0.4171660390625 0.41138752656250005 0.4160115953125 0.397694915625 0.4187432578125 0.38889724375 0.4252553328125 0.387733040625 0.43500148281250006 0.40026145 0.4420159734375
11 0.5583758046875 0.6047143375 0.5598023953125 0.5965014890625 0.5536693859375 0.5937608953125 0.541608421875 0.5977526937500001 0.5433139328125 0.6077191671875 0.5583758046875 0.6047143375
11 0.5357047296874999 0.5632533703125 0.532515296875 0.56943943125 0.536303365625 0.5750263109375 0.544650125 0.574153965625 0.5509716578125 0.569721528125 0.5466588171875 0.561068040625 0.5357047296874999 0.5632533703125
11 0.497160359375 0.5614290390625001 0.4976112671875 0.5557893109375 0.49147825625 0.5530487171875 0.4845007578125 0.553647896875 0.47694115625 0.5591201531250001 0.481122803125 0.5670069890625 0.49083882343749996 0.5658614765625 0.497160359375 0.5614290390625001
11 0.43783121875 0.5788149140625001 0.430271615625 0.5842871703125 0.43445326250000005 0.5921740046874999 0.4429312171875 0.5920683109375 0.45172888593750005 0.5855562375 0.4476784328125 0.578436053125 0.43783121875 0.5788149140625001
11 0.4587394546875 0.61824909375 0.4594527484375 0.61414266875 0.4501876359375 0.6096484531249999 0.44210326406249995 0.6120541015625001 0.436175309375 0.6187864953125 0.444202353125 0.6243205281249999 0.45391837500000004 0.623175015625 0.4587394546875 0.61824909375
11 0.504991153125 0.6320138375 0.5133952421875 0.6232018109374999 0.50249848125 0.6174474562500001 0.49083109843750006 0.6237392109375001 0.49938291562500003 0.6323398515624999 0.504991153125 0.6320138375
8 0.517668884375 0.43205705625 0.5133920187500001 0.4602127859375 0.5003881375 0.4808541125 0.46891109062499997 0.49500015625 0.4364034390625 0.5079643625 0.396206878125 0.5243129515625 0.36286694375 0.5420701203125 0.3468854484375 0.5549760640625 0.333695828125 0.57935614375 0.332012253125 0.613009675 0.33565525625000003 0.6391223890625 0.34553086875 0.6533488265625 0.3798172640625 0.6701087359375 0.41264872500000005 0.678366475 0.4442212328125 0.6840996984375 0.471982471875 0.6868907734375 0.5042691421875001 0.68230006875 0.53351181875 0.6792426546875 0.54832831875 0.6836909671875 0.5636129953125 0.7005399999999999 0.572195515625 0.7168748625 0.585303596875 0.725828709375 0.6190364609375 0.7200242640625001 0.633614503125 0.7134142609375 0.7283100265625 0.66552900625 0.7462740828125 0.6566951109375 0.7641612109375 0.645260240625 0.7849304906250001 0.6216814890625 0.792923159375 0.5765886390625 0.7933637546875 0.5598419109375 0.7889224718750001 0.533888453125 0.7697413078124999 0.5039344078125 0.7579263171874999 0.49287213750000003 0.7272890875 0.4684422515625 0.6896509953125001 0.45142577812500007 0.6581891125 0.44150657187500003 0.6078018640625 0.432122684375 0.571431596875 0.427347403125 0.5355986234375 0.4257036203125 0.52368188125 0.4285440078125 0.517668884375 0.43205705625