2 0 0.9680555562500001 0.00859375 0.9930555562500001 0.10703125 0.9986111109375001 0.365625 0.99444444375 0.56875 0.54444444375 0.56875 0.525 0.56015625 0.5111111109375 0.24921875 0.059722221875 0.2359375 0.047222221875 0.2265625 0.055555556250000006 0 0.58194444375 0 0.9680555562500001
5 0 0.9958333328125001 0.10546875 0.9986111109375001 0.11171875 0.9930555562500001 0.11640625 0.98194444375 0.115625 0.975 0.1078125 0.9625 0.07578125 0.9361111109375001 0.0625 0.81805555625 0.06875 0.8111111109375001 0.07109375 0.7833333328125 0.09140625 0.772222221875 0.09453125 0.752777778125 0.103125 0.7430555562500001 0.09921875 0.722222221875 0.09453125 0.7180555562500001 0.08984375 0.690277778125 0.0875 0.6861111109375 0.075 0.6875 0.0640625 0.6625 0.040625 0.672222221875 0.03203125 0.6861111109375 0.00546875 0.672222221875 0 0.6763888890625 0 0.9958333328125001
0 0.115625 0.9541666671875 0.13203125 0.9388888890624999 0.1609375 0.8680555562500001 0.19296875 0.83194444375 0.22734375 0.8083333328125001 0.278125 0.747222221875 0.28828125 0.7236111109375 0.25546875 0.7180555562500001 0.1359375 0.7916666671875 0.1015625 0.8027777781250001 0.07421875 0.8041666671875 0.0640625 0.8125 0.06171875 0.8208333328125 0.0609375 0.8444444437499999 0.06875 0.902777778125 0.078125 0.93194444375 0.115625 0.9541666671875
1 0.11484375 0.9041666671874999 0.1234375 0.88055555625 0.1203125 0.8625 0.11171875 0.8458333328125001 0.09140625 0.847222221875 0.08203125 0.8611111109375 0.08203125 0.8861111109375001 0.090625 0.9055555562500001 0.0953125 0.9083333328125001 0.11484375 0.9041666671874999
9 0.25859375 0.709722221875 0.27578125 0.7180555562500001 0.3046875 0.7166666671875 0.328125 0.7 0.34375 0.66944444375 0.35703125 0.6 0.3546875 0.55694444375 0.34453125 0.5125 0.32734375 0.4861111109375 0.30390625 0.47083333281249995 0.28203125 0.47222222187499996 0.259375 0.48472222187499997 0.2515625 0.49444444374999996 0.228125 0.5333333328125 0.2171875 0.5875 0.21875 0.6375 0.228125 0.66805555625 0.2359375 0.684722221875 0.25859375 0.709722221875
8 0.2483703125 0.9165333328124999 0.28442500000000004 0.9147513890625 0.33700390625 0.89605 0.37956875 0.8853624999999999 0.41261796874999995 0.84706805625 0.44516718749999995 0.7793833328125 0.47120625 0.6903263890625 0.48572812499999996 0.6128458328125 0.48172265625 0.52200694375 0.46519765625 0.44096388906249995 0.44466640625 0.3857486109375 0.41662421875 0.3465638890625 0.38557734374999997 0.2931291671875 0.35352890625 0.2699736109375 0.31597265625 0.253052778125 0.24536640625 0.240584721875 0.23685312500000003 0.244147221875 0.20430390625 0.2583958328125 0.166246875 0.2806611109375 0.1281890625 0.3198458328125 0.10665703124999999 0.3679375 0.0936375 0.4320583328125 0.08011718749999999 0.52200694375 0.07561015625 0.589690278125 0.08312109375 0.66271805625 0.10064765625000001 0.723277778125 0.12017734375 0.766915278125 0.1321953125 0.8061013890625001 0.14771875 0.8479583328125001 0.1592359375 0.873784721875 0.1632421875 0.882690278125 0.17225546875 0.888034721875 0.18978203124999998 0.9085180562499999 0.21031328125 0.9156416671875001 0.2483703125 0.9165333328124999
11 0.3006859375 0.69373055625 0.30634140625 0.6864152781249999 0.30659843750000004 0.6759000000000001 0.30351328125 0.6694986109375 0.2996578125 0.6662986109375 0.29862890625 0.6649263890625 0.2934875 0.6653833328125 0.28886015625 0.67955694375 0.2958015625 0.6923583328125 0.3006859375 0.69373055625
11 0.33024921875 0.644352778125 0.33564765625000004 0.6434388890625 0.34053203125 0.6301791671875 0.34104609375 0.6210361109375 0.33847578125 0.6150916671875 0.33474140625 0.611102778125 0.32845 0.6118916671875 0.32202265625000004 0.62515 0.32485078125 0.638409721875 0.33024921875 0.644352778125
11 0.32279453125 0.57074444375 0.32716406249999996 0.5670861109375 0.33024921875 0.5556569437500001 0.33024921875 0.5487986109375 0.32742187500000003 0.5433125000000001 0.31842421875000004 0.535997221875 0.3143109375 0.53736805625 0.31559609375000003 0.5529124999999999 0.31688125 0.56434305625 0.32279453125 0.57074444375
11 0.27857734375 0.5478833328125 0.2832046875 0.54605555625 0.28680390624999996 0.535997221875 0.28680390624999996 0.5282250000000001 0.28526171875 0.5172513890625 0.2798625 0.515422221875 0.27780625 0.51359444375 0.27215078125000003 0.51359444375 0.269065625 0.5213666671875 0.2685515625 0.530509721875 0.272921875 0.5423972218750001 0.27857734375 0.5478833328125
11 0.2374453125 0.5936041671875001 0.241815625 0.6018333328125001 0.24695703125000001 0.599547221875 0.25004218749999996 0.593147221875 0.25132734375 0.5830888890625 0.25029921875 0.5766875 0.24721406250000003 0.565715278125 0.24130156249999998 0.5666291671875 0.2374453125 0.5698291671875 0.23564609375 0.5739444437500001 0.23410390625000002 0.5853736109375001 0.2374453125 0.5936041671875001
11 0.24747109374999998 0.6617263890625 0.25055625 0.6704125000000001 0.25903984375 0.6745277781250001 0.26289609375 0.6704125000000001 0.26341015625 0.6589833328125 0.26135312499999996 0.6521250000000001 0.257240625 0.6438958328125 0.25205859375 0.64126944375 0.24798593750000003 0.6438958328125 0.24798593750000003 0.644352778125 0.24644296875 0.653497221875 0.24747109374999998 0.6617263890625