2 0.7087872578125001 1 0.7094353359375 0.9982102015625 0.7207912421875 0.9988539953125001 0.7244347015625 0.9959041578125 0.7450374765625 0.9935331906249999 0.7617203546875 0.9853923968749999 0.7994532828125 0.9772015515625 0.8567235921874999 0.968396653125 0.8674613796875 0.9731182781250001 0.880180865625 0.9735524296875001 0.8950746390625 0.9561279765625 0.9038524796875 0.9579646875 0.8983360671874999 0.92934006875 0.8401992500000001 0.8243700765625 0.8335956937500001 0.8046747609375 0.8290576812499999 0.8029827671875 0.830144825 0.7940534640625 0.8028763968750001 0.747265934375 0.792458540625 0.736919203125 0.7620809265624999 0.6667128828125 0.7415868953125 0.6332219234375 0.6234403093750001 0.3917074828125 0.6164950734375 0.38480966250000004 0.6219493859375 0.3839711 0.621203925 0.3801029078125 0.6109351625 0.3705298140625 0.5815794453125 0.3129113484375 0.5764450625 0.3081248 0.5682635890625 0.30938264375 0.5669217609375 0.3024198984375 0.556758590625 0.3079652140625 0.5520714843750001 0.30549958125 0.53253410625 0.30611363125 0.5252471859375001 0.312013303125 0.45523564375000003 0.32755643437500004 0.1836256328125 0.404363159375 0.1472562828125 0.412344365625 0.034184840625000004 0.44486292812499995 0.0297959203125 0.443944571875 0 0.4539676078125 0 0.6025990734375 0.0765853875 1 0.7087872578125001 1
5 0.383481603125 1 0.4030805375 0.99671986875 0.41914529843750004 0.9926569078125 0.46267422500000005 0.9708300046874999 0.46648852500000004 0.9614814218750001 0.435747478125 0.91124498125 0.42015174375 0.9104564734375 0.3943928390625 0.9152132796875 0.3649687265625 0.9300923062500001 0.343300559375 0.9342201906250001 0.23059569375 0.8957885359375 0.23276997968750002 0.8779299296874999 0.2197523109375 0.8759485031249999 0.2022183765625 0.8651026953125 0.20424357031249998 0.8464704515625 0.2109341203125 0.837476225 0.1915893296875 0.8245191437500001 0.151747359375 0.8290514390625001 0.1464638875 0.823491253125 0.12174862812500001 0.8336635265625001 0.1097528546875 0.844269953125 0.1094111734375 0.8570674468749999 0.10058983437499999 0.86957550625 0.0879976921875 0.8770873796875 0.069205775 0.881569621875 0.084543675 0.9174464203125 0.098881425 0.9335629781250001 0.097943375 0.9432659203125 0.1284732296875 0.963265540625 0.14647399375 1 0.383481603125 1
0 0.232875575 0.8930483390624999 0.2420789453125 0.9043783515625 0.319076075 0.9323686078125 0.3290684015625 0.933222040625 0.33090100625 0.9281609296875001 0.3377189 0.9271127281249999 0.36452144999999997 0.927771390625 0.3890876171875 0.916825478125 0.409650040625 0.8778189453125 0.3987010625 0.8428605031249999 0.42500053437499996 0.709774396875 0.42657845156249996 0.6888212390625 0.41684395937499996 0.6528795171875 0.41032425000000006 0.655474996875 0.403313765625 0.6700943296874999 0.3802602703125 0.681604240625 0.36361774062499996 0.7263805999999999 0.2924071625 0.837695296875 0.232875575 0.8930483390624999
1 0.3351004859375 0.89167008125 0.34575442968750003 0.8741009109375 0.31458470625 0.8653515078125 0.286822359375 0.8815681703125 0.2896768578125 0.8890949140625001 0.3082761875 0.8981838046874999 0.32615180312500003 0.8962321171875001 0.3351004859375 0.89167008125
7 0.5698875734375 0.9224843203124999 0.7156631578125 0.8921067734375001 0.731622321875 0.8729254031250001 0.7364399203125 0.832356721875 0.720952928125 0.7957062859375 0.7136877578124999 0.794433571875 0.7003284062499999 0.8052496390625 0.6803220015625 0.8107151609375001 0.671544159375 0.8088784484374999 0.6576536843749999 0.7950828046875 0.6133792984374999 0.8130415140625 0.525939415625 0.832857246875 0.51956565 0.8872067015624999 0.48811634374999996 0.920717971875 0.501112265625 0.929871784375 0.5698875734375 0.9224843203124999
9 0.2113908421875 0.68685613125 0.251956521875 0.6933644140624999 0.29073309687500004 0.6905890359375 0.352712259375 0.6770773859375 0.404891684375 0.649141171875 0.4255379546875 0.6324254328125 0.43695910781249997 0.61155206875 0.43206081249999995 0.57884961875 0.40319271875 0.5601876328125 0.40638890156249996 0.5549168828125 0.3715974703125 0.5419449281250001 0.3387442359375 0.539030275 0.2554168375 0.5510447015625 0.21463681874999999 0.5652799359375 0.1753259734375 0.5944239390625 0.1631158609375 0.6257738828125 0.1794974078125 0.6670661499999999 0.2113908421875 0.68685613125
11 0.5415723515625 0.921261659375 0.54099773125 0.9109947187499999 0.5284490875000001 0.9041618203124999 0.5134497203125 0.906467865625 0.5047774734375 0.9197495640625 0.5176243031250001 0.9281297390625 0.535350828125 0.9254044140625 0.5415723515625 0.921261659375
11 0.707615325 0.799349965625 0.702971715625 0.7825395640624999 0.6764673515624999 0.7834281765625 0.6637261156250001 0.7901664109375 0.6661115921875 0.802544625 0.681238303125 0.8081846046875001 0.6950231828125 0.8068618390625 0.707615325 0.799349965625
11 0.2921401734375 0.676034625 0.3033469875 0.6759047781249999 0.313211971875 0.6688121875 0.3133828140625 0.6624134390624999 0.30567036718749996 0.6588198109375 0.2958271296875 0.65874001875 0.2777806734375 0.6670904515625 0.27760983125 0.6734891984375 0.2921401734375 0.676034625
11 0.3505846203125 0.629610884375 0.3448103703125 0.6360745546875 0.3519047015625 0.643746015625 0.37084571093749996 0.640037409375 0.3817760890625 0.6311879031250001 0.3652858015625 0.6257575625 0.3505846203125 0.629610884375
11 0.370252490625 0.5859625203125 0.37087060781250003 0.5818846890625 0.35983463437499996 0.5756157890625 0.338762834375 0.5828382265625 0.3375266 0.590993890625 0.348115296875 0.5949418765625001 0.3631146640625 0.59263583125 0.370252490625 0.5859625203125
11 0.26202039374999997 0.5707400171875 0.261402275 0.5748178484375 0.27077648593750003 0.5797491124999999 0.2819833015625 0.5796192671875 0.292444653125 0.5756212281249999 0.2968553234375 0.5693671984375 0.294597190625 0.5649350078125 0.2827940078125 0.5619703015625 0.2720344703125 0.5644210640625 0.26202039374999997 0.5707400171875
11 0.2270767203125 0.6079747609374999 0.23042199531250002 0.6034776484375 0.222113178125 0.5967894671875 0.21846972031249998 0.5997393046874999 0.20741199843749997 0.6006427875 0.2051103671875 0.6105553703125 0.2084338953125 0.6132306421875 0.2270767203125 0.6079747609374999
11 0.2242408203125 0.6442559703125 0.208623334375 0.650639846875 0.2146522703125 0.6600682234375 0.23389146562500002 0.6579068953125 0.23617134687500002 0.6551667 0.236640371875 0.6503152296875 0.2242408203125 0.6442559703125
8 0 0.592809484375 0.0347243796875 0.76375454375 0.0615373953125 0.781238134375 0.0951695375 0.8087534859375 0.1326571765625 0.8157326046875 0.200146240625 0.831394609375 0.2648052484375 0.842505246875 0.3187481828125 0.8436304359375001 0.3844023765625 0.8396302656250001 0.48774146093750004 0.8132168796875 0.5245650375 0.79647536875 0.5722863515625 0.7653166328125 0.60777771875 0.7365917718749999 0.6451097015625 0.6920725109375 0.662797675 0.662206340625 0.6721285875 0.6092502671875 0.6738235375 0.5724251781249999 0.6681204609375 0.542831965625 0.6351174421875 0.48308744687500005 0.5907545578125 0.450573778125 0.550244146875 0.43298003281249997 0.47529927499999997 0.40904577656249996 0.40094509843750004 0.39831768749999996 0.3530062609375 0.39793183125 0.2580301359375 0.41197931875 0.20141733281250002 0.4223455484375 0.13356537968749999 0.4554912125 0.082152990625 0.4877718296875 0.032326184375 0.51814625625 0.008961003125 0.5438987890625 0 0.5629858828125001 0 0.592809484375