2 0.4890710875 1 0.5070172546875 0.9597654921875 0.59253560625 0.726496875 0.60022571875 0.70361640625 0.6002003625000001 0.6796936046875001 0.35947486875 0.4304910234375 0.35185464375 0.43368262187499995 0.2098893453125 0.75640998125 0.2043233828125 0.7711352828125 0.20460911875 0.783837084375 0.2000750796875 0.7874456171875 0.206533190625 0.8009812859375 0.4003690296875 0.9946034625 0.40744880625 1 0.4890710875 1
5 0.5044360515624999 0.8792165203125 0.5109736390624999 0.839296084375 0.4984733375 0.8193160484374999 0.490211753125 0.8167929171875 0.48091824375 0.8253865499999999 0.47563801562499997 0.8528136515625 0.468078090625 0.8700836203125 0.43814329843750005 0.884330821875 0.4205977890625 0.8566340875 0.41333318593749996 0.8528386187500001 0.3887642796875 0.8776598890624999 0.38338880625 0.9008530578125 0.38826888125000003 0.9240246921875 0.38533823749999996 0.941920059375 0.4547329515625 0.994912728125 0.46402646093750005 0.9863190953125001 0.5044360515624999 0.8792165203125
0 0.43242178906250006 0.8807438218750001 0.44145492031250005 0.8833711875000001 0.46930050625 0.86743471875 0.477120809375 0.8389437515625 0.4754571125 0.8105785484375 0.44354752968750005 0.7598359453125 0.42292542031249997 0.6979550406249999 0.41039017656250004 0.687819440625 0.4314693375 0.838404484375 0.43242178906250006 0.8807438218750001
1 0.4445506953125 0.850020884375 0.4538092609375 0.8512716843750001 0.4587941671875 0.8449100171874999 0.45722571562500003 0.82077875 0.449735678125 0.8183598484375001 0.442531375 0.8286427515625 0.4445506953125 0.850020884375
9 0.3939115359375 0.6391615046875 0.3820176515625 0.6347406375 0.35208285781250004 0.6489878375 0.3413065546875 0.6714513734375 0.3337116859375 0.6985657765625 0.3366580984375 0.7383604453125 0.34388775781250003 0.752000346875 0.3553307765625 0.759174346875 0.3752005125 0.7534165453125 0.391022021875 0.7386697109375 0.402023759375 0.7148296109375 0.40649749531249996 0.6971427078125 0.4054148578125 0.660413871875 0.3939115359375 0.6391615046875
11 0.51825123125 0.68409980625 0.5189624765625 0.6701256703125 0.5100245890624999 0.6717322375 0.508541796875 0.6856021390625 0.51825123125 0.68409980625
11 0.5156474515625 0.7963098140625 0.5083828484375 0.792514346875 0.505166471875 0.7977079140625001 0.5041345453125 0.80882468125 0.5136185453125 0.8086989140625 0.5156474515625 0.7963098140625
7 0.54518549375 0.707436840625 0.5349045890624999 0.6835355734374999 0.5220486656250001 0.670542603125 0.51879734375 0.6855806062500001 0.50876723125 0.684225571875 0.5019089640625001 0.7212886421875 0.48981500312500004 0.7421671421875 0.487465415625 0.751698878125 0.5009277546875001 0.7802510125000001 0.5018199046875 0.80851198125 0.5099513 0.8166456156249999 0.5217245828125 0.792909746875 0.5432168890625 0.733904309375 0.5460173421875 0.7216194421875 0.54518549375 0.707436840625
8 0.309027553125 0.5688283890625 0.285683053125 0.6102603453125 0.27576351875 0.639978859375 0.257049334375 0.6925566578125 0.2521701890625 0.73948861875 0.254911696875 0.7844447046874999 0.2630736453125 0.8065879625000001 0.27902655 0.834291853125 0.2886198671875 0.8511185859375001 0.3037738671875 0.8717005421874999 0.32301666406249996 0.8793105812500001 0.34070512656249996 0.8827020328125 0.36746785000000004 0.8838130828124999 0.39126095156249996 0.8704949375 0.40776585781249997 0.8536890890625 0.42136531718750003 0.8374911218750001 0.4312798953125 0.8197935375000001 0.44928939375 0.78866204375 0.4562178171875 0.7720651468749999 0.45539294531249996 0.769772825 0.46121110468750004 0.7587131203124999 0.4709061796875 0.7149362734375 0.47701445312499996 0.686204165625 0.480470259375 0.6531065218750001 0.474614678125 0.611736934375 0.4685688453125 0.5903818625 0.458886246875 0.5655286671875001 0.447281178125 0.54041435 0.4331795140625 0.5219781609374999 0.41669509531250004 0.51123446875 0.39635339062499997 0.503477375 0.3782048671875 0.5080381734375 0.36479179375 0.516245515625 0.3389965171875 0.5297940734375 0.32445988125 0.544862228125 0.309027553125 0.5688283890625
11 0.3742527703125 0.6583665765625 0.3758366296875 0.6607290734375 0.37894364999999997 0.6611488203125 0.3814666671875 0.657776540625 0.3838300296875 0.6520371843749999 0.3825423078125 0.6438502265625 0.3822524546875 0.6436168984374999 0.375878103125 0.6450998453125 0.3733134890625 0.651398740625 0.3742527703125 0.6583665765625
11 0.355652134375 0.657612471875 0.3512582890625 0.661708484375 0.35027973437500004 0.66568056875 0.3500589578125 0.6717093796875 0.3508480734375 0.6735747640625 0.352128840625 0.6751154171875 0.35335156562500003 0.6756717546875 0.35667770781249997 0.6747534796875 0.3601878875 0.66936463125 0.3601628375 0.6634981859375 0.35829420624999997 0.659532609375 0.355652134375 0.657612471875
11 0.3926985078125 0.6680892171874999 0.3898615921875 0.6733734453125 0.389413859375 0.6787848671875001 0.39030072968749996 0.683400115625 0.3915939625 0.6855291796875 0.39349072343749997 0.685981003125 0.394519859375 0.685932903125 0.396179025 0.683607525 0.3984537828125 0.6770753015625 0.39806319375 0.670768321875 0.39478327968750004 0.66739298125 0.3926985078125 0.6680892171874999
11 0.38184075 0.7236897828125 0.382996175 0.72599580625 0.38494583125 0.727545215625 0.387928903125 0.72529316875 0.39000726874999997 0.717952109375 0.3892141796875 0.712764209375 0.3853626171875 0.7108762515625 0.3833799109375 0.7129524921875 0.3819942234375 0.71941065625 0.38184075 0.7236897828125
11 0.357824465625 0.7386211765625 0.3587083578125 0.7399126375 0.36090950781250003 0.7435235437500001 0.36551511875 0.7418086828125 0.367687265625 0.7338949703125001 0.3666485734375 0.728868059375 0.3634710484375 0.726875584375 0.35938249375 0.7271041312500001 0.3574424828125 0.7342697140625 0.357824465625 0.7386211765625
11 0.3403794578125 0.7147651203125001 0.342637896875 0.71702458125 0.3458825 0.7172687453125 0.3487798875 0.716291140625 0.349777084375 0.711540678125 0.35031561875 0.7022328156250001 0.345821584375 0.7002566546875 0.3409500984375 0.70526601875 0.339220828125 0.709136684375 0.3403794578125 0.7147651203125001
11 0.46277868906249997 0.96504519375 0.4598226890625 0.9590177593749999 0.4549679734375 0.9597689265625 0.45197702812499996 0.9635859265625 0.44814465 0.9869875609375001 0.4579493296875 0.9897191624999999 0.46293423593750005 0.98335749375 0.46277868906249997 0.96504519375