2 0.904892015625 0.0368715234375 0.5261147328125 0.0214375328125 0.40432735937500003 0.4880774875 0.4075951 0.507261753125 0.41840795937499997 0.519520575 0.8010431796875 0.9126149140625 0.8162474078124999 0.9227156734375 0.8240965031249999 0.9129183265625 0.9591650453125 0.35549785 0.904892015625 0.0368715234375
5 0.8430245 0.2370944625 0.852317478125 0.2637127984375 0.8553300984375 0.2674298328125 0.86742943125 0.26395883750000004 0.8824219609374999 0.2867862171875 0.9039119812499999 0.273255290625 0.9100566406249999 0.25810801875 0.9385978171874999 0.26734709843750004 0.9432931609375 0.26231713125 0.904892015625 0.0368715234375 0.829198346875 0.03378724375 0.8578216281250001 0.13304950937499999 0.8528223078125 0.140951378125 0.8551781203125 0.16875135000000002 0.8370046953125 0.183127409375 0.8371892484375 0.202836846875 0.830344359375 0.21387320468749998 0.8376994921875 0.233771309375 0.8430245 0.2370944625
0 0.8218493203125 0.1546875171875 0.8485937828125 0.148721953125 0.857213675 0.1387933140625 0.85812560625 0.1301776078125 0.85492843125 0.1067511359375 0.8374172453125001 0.050511268750000005 0.8287061921875001 0.0337671890625 0.76763349375 0.03127866875 0.7522985234374999 0.1002614765625 0.726764534375 0.1412724203125 0.6968174640625 0.170344496875 0.65698574375 0.23917195625 0.6509333609375 0.2641739453125 0.6842404484375 0.2641408515625 0.7898015609375 0.171426853125 0.8218493203125 0.1546875171875
1 0.8045932562500001 0.113914884375 0.824400553125 0.10913095937499999 0.8313160078124999 0.09385239375 0.8271146265624999 0.06918690937500001 0.8153681265625 0.05144686875 0.8102765281250001 0.04949401875 0.7917068484375 0.056887259375 0.787196059375 0.08162666406249999 0.7933135765625 0.098915453125 0.8045932562500001 0.113914884375
9 0.725673446875 0.48410343749999996 0.7422618562500001 0.4417961109375 0.7439500140625 0.386516125 0.734005659375 0.3374477453125 0.7196210828125 0.30887655937499997 0.7091121984375001 0.293745834375 0.6825577234375 0.27288785312499997 0.6641997421875 0.2675544734375 0.6359136875 0.273782625 0.6155907171874999 0.294165075 0.605309809375 0.326937640625 0.6038767734375 0.39768485781249996 0.613424875 0.43977042187500004 0.6309143484375 0.48191336093750003 0.652306659375 0.5050607 0.6779980609375 0.51619525625 0.6993469484375 0.51114874375 0.719599353125 0.4950085015625 0.725673446875 0.48410343749999996
8 0.62728389375 0.70524688125 0.6627949156249999 0.7227066921875 0.7026922718749999 0.733089590625 0.7744490875000001 0.7335250656250001 0.782249759375 0.7285795312500001 0.8119688953124999 0.7090515093749999 0.8457749 0.6806884734375 0.8767382781249999 0.635632253125 0.8899001406249999 0.5845655140625 0.891969621875 0.519114659375 0.8901926874999999 0.428097459375 0.8832648734375 0.360562340625 0.8635817375 0.289773975 0.8361123140625001 0.2329700125 0.8095104359375 0.1931984765625 0.7910678453125 0.1565563828125 0.7687178421875001 0.11786830781249999 0.7530145015625 0.09432301562499999 0.747565234375 0.0862098921875 0.73777439375 0.08245169062499999 0.7170400171875 0.0651878671875 0.695586328125 0.061609957812500005 0.6578886749999999 0.06712590625 0.6226158875000001 0.0749431859375 0.5738833875 0.10223049843750001 0.5336841796875 0.11992823593749999 0.5075127609375001 0.16326437031250002 0.4867738453125 0.2355134953125 0.47604968750000004 0.3277548 0.47474313749999997 0.40663909374999996 0.4939609609375 0.495589359375 0.5238845546875 0.5727708921875 0.5534203 0.6237969703124999 0.5876724609374999 0.6577447390625 0.62728389375 0.70524688125
11 0.6449990328124999 0.3201222078125 0.6493406890625 0.3226314578125 0.6505864375 0.32381240624999996 0.65558225625 0.3224975359375 0.6577657343750001 0.307735928125 0.6487658671875 0.29627236875 0.643716240625 0.29573935156250003 0.639365815625 0.303907178125 0.6408793703125 0.31432495 0.6449990328124999 0.3201222078125
11 0.616112809375 0.374243834375 0.619647725 0.3796767828125 0.6240024859375 0.3829847171875 0.6300771328125 0.38114908125 0.634190340625 0.366988003125 0.6291716921875 0.3543809859375 0.6228467281250001 0.3494246875 0.6176741078125 0.35123358437499996 0.61508345625 0.36513672656249996 0.616112809375 0.374243834375
11 0.6389051046875001 0.443700278125 0.6426165859374999 0.44863783125 0.6527232203125 0.45434312343750005 0.6565510859375 0.45229937343750004 0.6526708015625 0.43717890156249994 0.6494818765625 0.42611727187500004 0.6425719328125 0.4207952953125 0.6388756703125 0.42513900156249995 0.6377525265624999 0.43693371406250003 0.6389051046875001 0.443700278125
11 0.6857811359375 0.4385005484375 0.6839204328124999 0.44902916406250004 0.6852265953125001 0.4566973890625 0.68859231875 0.4672649921875 0.6942266953125 0.46816231875 0.696562596875 0.469620075 0.70214239375 0.46866964375000003 0.7038801046875001 0.4604829421875 0.7028507515625 0.4513758359375 0.6965411593749999 0.440381853125 0.6900393953124999 0.43591957968750006 0.6857811359375 0.4385005484375
11 0.7172426375 0.3765134671875 0.7125542203124999 0.3796330296875 0.7105858984375 0.38646586875 0.71100829375 0.39660559218749997 0.7130984484375 0.40274854375 0.7179862640625 0.413055475 0.7236660671874999 0.4111601875 0.726932940625 0.40735494218749996 0.728016490625 0.40299236250000003 0.7276173109374999 0.391456953125 0.7229374281250001 0.38389806718749997 0.7172426375 0.3765134671875
11 0.69709388125 0.310320840625 0.6880322078125001 0.307686340625 0.6849191515624999 0.3123946171875 0.6863326984375 0.3237572453125 0.689514784375 0.3301781140625 0.6949552125 0.33760604375000003 0.7005092828125 0.339326421875 0.704086065625 0.3360507453125 0.7040092734375001 0.3355999125 0.7039948234375 0.3263185234375 0.701597503125 0.31837225 0.69709388125 0.310320840625