2 0.35625 0.7597222218749999 0.615625 0.790277778125 0.64609375 0.7986111109375 0.6890625 0.8 0.70234375 0.777777778125 0.70625 0.3236111109375 0.69453125 0.30416666718749996 0.3078125 0.240277778125 0.30390625 0.2541666671875 0.271875 0.6361111109375 0.265625 0.7166666671875 0.265625 0.7388888890625 0.2703125 0.74444444375 0.35625 0.7597222218749999
5 0.37265625 0.497222221875 0.375 0.475 0.37265625 0.440277778125 0.37578125 0.425 0.4390625 0.38055555625 0.446875 0.384722221875 0.46171875 0.3611111109375 0.4640625 0.34722222187499996 0.45859375 0.3333333328125 0.45078125 0.32777777812500003 0.44765625 0.302777778125 0.44375 0.29722222187499997 0.4078125 0.29305555625 0.39453125 0.29722222187499997 0.390625 0.3125 0.38046875 0.3236111109375 0.36640625 0.29722222187499997 0.359375 0.2916666671875 0.34765625 0.2916666671875 0.33828125 0.309722221875 0.32734375 0.447222221875 0.3328125 0.4888888890625 0.34453125 0.49583333281249997 0.37265625 0.497222221875
7 0.3671875 0.69305555625 0.38984375 0.69305555625 0.3890625 0.6875 0.396875 0.6708333328125 0.39140625 0.64444444375 0.39140625 0.6152777781250001 0.39375 0.58055555625 0.39921875 0.5638888890625 0.37890625 0.5555555562500001 0.3703125 0.527777778125 0.346875 0.5166666671875 0.3390625 0.527777778125 0.33359375 0.56805555625 0.328125 0.6388888890625 0.33046875 0.6611111109375 0.34609375 0.6791666671875001 0.3671875 0.69305555625
0 0.4078125 0.497222221875 0.44921875 0.525 0.4984375 0.5708333328124999 0.5203125 0.5833333328125 0.5234375 0.58055555625 0.51328125 0.5513888890625 0.47265625 0.5 0.42421875 0.41805555625 0.41328125 0.3916666671875 0.4 0.397222221875 0.37578125 0.4388888890625 0.37421875 0.4625 0.38828125 0.48333333281249996 0.3953125 0.48333333281249996 0.4078125 0.497222221875
1 0.41953125 0.44166666718750003 0.415625 0.41944444374999995 0.40546875 0.41944444374999995 0.4 0.4263888890625 0.39609375 0.4388888890625 0.4 0.45277777812500003 0.41171875 0.4625 0.41953125 0.44166666718750003
9 0.56796875 0.609722221875 0.59453125 0.5763888890625 0.6015625 0.559722221875 0.60546875 0.527777778125 0.6046875 0.49444444374999996 0.59921875 0.477777778125 0.578125 0.447222221875 0.55625 0.44166666718750003 0.540625 0.45 0.53046875 0.4625 0.51953125 0.49583333281249997 0.5171875 0.522222221875 0.5203125 0.5486111109375 0.53984375 0.602777778125 0.56796875 0.609722221875
8 0.46640625 0.5486111109375 0.4296875 0.5208333328125 0.42890625 0.5611111109375 0.4359375 0.6138888890625 0.44375 0.647222221875 0.46015625 0.6861111109375 0.50390625 0.7458333328125 0.52890625 0.7611111109375 0.55625 0.76944444375 0.59921875 0.7583333328124999 0.63125 0.7333333328125 0.6515625 0.70694444375 0.67734375 0.6458333328125 0.6859375 0.5833333328125 0.68359375 0.47222222187499996 0.67421875 0.4611111109375 0.66953125 0.43055555625 0.6546875 0.3916666671875 0.615625 0.3361111109375 0.571875 0.31805555625 0.50703125 0.3291666671875 0.4703125 0.36805555624999997 0.4421875 0.4263888890625 0.44140625 0.44166666718750003 0.446875 0.45416666718750004 0.48125 0.5069444437499999 0.46640625 0.5486111109375
11 0.3984375 0.6763888890625 0.39765625 0.6666666671875 0.3921875 0.6583333328125 0.3828125 0.6666666671875 0.38125 0.6763888890625 0.38515625 0.6875 0.39296875 0.6875 0.3984375 0.6763888890625
11 0.35234375 0.534722221875 0.35 0.525 0.34375 0.5236111109375 0.3390625 0.5305555562500001 0.340625 0.547222221875 0.34765625 0.5486111109375 0.35078125 0.54444444375 0.35234375 0.534722221875
11 0.359375 0.31805555625 0.35703125 0.30416666718749996 0.34609375 0.30555555624999997 0.34375 0.3083333328125 0.3453125 0.325 0.3546875 0.33055555625 0.359375 0.31805555625
11 0.5375 0.5013888890625 0.53515625 0.4986111109375 0.53125 0.4986111109375 0.52890625 0.5041666671875 0.53125 0.5166666671875 0.53671875 0.5125 0.5375 0.5013888890625
11 0.54609375 0.5513888890625 0.5421875 0.5458333328125 0.53984375 0.5458333328125 0.53671875 0.55 0.53671875 0.5625 0.54609375 0.559722221875 0.54609375 0.5513888890625
11 0.57578125 0.56805555625 0.57265625 0.5611111109375 0.56796875 0.5611111109375 0.56484375 0.565277778125 0.56484375 0.5736111109375 0.5703125 0.5763888890625 0.57578125 0.56805555625
11 0.59375 0.5305555562500001 0.59140625 0.5263888890625 0.5859375 0.5333333328125 0.5875 0.54444444375 0.5921875 0.54305555625 0.59375 0.5305555562500001
11 0.5875 0.4888888890625 0.58203125 0.475 0.5796875 0.475 0.57734375 0.48333333281249996 0.578125 0.49305555625 0.58359375 0.49444444374999996 0.5875 0.4888888890625
11 0.55625 0.459722221875 0.55234375 0.459722221875 0.5484375 0.46527777812500004 0.5515625 0.48194444374999995 0.55859375 0.477777778125 0.55625 0.459722221875