2 0.17932426562499998 0.618029584375 0.23764724375 0.72587460625 0.2488335296875 0.73426993125 0.2583702078125 0.7366774421875 0.4486690359375 0.7234328203125 0.7275826078125001 0.7110691953125 0.7407656140625 0.7096217499999999 0.7463886984375 0.70308218125 0.46002374843749994 0.2368143453125 0.4453447265625 0.23151683906249998 0.05263922343750001 0.254153575 0.0282178453125 0.374538225 0.17932426562499998 0.618029584375
5 0.5101463859375001 0.40626205000000004 0.523482984375 0.40405746875000004 0.521546146875 0.392425771875 0.49620149687500004 0.3549870671875 0.4520307984375 0.33269353125 0.44554603125 0.322301453125 0.45619778593750004 0.3050927015625 0.4500202046875 0.2931863484375 0.43868032343749996 0.2855481609375 0.41415743593750004 0.2793574171875 0.260682859375 0.28757184375 0.2426247796875 0.298931334375 0.24922322187499998 0.3228825890625 0.269465446875 0.343114990625 0.2953706765625 0.34249150781250004 0.315385553125 0.335605559375 0.3414244171875 0.341383096875 0.351094728125 0.3501916296875 0.3834847234375 0.35996022656250004 0.40495570000000003 0.3741355375 0.41460605156249997 0.390102225 0.4425817515625 0.40751145937500005 0.4436169875 0.41652781875 0.49341076875 0.43228178125000005 0.5101463859375001 0.40626205000000004
0 0.291704390625 0.35350462031249996 0.2892468921875 0.3656187984375 0.31432427343749997 0.390255465625 0.3122216765625 0.49239712031250005 0.32521116875 0.5060231234375 0.340524525 0.5011339296874999 0.3466682671875 0.4708484828125 0.371504425 0.41901684531249994 0.4032661703125 0.3824640359375 0.40025417656249995 0.3761322921875 0.3778815984375 0.35934164218750003 0.32173668593750004 0.33959661875 0.3099160640625 0.34138799375 0.291704390625 0.35350462031249996
1 0.357866721875 0.366227590625 0.3401557484375 0.361756496875 0.3249959859375 0.3658885578125 0.3219440734375 0.3738731234375 0.3299448171875 0.383851996875 0.3484038 0.39169556562499996 0.3646187578125 0.389421709375 0.3705490265625 0.3813678640625 0.357866721875 0.366227590625
7 0.0971509453125 0.3171246359375 0.091354309375 0.3315794984375 0.0970311875 0.36007356874999996 0.116351853125 0.3848487859375 0.13889798281250001 0.3937241453125 0.151640165625 0.387389953125 0.22603667343749997 0.3807020375 0.2355933109375 0.3759513953125 0.244094753125 0.36934254843750003 0.2452098265625 0.34972628437500003 0.23346904531249998 0.3228850359375 0.2154708421875 0.312770059375 0.1989686578125 0.3094000328125 0.0971509453125 0.3171246359375
9 0.4168179484375 0.520394021875 0.384274359375 0.511382559375 0.3712449484375 0.51207286875 0.3375862875 0.5226776703125 0.32543851562500004 0.5331414734375 0.32539859843749996 0.5474577859374999 0.34212813125 0.5779461625 0.3516448484375 0.587511828125 0.37676215156250004 0.5978321828125 0.43749491406249996 0.602021278125 0.46038815 0.5950660531249999 0.47178791093749994 0.581229775 0.47485978281249996 0.566087053125 0.4648822828125 0.55879279375 0.465516615625 0.5486060937499999 0.4446600171875 0.5314022375 0.4168179484375 0.520394021875
11 0.13738200625000002 0.3941373515625 0.1460370421875 0.38677136875 0.13893790156250002 0.379407834375 0.1225893109375 0.375280671875 0.1136270859375 0.3841609265625 0.1223957984375 0.39035411875000003 0.13738200625000002 0.3941373515625
11 0.2237588109375 0.3283928171875 0.231799475 0.324055378125 0.23030345625 0.3173104296875 0.22258994375 0.3129754390625 0.20986771875 0.31215147499999996 0.207871003125 0.3219942453125 0.2237588109375 0.3283928171875
11 0.4194334140625 0.2886484296875 0.40956958906249996 0.2949133453125 0.4113727921875 0.300144021875 0.42756779062500005 0.305028321875 0.43560845156249994 0.3006908828125 0.43547481875000005 0.2942898640625 0.429430871875 0.2887845328125 0.4194334140625 0.2886484296875
11 0.33641907656250003 0.538011509375 0.3467713125 0.544284503125 0.35698344375 0.5416962765625 0.35528150625 0.534808609375 0.3444769703125 0.5288520218749999 0.33565584375 0.532221990625 0.33641907656250003 0.538011509375
11 0.35064903125 0.5652829609375 0.34571616562499996 0.5704956875 0.3508199609375 0.577811559375 0.362947846875 0.5791508640624999 0.3681191953125 0.5765818671875 0.368420746875 0.5712760453125 0.36220605625 0.565616978125 0.35064903125 0.5652829609375
11 0.398786671875 0.587767703125 0.4000839375 0.5928308624999999 0.41142850781250007 0.596125359375 0.41892972031250003 0.595435496875 0.4249626828125 0.592438528125 0.4264757171875 0.5904725546875 0.4138319265625 0.5861838953125 0.398786671875 0.587767703125
11 0.44584050781249995 0.5716621187500001 0.44333245000000004 0.5744736671874999 0.4488457140625 0.581677215625 0.4573238203125 0.5838174921875 0.461758121875 0.5810624296875 0.46284993124999996 0.5761463296875 0.454817025 0.571345490625 0.44584050781249995 0.5716621187500001
11 0.45054633906249997 0.5451396765625 0.44547695000000004 0.5390661515625 0.43810509687500004 0.5372051453125 0.431538103125 0.5409284734375001 0.43164601874999997 0.546121971875 0.436843553125 0.5491564265625 0.44676029218749996 0.5499375343749999 0.44856661249999996 0.5486719796874999 0.45054633906249997 0.5451396765625
11 0.38089840937499997 0.5193195484375 0.374413146875 0.522632921875 0.38128179218749997 0.5288876671875 0.391727921875 0.5308784890625 0.39685764687499997 0.528514675 0.3997629453125 0.52508629375 0.39356032500000004 0.5199324937500001 0.38089840937499997 0.5193195484375
8 0.4543883046875 0.7027161000000001 0.5017720531250001 0.703403146875 0.5450829984375 0.6997613828125 0.5720646687500001 0.69364805 0.60216370625 0.6770460265625 0.62253369375 0.6571633640625001 0.6358523093749999 0.6305500359375 0.6459283140625 0.60284353125 0.6466331734375 0.5749704015625 0.63694921875 0.5543757671875 0.6181138875000001 0.53009555625 0.5823981390624999 0.49385428750000004 0.5625406734375 0.4794909609375 0.5390146984374999 0.4661268359375 0.503504109375 0.4508371734375 0.4854032390625 0.4448923171875 0.4269770984375 0.4229931140625 0.39359601093749996 0.41429075312499997 0.378943575 0.41086716562500003 0.3141211421875 0.4018252734375 0.295346865625 0.40323814062499996 0.25799798281249997 0.4092095765625 0.224714403125 0.4219824140625 0.2002133875 0.44027302968750004 0.1758564921875 0.46272443750000003 0.1616557484375 0.4863652046875 0.1586437 0.5158549890625 0.16855903125 0.5475083109375001 0.1836602828125 0.5779963218749999 0.1995185640625 0.5998742640625 0.2302260859375 0.6290768890625 0.2707977359375 0.65114474375 0.30928553124999997 0.6688359187499999 0.35704750625 0.684743134375 0.40555105156250004 0.6969877390625 0.4543883046875 0.7027161000000001