2 0.5546056265625 0.6614536734375001 0.5657082765625 0.661065840625 0.6861279875 0.5465968234374999 0.6937233609375 0.5283454125 0.38385175625 0.4273430703125 0.368553803125 0.42709544375 0.3375879609375 0.45163725 0.23974348750000002 0.54029355 0.230601234375 0.554688975 0.5236916265625 0.6531494921875 0.5546056265625 0.6614536734375001
5 0.3778668765625 0.45101225468750006 0.3389557578125 0.48521565000000005 0.335460259375 0.501759840625 0.35807908125 0.5111357859375001 0.369022684375 0.5068434890625 0.3782921734375 0.4955716359375 0.408538178125 0.4874770625 0.425255771875 0.48845710000000003 0.4437429078125 0.49875937812500004 0.4808008328125 0.4872988375 0.4744542765625 0.467970428125 0.4071385703125 0.45311776875 0.398557109375 0.44716149843749997 0.3860348171875 0.44681691562500003 0.3778668765625 0.45101225468750006
0 0.37580279375000003 0.5026966296875 0.385994753125 0.5140706734375 0.42290540625000006 0.533113440625 0.4488088375 0.5548867171875 0.467073309375 0.5597227421875 0.4224483 0.487773165625 0.38642830625 0.49059540312500005 0.37580279375000003 0.5026966296875
1 0.4136559484375 0.5107584171874999 0.41904822812500003 0.5066600343750001 0.4172150671875 0.4957760109375 0.3992368796875 0.4979680234375 0.39813533125 0.5050445406249999 0.4039093203125 0.5103168765625 0.4136559484375 0.5107584171874999
7 0.3432700421875 0.557009328125 0.363196853125 0.5344171390625 0.344168959375 0.5108396828124999 0.32887100468749997 0.5105920562499999 0.295352165625 0.540697071875 0.3028638890625 0.5545107515625001 0.3268705421875 0.5638382187500001 0.333809696875 0.5635958249999999 0.33368245937499996 0.560472253125 0.3432700421875 0.557009328125
9 0.5603124796875 0.5627218 0.5539659218749999 0.5433933890625 0.5327667421875 0.5347498578125001 0.5132734859375 0.5338667765625 0.49813457968749997 0.5375236171875 0.47795329375 0.5538686609375 0.477042603125 0.565630534375 0.49855987500000004 0.582082996875 0.5387751734374999 0.579896215625 0.5603124796875 0.5627218
11 0.3447533015625 0.559303528125 0.332231009375 0.5589589453125 0.33106584375 0.564473675 0.339488259375 0.5665254796875 0.3447533015625 0.559303528125
11 0.338649440625 0.5118144906250001 0.32887100468749997 0.5105920562499999 0.32631800625 0.5161552656249999 0.3360964453125 0.5173777 0.338649440625 0.5118144906250001
11 0.3972010890625 0.4479908703125 0.38338639375 0.45003744531249995 0.3837362953125 0.45862726875000004 0.3934511140625 0.458287915625 0.40287965000000003 0.450920528125 0.3972010890625 0.4479908703125
11 0.4969604046875 0.566666134375 0.49870725 0.562943771875 0.49879939531249995 0.5628858125 0.49423029375 0.5595905234375 0.48806858125 0.5614839421875 0.486001484375 0.5639975640625 0.48503862187499996 0.5670067249999999 0.48986012187499994 0.5688214656249999 0.4943103296875 0.5682085421874999 0.4969604046875 0.566666134375
11 0.5174641125 0.5772404875 0.5190085625 0.57520259375 0.519182640625 0.5719699640625 0.515316978125 0.5711360937500001 0.5123559125 0.571697 0.5075704484375 0.5740764515625 0.5072476 0.5761475296875 0.50991683125 0.5784190687499999 0.514263465625 0.578573 0.5174641125 0.5772404875
11 0.54555115625 0.5682101984375 0.539639246875 0.5655569218750001 0.53494806875 0.5669414984375 0.5333973859375 0.5688263375 0.5347462234375 0.5719830921875 0.537634728125 0.572950409375 0.5416783015625 0.572351690625 0.5448896249999999 0.57124715 0.54555115625 0.5682101984375
11 0.53956544375 0.5570919578125 0.5427045484375 0.5575922671875 0.5505548578125 0.557165553125 0.5514686156249999 0.5562945453125 0.550542121875 0.550916221875 0.5491761859375 0.5499668796875 0.5464609046875 0.5499084562500001 0.542853621875 0.5512551718750001 0.53978278125 0.552430659375 0.538505840625 0.554382571875 0.53956544375 0.5570919578125
11 0.5298946265625 0.542782834375 0.528357009375 0.5383353296875 0.522451821875 0.5398389515625001 0.5188941625 0.542403859375 0.5188574640625 0.544846559375 0.5213734671875 0.5466659796875 0.525313434375 0.546833334375 0.52851408125 0.5455008203125 0.5298946265625 0.542782834375
11 0.499366015625 0.5524692734375 0.5017578984375 0.5512416499999999 0.503426109375 0.5486254421875 0.5027777953125 0.5463231890625 0.49824553125 0.54495581875 0.49598348437500006 0.546027196875 0.4922725984375 0.5481399859375 0.492002490625 0.551505784375 0.49556066562499995 0.5522972187499999 0.499366015625 0.5524692734375
8 0.5993476171875 0.50767991875 0.5719057484375 0.49805485625 0.5378451125 0.4895431 0.5116268484375001 0.490679465625 0.4803911671875 0.49375529843750005 0.45555190156250003 0.499914790625 0.40777593437500004 0.5267321453125 0.3931696234375 0.5371519218749999 0.3913179703125 0.559045465625 0.3964405703125 0.5789311890625 0.41762428125 0.60817794375 0.439005890625 0.6133844515625 0.48672560468750004 0.6300179953125 0.52242021875 0.6305353328125001 0.5529180171875 0.6285879015625 0.5808254359375 0.620777559375 0.60389155625 0.60960870625 0.6202492359375 0.5973518203125 0.6308213828125 0.5777991765625 0.6368898078125 0.5535538640625 0.63007618125 0.5306406406249999 0.6185410609375 0.5169315328125 0.5993476171875 0.50767991875