2 0.3358996296875 0.6202620265625 0.47857979375 0.9515443578125 0.4920093171875 0.9749521624999999 0.5320193343749999 0.9742535015625 0.66601555625 0.9672310578125 0.7648846578125 0.8352869109375 0.7655533265625001 0.8158050921875001 0.6601150609374999 0.5687066203125 0.5294219531250001 0.2817181484375 0.5216111890625 0.283245265625 0.31914848125 0.563534840625 0.3200274078125 0.5802081859375 0.3358996296875 0.6202620265625
7 0.709999053125 0.8098215703125 0.7129405953125 0.77778354375 0.6764724953125001 0.6921954484375 0.66473613125 0.6910096671875 0.639893721875 0.7220394031249999 0.6394919203125 0.7874104640625 0.6672056328125 0.8467276671875 0.6765882546875 0.8465638265625 0.709999053125 0.8098215703125
0 0.5784750812499999 0.917813309375 0.5902033578125 0.9176085078125 0.6033983609375 0.9006894046875 0.599173546875 0.8465249296874999 0.5677257765625 0.6829686078125 0.5525222249999999 0.6234329484375001 0.544662940625 0.6166165671875 0.547062203125 0.894719534375 0.56124935 0.9139419359375 0.5784750812499999 0.917813309375
9 0.543147690625 0.6249873734375 0.543751665625 0.594380890625 0.538930965625 0.5722134828125001 0.5262833265625 0.5487920234375 0.5137165578125 0.539276396875 0.4925975734375 0.53825445625 0.4793621359375 0.5482206453125 0.46774707656250003 0.567893609375 0.46087993593750004 0.5972187359375 0.461041671875 0.6250303984375 0.4682484640625 0.6541097625 0.47615627031249996 0.6692696406249999 0.4926567234375 0.68288875 0.5083025125 0.6840062671875 0.52310980625 0.675403353125 0.5385938578125 0.6487092062500001 0.543147690625 0.6249873734375
1 0.584430946875 0.866252509375 0.58431773125 0.8467843453125001 0.5724924125 0.8303021484374999 0.56390785 0.833233503125 0.5569517546875 0.8472622140625001 0.558653 0.8708748203125 0.5673184328125 0.881849296875 0.5759272546875 0.8830896921875 0.584430946875 0.866252509375
5 0.5172616140625 0.8799419515625001 0.5087094 0.888435634375 0.49561143906250005 0.9220417375000001 0.5019878234374999 0.9427912578125 0.538654675 0.9739057578124999 0.6100716562499999 0.9701629531249999 0.6232608765625 0.9545808093750001 0.6239538046875001 0.9392707437500001 0.6167227546875 0.906019628125 0.6112010390625 0.8977717046875 0.5928067609375 0.91455769375 0.566848828125 0.9183501046875 0.551419078125 0.90247879375 0.5172616140625 0.8799419515625001
11 0.712174884375 0.7805783640625 0.70437220625 0.783496065625 0.7012931874999999 0.7918941765625 0.701333621875 0.7988470921874999 0.7068795999999999 0.8112667671875 0.7092252546875 0.8112258078125001 0.7154156390625 0.7999919140625 0.712174884375 0.7805783640625
11 0.6385240375000001 0.7554407046875 0.643183 0.749796453125 0.6431263921875 0.740062371875 0.6383865609375 0.7318007921875 0.632147653125 0.7346911859375 0.629834346875 0.7402944796875001 0.6290928953125 0.7472610484375 0.6338327265625 0.7555226265625 0.6385240375000001 0.7554407046875
11 0.47578935937500005 0.8751032484374999 0.484349659375 0.86800014375 0.4850506765625 0.8540806609375 0.48186652656250006 0.8444011921874999 0.474039590625 0.8431471437500001 0.46783303125 0.8515998703125 0.46872004531250006 0.8696637953125 0.47422558906249995 0.8751305531250001 0.47578935937500005 0.8751032484374999
11 0.3553416265625 0.6018431125 0.362394765625 0.604501396875 0.3631847375 0.605878328125 0.3701570078125 0.59463078125 0.3708499375 0.5793207140625001 0.366891990625 0.5710454796875 0.356727484375 0.5712229765625 0.3528827546875 0.5824159078125 0.35294745 0.5935405734375 0.3553416265625 0.6018431125
11 0.4924413796875 0.3769331625 0.5009855078125 0.3670488953125 0.5009288984375 0.3573148109375 0.49460103593750004 0.344908790625 0.486798359375 0.34782649062500004 0.4829374546875 0.35623825625 0.483800209375 0.370130434375 0.49009572500000004 0.37697412343750003 0.4924413796875 0.3769331625
10 0.46754920312500003 0.474704628125 0.48221349687500004 0.46665632968750004 0.500030325 0.4624484 0.512827025 0.45610297343750006 0.519964340625 0.44540188281250004 0.5245972859375 0.4347459140625 0.530688753125 0.4056957875 0.5312430546875 0.39344078125 0.5233604734374999 0.3835596515625 0.5085926125 0.3737987515625 0.503549040625 0.3677648546875 0.501961828125 0.3638957609375 0.49816682031250004 0.357283771875 0.493111075 0.3490221484375 0.48338924531250005 0.3458527828125 0.4766366640625 0.3687910921875 0.47604597968749995 0.374924765625 0.4688924765625 0.3828419109375 0.4539413234375 0.39534831718749996 0.43460770625 0.40793125156250004 0.415071371875 0.43944131249999996 0.40210109374999997 0.469724134375 0.39100890312500003 0.49997416250000004 0.384575553125 0.52402086875 0.3809229453125 0.54189565625 0.37784160624999996 0.55029798125 0.362538084375 0.5561322828125 0.353207465625 0.5663139953125 0.3539850890625 0.592459940625 0.3640754765625 0.6050853578125001 0.3741133 0.6088068843750001 0.376746359375 0.6310250109375 0.377892540625 0.666627009375 0.3789772296875 0.6916550140625 0.3901321078125 0.72596965625 0.402483759375 0.750800915625 0.4116796328125 0.77123418125 0.42620271093750006 0.79268839375 0.44727241875 0.8095751874999999 0.4561037578125 0.8211100109375 0.468139421875 0.8453904984375 0.47012431406250005 0.8637231328125001 0.47362197500000003 0.87312454375 0.4855216984375 0.874029328125 0.4895291359375 0.8633842828124999 0.489519425 0.8617141921875 0.506658184375 0.8486132953125001 0.5168703703124999 0.8283974125 0.519492528125 0.7949561593750001 0.5143235109375001 0.7672166390624999 0.499858690625 0.7557801890625 0.4665951375 0.741332875 0.45119450937499994 0.7304690546875 0.4366228859375 0.7006671734375 0.42543240937500004 0.66023118125 0.4215605 0.6402612359375001 0.41924342968749995 0.6185938828124999 0.421507525 0.5773666546875 0.4272894734375 0.5488782249999999 0.4330738828125 0.520947434375 0.442036721875 0.50130965625 0.46754920312500003 0.474704628125
8 0.5264915546875 0.437495675 0.5175214640625 0.4560209984375 0.4953811984375 0.47032181093750003 0.47134019531250004 0.48076039843749996 0.45390408281249994 0.4966493265625 0.44151154843749996 0.51857354375 0.43321629218749996 0.5454356015624999 0.42527017031250003 0.5784135296875 0.420778853125 0.6135576828125 0.42123803437499996 0.638596609375 0.42771063906249995 0.6752195671875 0.437239471875 0.6989875375 0.4451479390625 0.7133199234375 0.45304023281249994 0.7248711453125 0.47754611406249997 0.7405853578125 0.49766461250000005 0.7552622109375 0.5121391375 0.7683673625 0.5188152328125 0.7860617890625 0.5176831859375 0.806675403125 0.5184025578125 0.8228049796875 0.5200358625 0.8344654953124999 0.5382042874999999 0.8369310750000001 0.5506849890625001 0.8300334859375 0.5659205484375 0.8125127234375 0.591654371875 0.7703179828125 0.6068154921875 0.739996903125 0.6147818125 0.71035775 0.6218147843749999 0.6818488656249999 0.628422503125 0.633866140625 0.6288958890624999 0.607696959375 0.6287308265625 0.5793137671874999 0.6229355203125 0.55158518125 0.6173493875 0.506040546875 0.6062204046875 0.4761785484375 0.59955725625 0.46071044375000003 0.5844086703125 0.43926715468750005 0.5610955578125 0.413514728125 0.544740484375 0.3998847359375 0.532504565625 0.3950890125 0.5304399531249999 0.41683288125000006 0.5264915546875 0.437495675