2 0.2173180609375 0.5751559546875 0.21863052500000002 0.8964885140625001 0.22181841875 0.9076535828125 0.23609981875 0.9161661203125 0.26773210000000003 0.9095802859375001 0.582742315625 0.7421648296875001 0.6086699359375001 0.72716653125 0.6222308734374999 0.698114103125 0.6239876828125 0.6828337796875 0.6155985078125 0.6187506421875 0.5680861328125 0.312179840625 0.5632500031250001 0.302386528125 0.5531138578125 0.3022682578125 0.227967496875 0.469565446875 0.2211969015625 0.47783235 0.2173180609375 0.5751559546875
5 0.24816073125 0.6297641953124999 0.26569910625 0.660570475 0.26968645156250004 0.6592260140625 0.2823591125 0.6440730593749999 0.2809082796875 0.63014629375 0.2865636078125 0.614911459375 0.29312696250000003 0.5732585265625 0.3035690859375 0.5441697078125001 0.30955997812499997 0.53589370625 0.332882003125 0.5250379578125 0.3364449578125 0.5181246125000001 0.335882403125 0.4902983734375 0.3295263609375 0.4554496171875 0.313754634375 0.4580475609375 0.253490403125 0.5463673546875001 0.24816073125 0.6297641953124999
0 0.3568159171875 0.5656557484375 0.32515405 0.5360756578125 0.31345849531250003 0.53593919375 0.3027005546875 0.5455505578125 0.290679275 0.587139803125 0.289277778125 0.5968603375 0.2961667875 0.623369409375 0.4085329265625 0.623289515625 0.422676165625 0.6095447046875 0.413339471875 0.596916909375 0.3568159171875 0.5656557484375
1 0.3057798734375 0.57062419375 0.303667753125 0.5914643046875 0.3115338703125 0.6026839578125001 0.3276609078125 0.594526225 0.33322740781250004 0.5806813390625 0.3328227625 0.562593828125 0.3239992875 0.5541449734375 0.3144651890625 0.556815696875 0.3057798734375 0.57062419375
10 0.560693534375 0.6598395234375001 0.587262696875 0.622592971875 0.5826930499999999 0.608629815625 0.5910428015625 0.5878624828125 0.587006121875 0.56555964375 0.5885359421875 0.5294119171875 0.5855651984375 0.49042970781250006 0.5848845921875 0.4801034484375 0.5774960515625 0.450019284375 0.568796390625 0.42634894843750004 0.5604834375000001 0.41071744531250004 0.5437968390625 0.38700955625 0.501041465625 0.36008199531249996 0.4446363265625 0.363596809375 0.41487926875000003 0.389678296875 0.3587997859375 0.46135511406249996 0.357783184375 0.5016817828125 0.361326390625 0.5072870593750001 0.38445101406250004 0.511729828125 0.3873230921875 0.5034174390625 0.400331315625 0.495223315625 0.4154516609375 0.46618908125 0.447903140625 0.4345751 0.480403953125 0.4266084171875 0.5119967421875 0.4450598296875 0.5294660359375001 0.46473743437500004 0.5394738593749999 0.49128289687500004 0.5433131359375001 0.52888425625 0.53399611875 0.613625553125 0.5386348453124999 0.6387173859375 0.5464121343749999 0.651326984375 0.560693534375 0.6598395234375001
9 0.42491660937500003 0.5622773953125 0.4302462125 0.5887682734374999 0.43715496875 0.602758721875 0.45419987187500005 0.616867440625 0.4682345359375 0.6170311984375 0.48792452812500003 0.60196011875 0.5041108078125001 0.5562465171875 0.5051076625 0.5284384734375001 0.49968923125 0.5033375437500001 0.49191194375 0.49072794531249997 0.47841024687499994 0.48222450468750006 0.46116794062500005 0.4834143046875 0.44729118437500004 0.49298927656249997 0.43704646406250003 0.5067795796875 0.42756169843749997 0.5330976015625 0.42491660937500003 0.5622773953125
7 0.34142895 0.81863525625 0.344123371875 0.8131027578125 0.3441530265625 0.7393809671875 0.33701728124999997 0.7045231125 0.308592640625 0.7097553875 0.2883894296875 0.720647528125 0.2661629234375 0.7509898296874999 0.262471646875 0.7843303703125 0.2654917265625 0.8469598765624999 0.290106675 0.8402921671874999 0.320979 0.8211786140624999 0.34142895 0.81863525625
11 0.3363954859375 0.7142527421875 0.3288451859375 0.72251055 0.3289142671875 0.7336392265625 0.3339280515625 0.7406526453125 0.338695103125 0.7393172828125001 0.34243571093749997 0.7296240421875 0.3415869265625 0.7184862703125 0.3371751890625 0.7142618406250001 0.3363954859375 0.7142527421875
11 0.27878618125 0.8220772890625 0.2720353328125 0.8178255703125 0.2712556296875 0.8178164734375001 0.2655312203125 0.8219226296875 0.26386323906250003 0.8358130046875001 0.26575821093749996 0.8427900359375 0.2741572921875 0.8456700046875 0.27867760625 0.8359858609374999 0.2792994015625 0.826256228125 0.27878618125 0.8220772890625
11 0.3576154375 0.44325850781250004 0.3640998015625 0.45168006875 0.3689556796875 0.448954759375 0.37356481874999997 0.43788066875 0.369597221875 0.42670650625000006 0.364919 0.4266519203125 0.3598854671875 0.4321571234375 0.3576154375 0.44325850781250004
11 0.532654 0.3660147859375 0.5388916296875 0.3660875671875 0.5441028171875 0.35780246875 0.5439449078124999 0.348063740625 0.5396219984374999 0.34244936406250004 0.5349437781249999 0.3423947796875 0.52817318125 0.35066168124999997 0.532654 0.3660147859375
11 0.5991754 0.59491229375 0.593983959375 0.5906787687499999 0.5932042546875 0.590669671875 0.587479846875 0.5947758296875 0.58460776875 0.6030882203125 0.5883088843750001 0.6184322265625 0.5943688578125 0.6212849031250001 0.6002709203125 0.6143988484375 0.6016724203125 0.604678315625 0.5991754 0.59491229375
11 0.44680849531250005 0.57517965625 0.44655351718749997 0.5703541390625 0.4449954546875 0.5665177109374999 0.44239637812500004 0.5648807984374999 0.44245067968749996 0.5652764703125001 0.4393531140625 0.5666535671874999 0.43665541562500004 0.5718466265625 0.435991428125 0.5804782796875 0.44002582968750004 0.584343603125 0.44207795 0.583965553125 0.44680849531250005 0.57517965625
11 0.46962719374999995 0.590123565625 0.46892232500000003 0.5852928015625001 0.46653611718750004 0.581948853125 0.4636233015625 0.581814715625 0.45918793124999996 0.5859818171875 0.459163815625 0.5934163453125 0.4617315140625 0.5990728328125 0.464971240625 0.5995126281250001 0.46843155000000003 0.5947304640625 0.46962719374999995 0.590123565625
11 0.4905782453125 0.5690678874999999 0.49189982656250003 0.5642607671875 0.491631965625 0.5596367953125 0.4906601015625 0.5572134890625 0.48764356875 0.5542335796875 0.4847050421875 0.556943703125 0.48315890625 0.5617482046875 0.48297609843749995 0.56636691875 0.48527109843750005 0.5710159359375 0.4870690140625 0.57284519375 0.4905782453125 0.5690678874999999
11 0.483097375 0.5221628703125 0.48401478593749997 0.5271964171875 0.4853371421875 0.5294221203125 0.4874348984375 0.5318585625 0.49166507812500004 0.5309022390625 0.4926514671875 0.5242829265625 0.491908046875 0.5200554000000001 0.4911671328125 0.5140182328125 0.4905002609375 0.5137698109375 0.4893780296875 0.5137970546874999 0.4856499515625 0.51395385625 0.48406777187500005 0.5175519546875 0.483097375 0.5221628703125
11 0.468937984375 0.5127545718750001 0.470590003125 0.5045350515625 0.47012006093750003 0.501315003125 0.46900946875000005 0.49929207499999995 0.4669862171875 0.49746018750000004 0.46423242187499997 0.49823204531250004 0.46216431093750004 0.5006184890625 0.4616317921875 0.5054348156249999 0.46162530312500005 0.5090526890625 0.463691859375 0.5155059296875 0.468937984375 0.5127545718750001
11 0.44378406718749996 0.5413963203125001 0.446154615625 0.5378060296875 0.4475755921875 0.5332017625 0.44820838125 0.5285869046875 0.44708810625 0.524957278125 0.44448911874999997 0.5233189765625 0.44233717656250005 0.5226095015625 0.43985719375 0.5252749015625 0.4380857234375 0.530076771875 0.43948906875000004 0.5363219703125 0.440570790625 0.5405548390625 0.44378406718749996 0.5413963203125001
8 0.547161540625 0.6611505109375 0.534072140625 0.63584184375 0.5311612234374999 0.601552121875 0.5351668234375 0.5764429171875001 0.5382467390625 0.5470400734374999 0.540536809375 0.5112058421875 0.5354845265625 0.48224364062499997 0.5222666265625 0.45425722031250004 0.5083227015625 0.44231984375 0.48785010156249997 0.42923523281250003 0.46858705 0.4300801390625 0.4478780890625 0.439472459375 0.426287828125 0.4579543140625 0.419101440625 0.47178725468750005 0.40767403281250003 0.49092182656250005 0.39914355 0.5116967875 0.38150163593749997 0.520055228125 0.3676112609375 0.5166813734375 0.35710668437500004 0.52137578125 0.3508118703125 0.540036103125 0.3495813375 0.5592910437499999 0.3543400046875 0.625715965625 0.352544078125 0.64442878125 0.3539103734375 0.6653192156250001 0.35871151874999996 0.6841090046875 0.3703431734375 0.704048159375 0.3809992265625 0.7298639640625 0.4067864671875 0.7537155953125 0.4241660234375 0.763552334375 0.43845909375 0.76532569375 0.46068599531250004 0.76504950625 0.4757578546875 0.75933733125 0.495840540625 0.7456548640625 0.5128901984375001 0.7324739265625 0.5350005984374999 0.7011524078125 0.5471301937499999 0.6804194421875 0.55361439375 0.66818489375 0.547161540625 0.6611505109375