2 0.7653408171875 0.3602287078125 0.6898714703125 0.045947915625 0.6841525328125 0.0355200828125 0.668113459375 0.029425964062499997 0.63846070625 0.040826401562499996 0.366670015625 0.2540185484375 0.34458101874999997 0.27275863125 0.337923390625 0.3033162828125 0.3397193734375 0.3185462390625 0.36277960625 0.37994995625 0.48037051249999996 0.6725466875 0.487397103125 0.6813738125000001 0.497413384375 0.6799018234374999 0.7792203578125 0.4652376875 0.7839843328125 0.4560863609375 0.7653408171875 0.3602287078125
5 0.7223402609375 0.3116151625 0.6979452453125 0.28421246093749997 0.69432614375 0.286152859375 0.6853353624999999 0.3029680328125 0.6899799640625 0.3163708203125 0.6879235328125 0.332166925 0.6910705734375 0.3739605078125 0.687494878125 0.40406523906249997 0.6835013859375 0.41310333593750004 0.6630238953125 0.42738098593749996 0.6611085375 0.43470514375 0.668086290625 0.46185040937500005 0.6823944875 0.49496107343749995 0.697337521875 0.489947978125 0.7363391734375 0.39407002812499997 0.7223402609375 0.3116151625
0 0.630061321875 0.39137761875 0.668091721875 0.415367934375 0.6796489703125 0.413669484375 0.6880320453125 0.4025777609375 0.6902783875 0.3599915703125 0.6894156640625 0.35025860625 0.6765073593750001 0.325393428125 0.5657910875 0.3430727859375 0.555026025 0.3587401703125 0.56714214375 0.3696364125 0.630061321875 0.39137761875
1 0.6792094718749999 0.37852068125 0.6764802265625 0.357793734375 0.666138390625 0.34804528281249997 0.652128615625 0.35855536718750003 0.6498388687500001 0.37297722499999997 0.6544129328125 0.3906159859375 0.6650586234375 0.3975027140625 0.6738377921875001 0.39339545781249996 0.6792094718749999 0.37852068125
10 0.4074025265625 0.33113611718749997 0.38981705624999996 0.371750934375 0.3975435921875 0.384700803125 0.394108971875 0.4063335890625 0.4032353984375 0.42752894374999995 0.4100720765625 0.46314615468750003 0.42199828593750005 0.5008324828124999 0.4250527078125 0.5108321234375001 0.4392785609375 0.5391179765625 0.45331593750000004 0.560921278125 0.46511655 0.5749175921874999 0.48703357187499996 0.5955065609375 0.53538410625 0.6151631609375 0.5901589546875 0.6028878640625 0.6134633609375 0.572700878125 0.6521828640625 0.49376682031249997 0.64387575625 0.4541400953125 0.639090078125 0.449209253125 0.6152756359375 0.448483409375 0.6143640765625 0.4570685859375 0.6034362375 0.46712575 0.595237640625 0.4979098609375 0.5705550453125 0.5339335265625 0.5403651234375 0.5468214421875001 0.5049717296875 0.533711878125 0.48321371874999997 0.517189928125 0.46722348125 0.49277766874999995 0.4547601046875 0.45657881875 0.4443802921875 0.37218355625 0.43401675156249997 0.34835293749999996 0.42344160000000003 0.3372302359375 0.4074025265625 0.33113611718749997
9 0.563729225 0.40535136562499996 0.5523618875 0.38025972812500003 0.5423239046874999 0.36764954843750003 0.5222696359375 0.3565113609375 0.5084009390625 0.3585494984375 0.492475809375 0.3763837421875 0.48707699531250004 0.42365882812500005 0.492513784375 0.451030553125 0.5036478062499999 0.4747479421875 0.514222959375 0.48587064375000005 0.5294915484375 0.492077990625 0.5462088640625 0.488212684375 0.5576738734375 0.4766680421875 0.5645865203125 0.4615668046875 0.5678583625 0.4343237984375 0.563729225 0.40535136562499996
7 0.5868274687499999 0.14137775625 0.5854492812500001 0.14721443750000002 0.6024378859375 0.2193701890625 0.617516565625 0.25236762343749997 0.6443207015625 0.24279435624999998 0.661716259375 0.228969625 0.676615890625 0.195792196875 0.6725572921875 0.162583790625 0.6551237578125 0.1017617109375 0.632405353125 0.1121430765625 0.606393403125 0.1356852828125 0.5868274687499999 0.14137775625
11 0.6158833593749999 0.24274788906250003 0.6214178171875 0.23348333437500002 0.6187808125 0.22260257968750002 0.612220853125 0.2165239515625 0.6078312703125001 0.21857757968749997 0.6063825421875 0.22865023281250002 0.60979003125 0.23941775625 0.615112875 0.2428611203125 0.6158833593749999 0.24274788906250003
11 0.6477661828125 0.1281966203125 0.6554004765625 0.1313002921875 0.6561709609374999 0.1311870625 0.660864396875 0.1262717109375 0.659301728125 0.112416003125 0.655823703125 0.10588445312500001 0.64688175625 0.10438148750000001 0.644662546875 0.11456737187499999 0.646295753125 0.12418710625 0.6477661828125 0.1281966203125
11 0.6575274109375 0.5112923515625 0.6491931703125 0.5040659328125 0.6450369031250001 0.5074938109375 0.6430510078125 0.519053940625 0.649540428125 0.5293685421875 0.654163328125 0.5286891640625 0.657852965625 0.5225127921875 0.6575274109375 0.5112923515625
11 0.5028610328124999 0.6143085984375001 0.4966971671875 0.6152144374999999 0.49347415781250004 0.624139303125 0.49587784843750005 0.6336458078125 0.5014340078124999 0.6384634203124999 0.5060569078125 0.6377840406249999 0.5108208828125 0.6286327140625 0.5028610328124999 0.6143085984375001
11 0.3844670796875 0.4007078796875 0.3905604078125 0.40403801250000004 0.3913308921875 0.403924784375 0.396024328125 0.39900943125 0.3969358859375 0.39042425468749997 0.3897465203125 0.375986909375 0.3831160234375 0.37414425156250003 0.378889215625 0.3818081015625 0.37975193906250004 0.3915410640625 0.3844670796875 0.4007078796875
11 0.5391768453125 0.39615316875 0.5405420390625 0.400835934375 0.5429630765625 0.40434656875 0.545902278125 0.40554148124999995 0.545757428125 0.405162746875 0.548492134375 0.4033297828125 0.54995190625 0.3978247953125 0.5486137359375001 0.38927303593749996 0.5437456453125 0.3861220203125 0.5418105859375 0.3868134609375 0.5391768453125 0.39615316875
11 0.5132398203124999 0.3851019953125 0.51504958125 0.389719425 0.5181730546875001 0.39261835 0.52107454375 0.39229336406250004 0.5244835906249999 0.38752028125 0.52279118125 0.38024037499999996 0.5189550265625 0.375106609375 0.515660815625 0.37518365781249996 0.51335465625 0.3804059625 0.5132398203124999 0.3851019953125
11 0.4974534140625 0.40899086718750005 0.497260690625 0.4139025828125 0.49859205156249997 0.41838608125 0.5001091984375 0.4206055234375 0.5037698140625 0.42304943125000005 0.506040075 0.419936753125 0.5064546984375 0.41499242656249996 0.5055686749999999 0.41044348125 0.5022338234375 0.4062530046875 0.5000397484375 0.4047443484375 0.4974534140625 0.40899086718750005
11 0.5156531578125 0.4537247328125 0.513587128125 0.4489421328125 0.5117701953125 0.44697098593750006 0.50914046875 0.44491505 0.5051924640625 0.44651361562499997 0.5057483890625 0.45314640781250004 0.5074568921875 0.457167415625 0.5095806578125 0.4629599015625 0.5102951953125 0.463098571875 0.5113948421875001 0.46289611875 0.5150325984374999 0.46215868593750004 0.515761225 0.458389415625 0.5156531578125 0.4537247328125
11 0.53177876875 0.4607146390625 0.5320481171875 0.4690178109375 0.5332545468750001 0.472095640625 0.5348159859375 0.47390150625 0.53723273125 0.47537743906249996 0.53976836875 0.47419066875000004 0.5412555703125 0.47153111875000003 0.540668565625 0.466733990625 0.5398398140625 0.463192184375 0.5363136046875 0.45720014062500003 0.53177876875 0.4607146390625
11 0.5499558609374999 0.4287429796875 0.54844850625 0.4326281015625 0.5481110015625 0.43735685625 0.548552690625 0.4419725109375 0.55049455625 0.44534932656250004 0.55343399375 0.446545615625 0.5557184640624999 0.446902890625 0.5575471640624999 0.4439058125 0.5581844578124999 0.43892876249999996 0.5553598562500001 0.43303644218750004 0.5533167296875 0.42906320156250005 0.5499558609374999 0.4287429796875
8 0.420435425 0.3277333953125 0.4391769984375 0.3504525078125 0.44996104375 0.383555696875 0.4518097703125 0.408757375 0.45556188124999997 0.438016215625 0.46157698125 0.473445696875 0.473241503125 0.5009994468750001 0.492727840625 0.52631913125 0.509224921875 0.53581798125 0.532420715625 0.5454169624999999 0.5512090515625 0.541572671875 0.5694492328125 0.5291365828125 0.5864597046875 0.507666571875 0.5903485796875 0.493002665625 0.5971930750000001 0.472485765625 0.60080404375 0.450817203125 0.61626036875 0.43987339375 0.6307278890625 0.4409995609375 0.6399962984374999 0.4347597203125 0.6418921984375 0.41551094062500005 0.6386600828125 0.3964734859375 0.618637075 0.33220918906249997 0.6160872859375 0.31361374531249997 0.6099185125 0.2933824125 0.600849665625 0.2757450078125 0.5847841640625 0.258052665625 0.5683235421874999 0.23445605937499997 0.5374048265625 0.2151519453125 0.5180069031250001 0.20824713906249998 0.5035119921875 0.20875044531250003 0.481671553125 0.21250239531249998 0.468137109375 0.2204537421875 0.4515044421875 0.2369904734375 0.43774499375 0.2525612609375 0.423185825 0.28667885625 0.4160183046875 0.3088700875 0.41245245312499995 0.321859665625 0.420435425 0.3277333953125