2 0.064356096875 0.1952114640625 0.0588081390625 0.21512631093749998 0.0946246140625 0.5431777656250001 0.1298835515625 0.8224516859375001 0.14348861562499998 0.86752668125 0.1495779828125 0.8754691187500001 0.40243086406249995 0.8187220953125 0.4665734671875 0.7961017546875 0.6806434015625 0.7448581453124999 0.6867772343749999 0.7430341625 0.6935252796875 0.728614371875 0.654908446875 0.4774705953125 0.6037615375 0.0919120546875 0.60115125 0.07814712812499999 0.5940719078125001 0.067484446875 0.580499096875 0.06424995156249999 0.08332734375 0.1869101265625 0.064356096875 0.1952114640625
5 0.23199791250000001 0.21416514687500002 0.2192049640625 0.2108760796875 0.203922909375 0.21612973906250002 0.1965606515625 0.24314533749999998 0.15296514375 0.27827545 0.1438936421875 0.31377920625 0.127997375 0.3316286734375 0.12270399531250001 0.3445519140625 0.12891454687499998 0.3748020078125 0.1288578703125 0.4361753484375 0.1343491515625 0.47763384374999995 0.139553603125 0.48424344531249996 0.1775122234375 0.488561025 0.1849795375 0.46293283281250003 0.18289453125 0.45610494218750003 0.18629689375 0.41820837656250004 0.1987868828125 0.365728303125 0.21031915156249997 0.3523684875 0.2316299828125 0.3439034359375 0.2411984296875 0.34602338593750004 0.2428026171875 0.33614781875 0.24904150625 0.33571124375 0.251304371875 0.3034734515625 0.23199791250000001 0.21416514687500002
0 0.23445038437500001 0.36044317656249997 0.2109494921875 0.36069293125 0.20435096874999997 0.36673370625 0.1943500828125 0.41067105000000004 0.1948309 0.4273745046875 0.20291634531249997 0.4616776765625 0.22529386875 0.48800694375000003 0.2411012046875 0.48969031718749995 0.2730916390625 0.5083731140625 0.2972673359375 0.5066813796875 0.33242168125 0.5153794671874999 0.376530259375 0.5387933109375 0.4120442390625 0.5418871953125 0.4186427640625 0.535846421875 0.40043525156250004 0.5231729359374999 0.3864866796875 0.5046223890625 0.31734582499999997 0.4508807734375 0.2892991609375 0.42215869531249994 0.2690511078125 0.3928908984375 0.23445038437500001 0.36044317656249997
1 0.22128559062500003 0.41436522656249997 0.22239674687500002 0.43939312499999994 0.228591171875 0.448722971875 0.2427337296875 0.44912808125000003 0.25047175 0.43742853125 0.247231121875 0.41533916406250004 0.236717165625 0.40073255156250004 0.22579910781249998 0.40149655937500006 0.22128559062500003 0.41436522656249997
9 0.3974008203125 0.43133121093750004 0.39893220625 0.4619087390625 0.41274738125 0.509758546875 0.43554513281249996 0.5416374421875 0.45900155781249996 0.551154109375 0.4799527546875 0.54829325625 0.5008878218749999 0.5245121562499999 0.5121493874999999 0.4972236984375 0.5173660484375 0.45222638125000003 0.5109898484375 0.409435053125 0.49734031874999995 0.374126478125 0.47751249375000004 0.350408309375 0.45239128749999996 0.3396133796875 0.4324300671875 0.3451944734375 0.41699849218749996 0.35882714843749997 0.4028275953125 0.3891087078125 0.3974008203125 0.43133121093750004
7 0.2791121203125 0.6292958125 0.25725988125 0.6099035796875001 0.2493562125 0.6090618921875001 0.20304535937499998 0.629039671875 0.18594900625 0.6413940828125 0.1833709703125 0.66946965625 0.1902805171875 0.7296581468750001 0.18952484687499999 0.7610930921875 0.1957798640625 0.781576765625 0.20165911718750001 0.7867443890625 0.24320187343750002 0.7866268843750001 0.2426765890625 0.77968985 0.2509843578125 0.7651609140625 0.2741700796875 0.7607489390625 0.2846234453125 0.7642017234375 0.2996953859375 0.7561732484375 0.3022895484375 0.749017925 0.29411125781249997 0.661720428125 0.28979172656249996 0.6564436609375 0.28655109843750004 0.6343542906249999 0.2820214515625 0.626302709375 0.2791121203125 0.6292958125
10 0.5677658125 0.6104915671875 0.5764048765625 0.6210451031249999 0.5818800328125 0.641583346875 0.6053970515625 0.6622538421875 0.6141695109375 0.6435081140625 0.6384341359375 0.6222835390625 0.63925063125 0.46740820781250003 0.6341028578125 0.3994252625 0.6159964859375 0.3156120171875 0.6050017109375 0.2843019484375 0.58292323125 0.24121465 0.5763975109375 0.20680233593750003 0.5818404109374999 0.1855000828125 0.5807898453125 0.1716260125 0.5637057015625 0.13237350625 0.544989034375 0.13368323437500002 0.5362771656249999 0.163582790625 0.515160321875 0.15390240625 0.4973124453125 0.1356247203125 0.45950334687499994 0.1229281296875 0.41094184062499994 0.12353678125 0.39565978749999997 0.1287904421875 0.36640082343749997 0.14618023125 0.2751609828125 0.2250923265625 0.2744417125 0.23630072812499997 0.281735084375 0.32226539062500004 0.3047874109375 0.3471526796875 0.3243445328125 0.35694220625 0.337392059375 0.3532396671875 0.3490293859375 0.341267259375 0.36039600625 0.3153662078125 0.3877639515625 0.2730030953125 0.423411325 0.24679771874999998 0.46162452343749993 0.24412368906249998 0.5016236828125 0.265035578125 0.5363900546875 0.3100245359375 0.5535792546875 0.35066445 0.57000471875 0.412279184375 0.574417096875 0.47055027968749996 0.563175575 0.5912861546875 0.5677658125 0.6104915671875
11 0.19468483281249999 0.777469115625 0.20144900468750002 0.783969575 0.210027478125 0.7833692812499999 0.21026592968750002 0.755457425 0.2049564203125 0.747460415625 0.19169878125 0.748388140625 0.1899895375 0.7568762984374999 0.19468483281249999 0.777469115625
11 0.27027906874999996 0.6368877109375 0.2704447171875 0.649428946875 0.2751844765625 0.6602553421875 0.2832982578125 0.6638718421875 0.289116921875 0.657885640625 0.2894159640625 0.6411276109374999 0.2844660921875 0.6275264015625 0.27656242343750004 0.6266847140625 0.27027906874999996 0.6368877109375
11 0.2765995203125 0.20267552656249999 0.278490540625 0.227648853125 0.28769935156250004 0.23537300156250002 0.29617276875 0.233385303125 0.3012560359375 0.21768725 0.29999535625 0.20103836562500002 0.2929160140625 0.1903756859375 0.28121809531249997 0.19119426718750002 0.2765995203125 0.20267552656249999
11 0.5459790078125 0.13640347656250001 0.5441647078125 0.14350422812500002 0.5508399500000001 0.169537528125 0.561398371875 0.1743777203125 0.56856664375 0.16550755781249998 0.5704254109375 0.1486403859375 0.5662553984375001 0.134984603125 0.5554868625 0.127369596875 0.5459790078125 0.13640347656250001
11 0.6472227234375 0.624458059375 0.6589651062499999 0.613873059375 0.661033984375 0.5997807015625 0.65498908125 0.5820718421875 0.64297599375 0.5787282015625 0.63736744375 0.5874892203125001 0.6382684890625 0.609742303125 0.6472227234375 0.624458059375
11 0.49056785156249993 0.4917601078125 0.49773612343750007 0.48288994531249996 0.49721084062500004 0.47595291093750003 0.48956175 0.46811961875 0.484943175 0.479600878125 0.49056785156249993 0.4917601078125
11 0.450706003125 0.514076125 0.45757523125 0.521963990625 0.46474350312499996 0.5130938281249999 0.461563465625 0.5021582875 0.45085552343749996 0.5056971109374999 0.450706003125 0.514076125
11 0.42297450625 0.4895162671875 0.42676875625 0.48785600156250003 0.43060747031249996 0.4764293125 0.4266475734375 0.4655483453125 0.4187439046875 0.4647066578125 0.41682454843750005 0.4704200015625 0.41766500000000006 0.4815192578125 0.42297450625 0.4895162671875
11 0.4244091296875 0.3945723 0.4197299640625 0.39489973125 0.4155760796875 0.402164196875 0.416311475 0.41187604687499996 0.4225059 0.42120589375 0.429464059375 0.409560915625 0.4244091296875 0.3945723
11 0.450504184375 0.3871672203125 0.4561733265625 0.38956003125 0.46167681875 0.37941160625000003 0.45750680781249997 0.36575582500000003 0.450383 0.3648595640625 0.4483585875 0.36918550156249996 0.4477443734375 0.381781309375 0.450504184375 0.3871672203125
11 0.49570779531250003 0.4146887140625 0.49263281406250004 0.40514058124999996 0.4854039515625 0.402856915625 0.4822400421875 0.412841625 0.485525134375 0.425164571875 0.49030935781249996 0.426224546875 0.49570779531250003 0.4146887140625
8 0.5636625859375 0.5415596203125 0.5684530640625 0.5029131718750001 0.567533675 0.4639451890625 0.5630920109375 0.399924159375 0.5580768578125 0.36051890625 0.537048015625 0.30271738125000003 0.5264036296875 0.2962346 0.47979946562500003 0.2546794203125 0.4511058375 0.24584445000000002 0.428591009375 0.248866325 0.385960671875 0.25980096874999997 0.37070311562499997 0.2782166484375 0.359744065625 0.31584699375 0.3380310125 0.3455572578125 0.3126332078125 0.34805838906250003 0.291397971875 0.335810171875 0.28659599999999996 0.32602583125 0.27691675312499997 0.34838885625 0.27436379375 0.38976867187500003 0.272006571875 0.43908630625 0.2750098796875 0.48947519375 0.2874112296875 0.513559621875 0.2924653171875 0.5590907171875 0.30160616875 0.604712425 0.328485525 0.67005606875 0.348254096875 0.700477409375 0.3820297875 0.7335323984375 0.430714371875 0.7489199890625 0.4577912421875 0.7578666984375 0.4948829625 0.7596088453125 0.5406906265625 0.7477293781250001 0.5753858562499999 0.7178331499999999 0.6004860234375 0.6792118640625 0.6021704671875 0.663914834375 0.585107459375 0.6477608390625 0.564313946875 0.6145198859375001 0.5592531484375 0.58523819375 0.5636625859375 0.5415596203125