2 0.6148765843749999 0.6914765640625 0.5744638484375 0.5224448671874999 0.52730619375 0.3393485484375 0.5196219015625 0.3308845859375 0.4577589125 0.3266982078125 0.104230515625 0.41462093749999995 0.10058609062499999 0.4213362296875 0.1754293921875 0.7546457906249999 0.19003522343749998 0.762262921875 0.5598502140625 0.736609009375 0.5946980953125001 0.7182393015625 0.6116770984375 0.703623153125 0.6148765843749999 0.6914765640625
5 0.2944658140625 0.7228411515625 0.3402115390625 0.71802796875 0.35278336875 0.7008163187500001 0.35547435312500003 0.6824625359375001 0.3471685046875 0.6834787328124999 0.336588475 0.67380170625 0.3188467203125 0.6791070625 0.3007235921875 0.6797570234375 0.26793106875 0.6720139546875 0.2521175515625 0.6496547374999999 0.2373210328125 0.6397099078124999 0.18925162812500002 0.65029311875 0.18617926875 0.6639915078125 0.2509166390625 0.7203325078125 0.25815599218749996 0.723365175 0.27325625468750003 0.7199503484374999 0.2944658140625 0.7228411515625
0 0.3450146703125 0.5889174484375 0.355630128125 0.564892071875 0.354168190625 0.5470463875 0.345798778125 0.547286684375 0.335169253125 0.5540729109375 0.30280031093750004 0.6027026921874999 0.25891196562499996 0.6472561078125 0.2590531578125 0.6660470578125001 0.28781988125 0.6758500234375 0.314375984375 0.6757356640625 0.3311007359375 0.65801591875 0.3424013140625 0.6252862828125 0.3450146703125 0.5889174484375
1 0.28245926875 0.6616160359375 0.2925308 0.6650858671875 0.2981315953125 0.665184303125 0.3078217515625 0.6639987390625001 0.3104632421875 0.662108209375 0.31542841093749996 0.65444765 0.31479278593750004 0.64668865625 0.3101313625 0.6409895609375 0.30578775 0.6391699609375 0.29156329375 0.6362082265625 0.28476888125 0.6386068546875 0.2821273875 0.6404973859374999 0.2770350953125 0.6466061468750001 0.2759050375 0.649879109375 0.27622285 0.65375860625 0.2776707203125 0.6543651390624999 0.279499965625 0.65962706875 0.28245926875 0.6616160359375
10 0.424401103125 0.397391903125 0.4237654796875 0.38963291093749997 0.3984524921875 0.370786953125 0.3891437109375 0.3766279125 0.3707027703125 0.3733983765625 0.24473074062500003 0.3888106984375 0.1474123796875 0.42971333593749994 0.15471529687500002 0.4335219 0.1562407984375 0.4521434859375 0.1352500640625 0.48605868281250003 0.134670709375 0.5472562953125 0.1923734828125 0.62013148125 0.20219076406249997 0.620497715625 0.2300676125 0.619438090625 0.25309234687500004 0.610351671875 0.2553524625 0.6038057453125 0.2497870953125 0.57000490625 0.2024382390625 0.5381814546875 0.193609821875 0.5157513046875 0.1971130515625 0.4902450625 0.2101298203125 0.478464709375 0.2130114921875 0.4624386234375 0.2272218796875 0.44816120625 0.2701849234375 0.426447603125 0.3666556125 0.4263998296875 0.3804986921875 0.42470616874999995 0.3855909859375 0.4185974078125 0.41025427968750006 0.4124452203125 0.424401103125 0.397391903125
9 0.361541959375 0.4834501453125 0.346300503125 0.46807402187499997 0.323388825 0.46147308750000005 0.29953777656249997 0.4604728140625 0.266822884375 0.47074479843750006 0.2488550171875 0.5074248609375 0.2678820890625 0.5348766421875 0.28110361250000004 0.5426631390625001 0.30212248124999996 0.5432262437500001 0.320054921875 0.540248584375 0.34031104375 0.531500896875 0.36470601875 0.5050059609375 0.361541959375 0.4834501453125
11 0.518582515625 0.676612884375 0.5121059125 0.6828910109375 0.5182787703125 0.6899725390625 0.534954028125 0.6887160437500001 0.5414941921875001 0.6832138171875 0.5381535140625 0.67656945625 0.518582515625 0.676612884375
11 0.4571858203125 0.6269162453125 0.45957306249999996 0.6219221171875 0.45359089218750004 0.6171682859375001 0.44377361249999997 0.61680205 0.4371063234375 0.620752478125 0.43925338125 0.6298939046875 0.44774991562500005 0.6312054046875 0.4571858203125 0.6269162453125
11 0.1905442375 0.61486955 0.1870764328125 0.6066733906249999 0.1785163359375 0.604585990625 0.167759684375 0.609820415625 0.1683317484375 0.6168035093750001 0.17563466249999998 0.6206120765625001 0.1840676359375 0.621147678125 0.1905442375 0.61486955
11 0.140617965625 0.43211196406249996 0.130052003125 0.4396740875 0.1364155453125 0.449083315625 0.1474900109375 0.44772838593750003 0.1525823046875 0.4416196265625 0.1491145015625 0.43342346562499995 0.140617965625 0.43211196406249996
11 0.3900690140625 0.3537881 0.3724543859375 0.36064525468749997 0.3733442609375 0.371507846875 0.387378028125 0.3721418828125 0.3966868078125 0.3663009234375 0.3975626171875 0.35992436250000004 0.3900690140625 0.3537881
7 0.5289653750000001 0.6270485359375 0.51592924375 0.6086221140625 0.4776698546875 0.6129801671874999 0.45531096875 0.6144242156249999 0.43565387187500004 0.6207044828125 0.43411032968749996 0.6370386234375001 0.4564954671875 0.6359150234375 0.4629669515625 0.6515914234375 0.470106490625 0.6917049609375 0.5081579578125 0.689655978125 0.548621509375 0.684059628125 0.5322071796875 0.6595890296875 0.5289653750000001 0.6270485359375
11 0.347140884375 0.4953998640625 0.34015578125 0.49547079531250005 0.334745675 0.4977000578125 0.332167746875 0.5003664890625 0.33254912187499996 0.5050218859375 0.3367656078125 0.5052896859375 0.3423028390625 0.504612221875 0.3463922015625 0.5033282234375 0.350290875 0.4997165265625 0.3501001890625 0.4973888296875 0.347140884375 0.4953998640625
11 0.326623390625 0.4730346765625 0.3204907453125 0.47304911718750003 0.31725718125 0.47459046875000005 0.31401236875 0.47776951093750003 0.31403887343750003 0.4780930625 0.31249019218749996 0.4805740078125 0.31758511875 0.482160625 0.323935496875 0.4812198859375 0.32812653125 0.4789070203125 0.3296168453125 0.47569655937500005 0.326623390625 0.4730346765625
11 0.28476498125 0.48445747343749995 0.2909745828125 0.48181535625 0.2927521859375 0.47676964374999997 0.2900414375 0.47399166875 0.282320259375 0.476000565625 0.27785245625 0.480311184375 0.2797151375 0.4834382078125 0.28476498125 0.48445747343749995
11 0.26427355625 0.49997591406249997 0.26024435 0.5007141671875 0.25858749062499997 0.5046565796875 0.2596393515625 0.5075803062500001 0.264957171875 0.5083207109375001 0.27012369999999997 0.5071972359375 0.2724429015625 0.5051956718749999 0.2722437609375 0.502764778125 0.26975662499999997 0.500941390625 0.26427355625 0.49997591406249997
11 0.2825977625 0.5204010453125 0.2795095515625 0.5219246125 0.27606362500000003 0.525498940625 0.277745234375 0.5271324890625 0.2822038046875 0.529860409375 0.2873172578125 0.5280890578124999 0.29089118125 0.5253603296875 0.29169735937499996 0.5227249375 0.288434540625 0.520342084375 0.2825977625 0.5204010453125
11 0.31247358125 0.5250708140625 0.314990696875 0.5271577656249999 0.32192043125 0.52794703125 0.3266449609375 0.5249952453125 0.3288519921875 0.5234164812500001 0.3251684546875 0.5194480031250001 0.31819958125 0.519973046875 0.315546040625 0.521443434375 0.31247358125 0.5250708140625
8 0.3349269765625 0.4241338 0.3074095390625 0.42306095624999995 0.26806878125 0.426507453125 0.24802011875000002 0.4347666078125 0.21832040468749997 0.45172042343749996 0.2050552015625 0.468370371875 0.20103591562499998 0.48628010312500003 0.19564918125 0.5098217125 0.1973825953125 0.5160984703125 0.20373465624999998 0.534106028125 0.22064598281249997 0.5470639640625 0.245518915625 0.5679284359375 0.2503518140625 0.574850246875 0.25434500312499997 0.5938289875 0.252900290625 0.6059591546875 0.24730931250000002 0.61210776875 0.2434445484375 0.6170209203125 0.270803034375 0.623577784375 0.3474426453125 0.62080831875 0.3662704953125 0.613263559375 0.4008586 0.6039089125 0.4401321703125 0.5847594968750001 0.46382408125 0.568883184375 0.48383333593750005 0.54526018125 0.48976681875 0.520968315625 0.49611137968749996 0.49423594218750005 0.49778781250000004 0.462610128125 0.4836944671875 0.439402540625 0.4722165484375 0.4257798421875 0.4581232046875 0.40257225312499995 0.43191053124999995 0.3876779515625 0.41935974062500003 0.405607221875 0.390922503125 0.4230891609375 0.363763765625 0.42641195625000006 0.3349269765625 0.4241338