2 0.56015625 0.4361111109375 0.5453125 0.41944444374999995 0.23203125 0.222222221875 0.21015625 0.23333333281250002 0.2046875 0.24305555625 0.06328125 0.98055555625 0.0625 0.9986111109375001 0.4546875 0.9958333328125001 0.5609375 0.45 0.56015625 0.4361111109375
9 0.3046875 0.7194444437499999 0.34140625 0.7333333328125 0.34453125 0.7263888890625 0.37109375 0.7083333328125 0.38515625 0.675 0.39296875 0.625 0.39375 0.5944444437499999 0.38984375 0.5722222218749999 0.37265625 0.540277778125 0.35703125 0.5291666671875 0.33359375 0.525 0.29921875 0.54444444375 0.2828125 0.5722222218749999 0.27421875 0.60694444375 0.275 0.6541666671875 0.27890625 0.6763888890625 0.2890625 0.7 0.3046875 0.7194444437499999
5 0.1875 0.9986111109375001 0.203125 0.9930555562500001 0.2015625 0.9736111109375001 0.196875 0.95694444375 0.18828125 0.9472222218749999 0.1859375 0.9305555562500001 0.19453125 0.88055555625 0.2046875 0.8666666671875 0.2109375 0.840277778125 0.20859375 0.8291666671875 0.18125 0.777777778125 0.16484375 0.7833333328125 0.15 0.7986111109375 0.12578125 0.8111111109375001 0.1140625 0.8638888890624999 0.1078125 0.909722221875 0.12578125 0.9791666671874999 0.109375 0.99444444375 0.1875 0.9986111109375001
0 0.2453125 0.9930555562500001 0.2625 0.9666666671874999 0.2671875 0.934722221875 0.31328125 0.8236111109375001 0.34609375 0.7666666671875 0.35 0.7458333328125 0.3453125 0.7402777781250001 0.33359375 0.7430555562500001 0.31015625 0.7805555562500001 0.26015625 0.8416666671874999 0.23359375 0.872222221875 0.19453125 0.9055555562500001 0.19296875 0.9305555562500001 0.20390625 0.9680555562500001 0.2265625 0.9986111109375001 0.2453125 0.9930555562500001
1 0.2453125 0.9541666671875 0.2453125 0.9388888890624999 0.2328125 0.915277778125 0.21953125 0.915277778125 0.2078125 0.934722221875 0.209375 0.9583333328125001 0.22109375 0.975 0.22890625 0.975 0.2453125 0.9541666671875
11 0.321875 0.575 0.321875 0.5666666671875 0.31328125 0.5611111109375 0.30625 0.5666666671875 0.30625 0.5763888890625 0.3140625 0.584722221875 0.321875 0.575
11 0.30234375 0.6263888890625 0.296875 0.6180555562500001 0.2875 0.622222221875 0.2859375 0.6333333328124999 0.29140625 0.64305555625 0.30234375 0.6347222218749999 0.30234375 0.6263888890625
11 0.321875 0.6833333328125 0.3171875 0.6763888890625 0.31015625 0.6763888890625 0.30625 0.6833333328125 0.3078125 0.6916666671875 0.31796875 0.6986111109375 0.321875 0.6833333328125
11 0.35703125 0.6736111109375 0.34765625 0.6763888890625 0.3453125 0.6916666671875 0.35703125 0.6958333328124999 0.359375 0.6777777781250001 0.35703125 0.6736111109375
11 0.37734375 0.6180555562500001 0.3671875 0.6180555562500001 0.36484375 0.6291666671875 0.36875 0.6375 0.3765625 0.6375 0.37734375 0.6180555562500001
11 0.36171875 0.577777778125 0.35859375 0.5625 0.346875 0.5625 0.34453125 0.5666666671875 0.346875 0.58055555625 0.35390625 0.584722221875 0.36171875 0.577777778125
8 0.45418125 0.830147221875 0.48923359375000003 0.730402778125 0.5002500000000001 0.64846944375 0.49424140625 0.5620833328125 0.48773125000000006 0.5041958328125 0.4697046875 0.4516513890625 0.44466640625 0.40266944374999997 0.41161640625 0.356359721875 0.35052500000000003 0.3358763890625 0.30796015625 0.33498611093749997 0.26189062500000004 0.35724999999999996 0.2293421875 0.3928736109375 0.2002984375 0.44541805625 0.1797671875 0.5104291671875 0.17275625 0.5567388890625 0.170253125 0.607502778125 0.16975234374999998 0.6796388890625 0.1817703125 0.7401986109375 0.19378828125 0.7847277781249999 0.21832500000000002 0.8443958328125 0.2358515625 0.8728944437499999 0.28943281249999997 0.90495555625 0.287259375 0.8997708328125 0.31547187499999996 0.9147513890625 0.37005390625 0.9094083328125 0.40961406250000004 0.89070555625 0.45418125 0.830147221875