2 0.44765625 0 0.4 0.054166667187499996 0.25234375 0.25694444375000003 0.134375 0.40555555625000006 0.04765625 0.5291666671875 0.04453125 0.540277778125 0.0484375 0.5486111109375 0.0828125 0.58194444375 0.1109375 0.6388888890625 0.23671875 0.8416666671874999 0.25625 0.8638888890624999 0.2734375 0.9 0.275 0.9138888890624999 0.2796875 0.91805555625 0.28984375 0.909722221875 0.29609375 0.8958333328125001 0.47421875 0.6638888890625 0.58359375 0.527777778125 0.596875 0.5041666671875 0.6296875 0.477777778125 0.4671875 0.0111111109375 0.46015625 0 0.44765625 0
5 0.18046875 0.6625 0.21171875 0.6833333328125 0.24296875 0.640277778125 0.240625 0.6263888890625 0.2359375 0.625 0.23125 0.6111111109375 0.21953125 0.6083333328125 0.2140625 0.5916666671875 0.21796875 0.565277778125 0.21953125 0.5083333328124999 0.2359375 0.4888888890625 0.2390625 0.47222222187499996 0.24921875 0.46666666718750005 0.25234375 0.4 0.24609375 0.397222221875 0.24375 0.3888888890625 0.22578125 0.3958333328125 0.21328125 0.39027777812500003 0.20625 0.3763888890625 0.20078125 0.3763888890625 0.16328125 0.427777778125 0.1578125 0.475 0.15078125 0.49583333281249997 0.12421875 0.49444444374999996 0.11328125 0.5097222218749999 0.11328125 0.54305555625 0.16640625 0.640277778125 0.17578125 0.65 0.18046875 0.6625
7 0.2953125 0.775 0.31640625 0.7597222218749999 0.33984375 0.7361111109375 0.33203125 0.7291666671875 0.33046875 0.7111111109375 0.34375 0.7 0.3328125 0.6972222218749999 0.3244140625 0.687847221875 0.29921875 0.64444444375 0.27890625 0.65 0.26640625 0.684722221875 0.253125 0.6861111109375 0.2453125 0.7 0.25 0.7166666671875 0.28671875 0.775 0.2953125 0.775
9 0.43203125 0.50555555625 0.446875 0.49583333281249997 0.4625 0.46527777812500004 0.4703125 0.4388888890625 0.4703125 0.415277778125 0.4625 0.375 0.45078125 0.3458333328125 0.4390625 0.3291666671875 0.4265625 0.32083333281250004 0.40625 0.32083333281250004 0.384375 0.3361111109375 0.3765625 0.35555555625 0.37578125 0.38055555625 0.36953125 0.40277777812500004 0.3703125 0.447222221875 0.384375 0.490277778125 0.4171875 0.5069444437499999 0.43203125 0.50555555625
0 0.24375 0.6138888890625 0.25859375 0.61944444375 0.271875 0.6111111109375 0.2703125 0.597222221875 0.28984375 0.5722222218749999 0.384375 0.525 0.38984375 0.5138888890625 0.38046875 0.49444444374999996 0.34453125 0.5041666671875 0.25546875 0.50555555625 0.23125 0.5 0.2203125 0.5125 0.21953125 0.5541666671875001 0.2265625 0.5861111109375 0.2421875 0.5986111109375 0.24375 0.6138888890625
1 0.2671875 0.56805555625 0.2671875 0.5513888890625 0.25859375 0.5375 0.2453125 0.5361111109375 0.23515625 0.5513888890625 0.234375 0.5666666671875 0.24609375 0.584722221875 0.259375 0.5833333328125 0.2671875 0.56805555625
11 0.3390625 0.73055555625 0.3453125 0.73055555625 0.35078125 0.7208333328125 0.35234375 0.7083333328125 0.34296875 0.6986111109375 0.340625 0.6986111109375 0.33515625 0.702777778125 0.33203125 0.7111111109375 0.33203125 0.7208333328125 0.3390625 0.73055555625
11 0.24765625 0.6944444437499999 0.25078125 0.684722221875 0.24453125 0.6791666671875001 0.240625 0.66944444375 0.23984375 0.66944444375 0.234375 0.6791666671875001 0.23515625 0.6888888890625 0.23984375 0.6944444437499999 0.24765625 0.6944444437499999
11 0.39609375 0.4458333328125 0.39140625 0.440277778125 0.38671875 0.440277778125 0.38203125 0.45416666718750004 0.3921875 0.46527777812500004 0.396875 0.45277777812500003 0.39609375 0.4458333328125
11 0.4203125 0.490277778125 0.4234375 0.48333333281249996 0.4234375 0.475 0.41953125 0.47083333281249995 0.415625 0.47083333281249995 0.4125 0.47361111093749997 0.41171875 0.48333333281249996 0.415625 0.490277778125 0.4203125 0.490277778125
11 0.453125 0.4513888890625 0.4484375 0.4458333328125 0.4453125 0.4458333328125 0.44296875 0.447222221875 0.44296875 0.4611111109375 0.45078125 0.46527777812500004 0.453125 0.4513888890625
11 0.45546875 0.3958333328125 0.4515625 0.39027777812500003 0.446875 0.39027777812500003 0.44609375 0.40555555625000006 0.45234375 0.40833333281249995 0.45546875 0.40416666718750005 0.45546875 0.3958333328125
11 0.39797578125 0.40402222187500003 0.4003 0.393125 0.39713046875 0.3867375 0.38973515625 0.3818513890625 0.3893125 0.382602778125 0.38508671875 0.3889916671875 0.38698828125 0.403647221875 0.3922703125 0.40778055625 0.39797578125 0.40402222187500003
11 0.4224859375 0.3803486109375 0.42988125000000005 0.3686986109375 0.43030390625 0.36644444374999996 0.42650078125 0.358177778125 0.42550546875000006 0.3575736109375 0.4180484375 0.35629861093750004 0.41466796875 0.364565278125 0.4178375 0.3788458328125 0.4224859375 0.3803486109375
8 0.39423828125 0.6434583328125 0.42337109375 0.64228055625 0.44323515625 0.6387486109375 0.4753484375 0.6187291671875 0.49256328125 0.6034208328124999 0.51209609375 0.57398194375 0.52765546875 0.5327666671875 0.54785078125 0.47565555625 0.5564578124999999 0.43502916718750007 0.56440390625 0.359665278125 0.55976875 0.32080555624999996 0.543878125 0.277825 0.5263312499999999 0.23660972187499998 0.51143359375 0.21011527812500003 0.48859062499999995 0.17773194375 0.47038203125000005 0.1565361109375 0.42204687500000004 0.147115278125 0.38099531249999996 0.144759721875 0.3435859375 0.1594791671875 0.3161078125 0.1900958328125 0.302203125 0.2201236109375 0.28531875 0.25780555625 0.2717453125 0.3160958328125 0.2638 0.371440278125 0.2611515625 0.41913194374999996 0.26479296875 0.46859027812500004 0.27075234375 0.49390694375 0.274725 0.509215278125 0.30286484375 0.5716263890625 0.31180390625 0.598122221875 0.33067421874999997 0.623440278125 0.3704015625 0.635215278125 0.39423828125 0.6434583328125
11 0.13359375 0.5458333328125 0.13828125 0.5416666671875 0.13984375 0.525 0.1375 0.5166666671875 0.13125 0.5111111109375 0.12890625 0.5111111109375 0.125 0.515277778125 0.121875 0.534722221875 0.12265625 0.540277778125 0.13359375 0.5458333328125