2 0.51676240625 0 0.49538092499999997 0.01718250625 0.3107422 0.19460838125 0.165859421875 0.323111575 0.0565326078125 0.43178395937499997 0.0512846703125 0.44228380625 0.05347726093750001 0.451137746875 0.0806332515625 0.4894906875 0.09702040625 0.55021699375 0.180505434375 0.7704766234375 0.1952898 0.7955149265625 0.2050463796875 0.8339228046875 0.2038489328125 0.8479042890624999 0.20762646562499998 0.8527595968749999 0.21922309687500002 0.8461085328125 0.228081221875 0.8333508703125 0.4483287171875 0.6318507875 0.582328125 0.5143644390625 0.5999915671875 0.49309251249999997 0.6373526234375 0.47213279531249996 0.571790275 0 0.51676240625 0
5 0.2664612375 0.401543315625 0.28262750312499996 0.3360965921875 0.2770448765625 0.332370190625 0.2763844234375 0.3237610125 0.25740007187499997 0.32781458125 0.2462348171875 0.32036178125000003 0.2420697890625 0.30552362187500004 0.2367073140625 0.304666946875 0.18983660156249998 0.349618465625 0.175193546875 0.3954666359375 0.1642045640625 0.41497027500000006 0.138431215625 0.409435609375 0.1247037234375 0.42283265156249994 0.118152728125 0.4558007796875 0.1511382671875 0.5602797984375 0.158420375 0.5713640890625 0.1605601578125 0.5844614296875 0.1871084984375 0.6099617921875 0.22621291875 0.5722732500000001 0.22664429687499998 0.558169384375 0.22232084687500003 0.5560614187499999 0.22045402187500002 0.54159040625 0.2095089203125 0.5370073296875 0.20742194375 0.5196665921875 0.216438490625 0.49417873593749995 0.2291619125 0.43810295000000005 0.249070753125 0.42144156875 0.25541052343750004 0.405447034375 0.2664612375 0.401543315625
7 0.21677391875000002 0.6317082890625 0.218094828125 0.6489266453125 0.242635771875 0.7123728265625 0.25106251875 0.7137190296875 0.2747488921875 0.7019129562499999 0.30237121718750004 0.6822319984375 0.2960753296875 0.67413981875 0.2980916515625 0.6560373187499999 0.313298471875 0.6471284390625 0.3031194359375 0.6426677453125 0.296726675 0.6320798515625 0.28055093124999997 0.5852057796875 0.25954133281249997 0.58751853125 0.2404602921875 0.619902215625 0.2271641796875 0.6191953906250001 0.21677391875000002 0.6317082890625
9 0.407487640625 0.3362015640625 0.3969917671875 0.3572012578125 0.389023171875 0.401281140625 0.39435068906250004 0.4460678484375 0.423250040625 0.4676919625 0.4380782890625 0.4686435515625 0.4545442859375 0.46135310937499996 0.4758707234375 0.43357996875 0.488717609375 0.4087040234375 0.4933578984375 0.3853516015625 0.4936130078125 0.3442912921875 0.4878541125 0.31360845 0.47963859375 0.29528865625 0.46901925625 0.2850885078125 0.4491014921875 0.281906571875 0.4246490515625 0.293590265625 0.4131669578125 0.31159785 0.407487640625 0.3362015640625
0 0.22015429062499997 0.48343412656250007 0.2207708640625 0.51613001875 0.233635596875 0.530940709375 0.2321651921875 0.546295865625 0.2456286484375 0.5541158125 0.2602895515625 0.547954278125 0.2614869984375 0.5339727953125 0.2855519421875 0.512306253125 0.3875267328125 0.480409646875 0.395072875 0.470276946875 0.38970147499999996 0.44957695312499996 0.3525516453125 0.4535630796875 0.2649469515625 0.44098518750000004 0.2422906796875 0.43169665156250003 0.22910910625 0.4423463484375 0.22015429062499997 0.48343412656250007
1 0.23602156562499998 0.4831344234375 0.23225295625000003 0.49812243437500003 0.24019551875 0.5178159015625 0.2534916296875 0.5185227234374999 0.2641548484375 0.5046361562499999 0.2674303484375 0.48815209218750005 0.2617331828125 0.47306916875000005 0.24898298749999997 0.469615 0.23602156562499998 0.4831344234375
11 0.3200874671875 0.6567166734375001 0.3128053609375 0.645632384375 0.3105071578125 0.6452652390625 0.3043258078125 0.6485295796874999 0.2996237859375 0.65628208125 0.2977130796875 0.6658977859374999 0.3026969828125 0.6766149296874999 0.308825525 0.6775939875 0.3160987078125 0.66883495625 0.3200874671875 0.6567166734375001
11 0.21741652500000003 0.6006308296875 0.210143340625 0.6093898609374999 0.20899870156250003 0.6191279453125 0.21250327656249998 0.625356925 0.22016395625000001 0.626580746875 0.22513893437500002 0.617454571875 0.22010222499999998 0.610980828125 0.21818259375000001 0.6007532125 0.21741652500000003 0.6006308296875
11 0.41457637031249994 0.403946078125 0.41107179687500006 0.3977171 0.4064753890625 0.39698280625 0.3991494 0.40998523281250004 0.40692461562500004 0.42256557656249993 0.4139776484375 0.4109368203125 0.41457637031249994 0.403946078125
11 0.4288148203125 0.43173172656250003 0.42520463125 0.43398954375 0.42252785625 0.4434828640625 0.42499340312499995 0.45096313437499996 0.4295898109375 0.45169742812499997 0.4340188734375 0.44531859531249995 0.4356566234375 0.43707656562499997 0.432645159375 0.4323436375 0.4288148203125 0.43173172656250003
11 0.4694074921875 0.4183746640625 0.46590291875 0.41214568281249997 0.46283864531249996 0.41165615468750005 0.4602674859375 0.4126626796875 0.457537903125 0.4263993984375 0.46437970625 0.43174423749999996 0.4694074921875 0.4183746640625
11 0.48262402499999996 0.36379493125 0.4798855171875 0.3576883359375 0.47528910937499996 0.35695404218750004 0.4715205015625 0.3719420515625 0.477103128125 0.3756684515625 0.48098627499999996 0.3720369640625 0.48262402499999996 0.36379493125
11 0.42035359687499996 0.3403460140625 0.414954328125 0.346002940625 0.41393868281249996 0.360795803125 0.41830574374999996 0.365711278125 0.4246389625 0.362887878125 0.42905964531249996 0.3524741359375 0.42720704062500003 0.3456601140625 0.420915709375 0.3396690671875 0.42035359687499996 0.3403460140625
11 0.460762203125 0.3212606703125 0.4537006609375 0.3188315015625 0.4487612375 0.32647805 0.44906261875000003 0.3410986484375 0.45332538125 0.3433131359375 0.462866553125 0.33294924375 0.463724009375 0.3307859828125 0.4616194375 0.3220141328125 0.460762203125 0.3212606703125
8 0.583401646875 0.21741635937499998 0.57400045 0.1888784890625 0.5579656843749999 0.153271621875 0.54427655625 0.12945565312500001 0.49873217812500004 0.112566378125 0.4589413140625 0.10380593593750001 0.41936610781250006 0.11250396562500001 0.386404878125 0.1384807640625 0.3668690453125 0.16600139375 0.3429071578125 0.2006255640625 0.3181417125 0.25615093437500003 0.29947396249999997 0.3096443875 0.287504153125 0.35639865625 0.28135475312499997 0.4058855390625 0.2822228375 0.43185836093749996 0.283109746875 0.4476212859375 0.2984370953125 0.513756690625 0.3019952203125 0.541362528125 0.3155230671875 0.5693592125 0.3521642453125 0.5872284578125 0.3739177359375 0.5991152015625001 0.402715875 0.6025139578125 0.4228880484375 0.6021323984375 0.45831168906249997 0.587362809375 0.4782005390625 0.5749188875 0.503139390625 0.548862334375 0.5264964328125 0.5105359859374999 0.5575233296875 0.45721417343750004 0.5739474 0.4183811796875 0.596550334375 0.3450877421875 0.5996423515625 0.30592768124999997 0.5925074953125 0.2609287765625 0.583401646875 0.21741635937499998
11 0.14708703750000002 0.4334948578125 0.1420503265625 0.4270211125 0.13975212343750001 0.4266539671875 0.1351029078125 0.430163071875 0.1282172234375 0.44890495 0.1278914578125 0.45452201875 0.13752457499999998 0.4617300578125 0.14293985781250002 0.45834333593750004 0.147747490625 0.4421040359375 0.14708703750000002 0.4334948578125