2 0.3237394703125 0.47981484375 0.627374353125 0.5115012250000001 0.633072865625 0.499639128125 0.621020215625 0.120382696875 0.6178835109375 0.11375180625 0.59843796875 0.10902714218750001 0.2997855015625 0.079557409375 0.2945711125 0.0955614296875 0.3049595765625 0.30567235 0.3132804234375 0.3970670703125 0.3147832234375 0.45707010625000005 0.3182729328125 0.47345626875 0.3237394703125 0.47981484375
5 0.36053267031249997 0.255792153125 0.36565628437500003 0.21880617500000002 0.3774063109375 0.204837253125 0.3980520703125 0.19962510312499998 0.40307482656250004 0.17524645156250002 0.3966501265625 0.127014740625 0.38963036562500003 0.1208377109375 0.380472403125 0.12330762656250001 0.3496600984375 0.1493011390625 0.33098108437499996 0.17807498593749999 0.3290546921875 0.23567982656250003 0.3325746609375 0.259059975 0.35392643281249997 0.2733583640625 0.36053267031249997 0.255792153125
0 0.4084405203125 0.3019741875 0.44784598750000004 0.3225594296875 0.46469946406249996 0.33878309687499997 0.47822460624999996 0.3400012421875 0.47036771718750003 0.319927015625 0.415510703125 0.24796663749999998 0.3903162140625 0.2075268171875 0.37662969999999996 0.20492802812500002 0.3624792390625 0.23877057812500002 0.36299362031250004 0.2499064921875 0.38676600156249996 0.2849145171875 0.401551875 0.290183815625 0.4084405203125 0.3019741875
1 0.37538914375 0.241460140625 0.3784249890625 0.2606983625 0.3879359578125 0.2679837140625 0.39741666875 0.26827508437500003 0.40279243124999997 0.2536517046875 0.399917959375 0.2357941234375 0.3916374640625 0.225565940625 0.38014966875 0.2283081765625 0.37538914375 0.241460140625
7 0.40851113124999994 0.3901347109375 0.39495573125 0.381922578125 0.38832931875 0.358905521875 0.349629865625 0.3578308203125 0.3462611890625 0.369420596875 0.3464729984375 0.41837849218749995 0.3532607859375 0.4427761921875 0.35995779843750003 0.44619193749999997 0.3812187953125 0.43950836875 0.409691184375 0.44737645937500004 0.40851113124999994 0.3901347109375
11 0.39680144375 0.3775083328125 0.40119888281250005 0.38819037968750003 0.40786563593749997 0.3846121390625 0.40515253749999997 0.3681352046875 0.39971625781250003 0.3687706140625 0.39680144375 0.3775083328125
11 0.35019468125 0.41654398593749997 0.34695711875 0.42252042031250003 0.3491860953125 0.4348554296875 0.3529380375 0.44001490781249997 0.35759770468749996 0.439470271875 0.3590904109375 0.42530075624999997 0.3559537078125 0.4186698609375 0.3509712921875 0.4164532125 0.35019468125 0.41654398593749997
11 0.427835615625 0.151359765625 0.4340485078125 0.15063358437500002 0.43790130468750005 0.14318573437499998 0.43738692500000004 0.132049821875 0.432535625 0.12421983125 0.42709934374999997 0.12485524218749999 0.42356929374999996 0.135064375 0.427835615625 0.151359765625
11 0.5866173421875 0.1425973734375 0.58214930625 0.15151663906249999 0.5843782828124999 0.163851646875 0.5900061953125 0.1715908671875 0.5960577109375 0.1694840421875 0.5995877625 0.1592749078125 0.5967435484375 0.1484113125 0.5912770109375 0.1420527375 0.5866173421875 0.1425973734375
11 0.6105712999999999 0.43509297656249996 0.6150998515625 0.44016168125000005 0.62115136875 0.43805485624999996 0.6239048078125 0.42793649531250005 0.6176313999999999 0.41467470781250004 0.61374834375 0.41512857187499996 0.609764428125 0.4281897640625 0.6105712999999999 0.43509297656249996
10 0.608080090625 0.433984653125 0.6155637984375 0.40372034218749997 0.6217060765625 0.3148336375 0.617318721875 0.2705623078125 0.6002534359375 0.20538074375 0.6039852 0.16995695625 0.594706203125 0.14445093125 0.58629459375 0.1398360890625 0.5824417953125 0.147283940625 0.570500134375 0.15287823125 0.5594056859375 0.138780440625 0.53009616875 0.117015153125 0.51048925 0.1109098453125 0.487806146875 0.112161615625 0.42143109218749997 0.1437113203125 0.4201905359375 0.1802434359375 0.4207654328125 0.20536731874999997 0.43590431250000006 0.22039188906249998 0.448360353125 0.22593350937499998 0.4612399984375 0.221629084375 0.47884991250000003 0.1971787109375 0.49807356406250003 0.18653476093750002 0.5220174015625 0.189334146875 0.5494509484375001 0.20851969375 0.5680795390625 0.239930428125 0.579910259375 0.28053274687499996 0.5804750765625 0.3392459109375 0.56858385 0.39241745781250004 0.571357465625 0.4228823640625 0.576239025 0.43770633906249995 0.5867182359374999 0.45327554687499994 0.608080090625 0.433984653125
9 0.5171762078125 0.3634385390625 0.5368839796875 0.35693651875 0.5478271390625 0.3360643859375 0.5505503203125001 0.31895203906249997 0.5487146890625 0.289777003125 0.5416344109375 0.269612003125 0.5319318109375 0.2539520234375 0.516500440625 0.2431601515625 0.49462420625 0.2513151328125 0.48568813437499997 0.26915366406249996 0.481895853125 0.2905894828125 0.48925853906250005 0.34011106406249997 0.501613721875 0.3582600125 0.5171762078125 0.3634385390625
11 0.497207146875 0.2685980046875 0.493633021875 0.2708463125 0.49356970312500004 0.27751115312499997 0.497272384375 0.283569275 0.5009722109375 0.2848008375 0.5035128484375 0.2785126 0.5023563234374999 0.271823796875 0.5010762062499999 0.27047595 0.497207146875 0.2685980046875
11 0.4994998703125 0.3114361578125 0.4974199828125 0.3088494609375 0.49497402968750004 0.3071382609375 0.49078435468750004 0.3081275859375 0.49020571874999996 0.31518574374999997 0.49368876093749997 0.32176915781250004 0.49626553749999996 0.3237981515625 0.49915855625 0.322127678125 0.5005411750000001 0.3171391828125 0.4994998703125 0.3114361578125
11 0.5168567859375 0.3390321328125 0.5148999046875 0.3351001328125 0.5131805078125 0.334802878125 0.5093063265625 0.3360870109375 0.508555021875 0.34166788124999997 0.5102957 0.34695607968750003 0.5138918859375 0.3496986234375 0.516622875 0.3490463359375 0.5181711250000001 0.3438719390625 0.5168567859375 0.3390321328125
11 0.5376949828125 0.3347659453125 0.5377113312499999 0.330103684375 0.5369771203125 0.3270280203125 0.5347700109375 0.3249558203125 0.5329507015625 0.3232245546875 0.5301886390624999 0.3249916828125 0.527841559375 0.3289285203125 0.5292972015624999 0.336580209375 0.53180780625 0.3404474890625 0.5354465828125 0.340355259375 0.5376949828125 0.3347659453125
11 0.5410384015624999 0.300922803125 0.541840278125 0.2941716359375 0.540452725 0.2895069265625 0.538394865625 0.287916903125 0.53611814375 0.2868520859375 0.5337602609375 0.28829206875 0.5323634 0.2899528078125 0.5321728578125 0.297132146875 0.534875334375 0.302641009375 0.53872175 0.3035237546875 0.5410384015624999 0.300922803125
10 0.52238904375 0.27347649218750003 0.5242331328125001 0.2684354578125 0.523169021875 0.2617358515625 0.521573246875 0.26009181875 0.5179238296875 0.2576885765625 0.5146609828125001 0.259400878125 0.5141293171875 0.2644564515625 0.5148777703125 0.270859871875 0.5170152671875 0.2739394546875 0.5195308328125 0.27464327499999996 0.52238904375 0.27347649218750003
8 0.47935032343749995 0.4642100296875 0.48813878125 0.4699746 0.49963910624999996 0.47853329687499996 0.5124751203125 0.4835406765625 0.529406165625 0.4841088203125 0.5420075640625 0.48574842656249995 0.5502604921875001 0.484216996875 0.55822693125 0.48158825624999996 0.5751140609375 0.47225723906250006 0.582996484375 0.46482822031250004 0.5863799984375 0.45566205000000004 0.58479791875 0.453017171875 0.579770690625 0.44539947656249995 0.5742936624999999 0.43528725625 0.5700465453125 0.4193716875 0.5683826187500001 0.40513588125 0.5685151765625001 0.39946079375 0.5708864218749999 0.381640846875 0.5727350062500001 0.366144990625 0.576746021875 0.3569054765625 0.5804959328125 0.34543208124999997 0.582808871875 0.3284670515625 0.5816377890625 0.30483615 0.5789234999999999 0.2802534203125 0.577971090625 0.2707445484375 0.5724689671875 0.25497566875 0.5642734765624999 0.23386339843749998 0.5595808250000001 0.22365949999999998 0.551369390625 0.21330148750000003 0.5428249296875001 0.20552949687500002 0.534632153125 0.1994126015625 0.522941578125 0.190593440625 0.515741471875 0.188887915625 0.5063653218749999 0.184891034375 0.4997726671875 0.18566160468749998 0.4888310921875 0.1900529890625 0.48476254687500003 0.19335833125 0.4796284703125 0.1970709171875 0.47345990625 0.20146981562500002 0.46606770624999994 0.21308623125 0.459029359375 0.2195670921875 0.44993846875 0.2234594625 0.44192688437500005 0.2229809859375 0.43476781718749996 0.2161778640625 0.42849185937499995 0.2101210234375 0.42478560625000006 0.2029143296875 0.42174449843749995 0.20411928437500002 0.4188704828125 0.2149235 0.41739751406250003 0.222735559375 0.413569859375 0.2308228421875 0.4130644671875 0.237389609375 0.4125855609375 0.24282248125 0.41334085781249996 0.30781255 0.41233773906250004 0.31556969218750003 0.4155595890625 0.3267950046875 0.417041546875 0.3353924828125 0.41907830781250005 0.348736609375 0.422561096875 0.3621944171875 0.425370465625 0.3726184421875 0.4288788046875 0.38494106562499997 0.4325051453125 0.39555229999999997 0.43874711718750004 0.4081208078125 0.443369075 0.416352671875 0.446420725 0.42476807968749997 0.45027741875 0.430540890625 0.4578870609375 0.43983844375 0.4640457921875 0.44760658593749997 0.47171435468749995 0.4560477515625 0.47935032343749995 0.4642100296875