2 0.8105609749999999 0.7062222765625 0.757660359375 0.20556528125 0.7514483937499999 0.159504628125 0.7456834046874999 0.1454338828125 0.2482696609375 0.1240091203125 0.15064723124999999 0.6800692484375 0.151778453125 0.7148596656249999 0.1805981671875 0.7629684375 0.1928071609375 0.7716654843749999 0.2254741578125 0.776786896875 0.641196159375 0.7861025734375 0.72928340625 0.79422685 0.763022659375 0.7910376625 0.781573421875 0.7748938328125 0.8086641999999999 0.738143990625 0.8105609749999999 0.7062222765625
5 0.735685546875 0.6108935171875001 0.7397753359375 0.5609617124999999 0.735131103125 0.537191478125 0.7382456375 0.49279249687500004 0.7351101718749999 0.4482116609375 0.695067184375 0.4303629265625 0.6837416765625 0.44115578906249997 0.6793556484375001 0.47717597187500005 0.6542691125 0.5237162328125 0.6135038421875 0.5489457875 0.59368681875 0.5789557734375 0.6029857484375001 0.670986153125 0.617538490625 0.6797513953125 0.631600990625 0.680160571875 0.712738290625 0.6185676203125 0.72328778125 0.6299969796875 0.735685546875 0.6108935171875001
10 0.2852937109375 0.3850725328125 0.3054882765625 0.29946152812500004 0.3250627953125 0.2763959859375 0.329648059375 0.2570652015625 0.3289585796875 0.2320197375 0.32128635 0.20538079531250003 0.3079998671875 0.182749396875 0.294325375 0.1712291078125 0.28338787499999996 0.170910859375 0.2679621125 0.1871456171875 0.2568410734375 0.2368728328125 0.24644231875 0.2435217609375 0.24654455312499998 0.26298893749999996 0.2183434828125 0.353928178125 0.21054144843749997 0.3981907671875 0.208164896875 0.46624632187500004 0.21883232187499999 0.5638777203124999 0.20448404843749998 0.59404683125 0.20683303125000002 0.61635998125 0.2633792703125 0.6319083109375 0.2841387453125 0.664489253125 0.326185975 0.692128403125 0.35401996874999997 0.7012800921875 0.4347312234375 0.6966770484375 0.49316900468749997 0.6580587109375 0.5192897624999999 0.6490866453125 0.5249472843749999 0.6214452609375 0.5440367921875 0.6122686078124999 0.5514612828125001 0.6236070390624999 0.5562457843749999 0.6209656546875 0.5620868453125001 0.5432788046875 0.5435741171874999 0.5135438359375 0.5275558765625 0.5019553515624999 0.507976125 0.5027759390625001 0.5046571203125 0.5082405671875 0.499382375 0.5025258874999999 0.48327236406249996 0.5159601359375 0.46438209375 0.5418261875 0.44109532968750004 0.5592225125 0.424301071875 0.5698562500000001 0.392027315625 0.57586868125 0.3486168234375 0.5648734640625 0.32727533593749997 0.5489591890625001 0.30568610937499996 0.517744403125 0.28662940312499996 0.45879730468749996 0.2852937109375 0.3850725328125
9 0.4480519140625 0.44959121875 0.45585918124999997 0.427573584375 0.4613712 0.4040988671875 0.462389721875 0.3749322 0.4566680015625 0.3372276109375 0.44025651874999994 0.31450528437499997 0.42653352499999997 0.304373884375 0.398554028125 0.2993888640625 0.3787802734375 0.30576500625 0.3533974984375 0.338393646875 0.343785225 0.367310259375 0.3405199546875 0.393630953125 0.3446791765625 0.43129007656249996 0.364414896875 0.47079273125 0.385756384375 0.4867070078125 0.40919388437500004 0.48738896875000004 0.42833189374999997 0.476823428125 0.4480519140625 0.44959121875
11 0.693554590625 0.2273350953125 0.6848638390625 0.22986282187499998 0.6806665828125 0.23808249531249998 0.680327075 0.24780471718750002 0.688532815625 0.25916588125 0.6991740765625 0.2455725078125 0.7019058359375 0.23452959375 0.693554590625 0.2273350953125
11 0.5959677734375 0.3120845171875 0.6046637578125 0.33180174687499997 0.6144267671875 0.32096342031249997 0.615596025 0.3098750421875 0.6104182812500001 0.30138258281249997 0.6010432812500001 0.3011097984375 0.5959677734375 0.3120845171875
11 0.5478565046874999 0.6596499546875 0.551757521875 0.637518659375 0.54750653125 0.6248822671875 0.5344192859375 0.6189402687500001 0.5263157796875 0.6270462796875 0.5232930140625001 0.6464225296875 0.5275440046875 0.659058921875 0.5366765 0.6662761500000001 0.5478565046874999 0.6596499546875
11 0.23515726875 0.633867734375 0.23813153125 0.6158803749999999 0.23314779218749998 0.6018323609375 0.22304004375000003 0.6001479562500001 0.207517278125 0.6191604921875 0.2099632640625 0.6386958640625 0.216800509375 0.6444560078125 0.226956759375 0.644751525 0.23515726875 0.633867734375
11 0.263576084375 0.2231658 0.2640610953125 0.20927691093749998 0.2541958515625 0.2006480625 0.2470676 0.20322125 0.2402840875 0.21831717187500002 0.24072582968749998 0.22806212499999998 0.24673332499999998 0.235188428125 0.2561568265625 0.2340723234375 0.263576084375 0.2231658
0 0.46306350468749996 0.3332428 0.48235748125000005 0.3630005 0.5472169296875 0.43162212499999997 0.572518403125 0.46850612500000005 0.617744365625 0.5170922703125 0.648945865625 0.5193904421875 0.6570978734375 0.509895540625 0.6657296578125 0.46426679374999996 0.6568344359375 0.42786016718750003 0.6486771953125 0.41511011406250004 0.4965602515625 0.33699805625 0.46306350468749996 0.3332428
1 0.604151178125 0.43605934218750003 0.5996144140624999 0.4540012375 0.602696146875 0.47772600781249996 0.6100721359375 0.490453328125 0.6200343828125 0.4963044015625 0.6421518875000001 0.489996453125 0.64971665 0.47492326562500004 0.6503956640624999 0.4554788203125 0.646974425 0.4414762703125 0.6334454375 0.425789315625 0.6131329375 0.42519828281249994 0.604151178125 0.43605934218750003
11 0.41261813125 0.34584065625 0.419760021875 0.3431232734375 0.42412797500000005 0.3323893421875 0.41718830625000003 0.3192381640625 0.4093717078125 0.3210989546875 0.40666049375 0.331464 0.40808545937499996 0.341113828125 0.4123983546875 0.34541578125 0.41261813125 0.34584065625
11 0.3731070359375 0.3371708671875 0.36921525 0.3443692171875 0.3686959265625 0.352499875 0.3711393453125 0.35988116875 0.375921725 0.3641981734375 0.378473234375 0.361765703125 0.377835540625 0.363208353125 0.3820947640625 0.358947278125 0.38439533593749997 0.350241425 0.3834247125 0.3376810171875 0.37729281875 0.3316536046875 0.3731070359375 0.3371708671875
11 0.35779437812500003 0.3956281609375 0.35558189218749997 0.4051707578125 0.35721876875 0.41211149375 0.359177465625 0.41655488281249997 0.3631082296875 0.418340396875 0.36643713437500003 0.4171832078125 0.3698382484375 0.410598996875 0.37058408125 0.39934119375 0.3686472078125 0.39427280468750003 0.364480696875 0.38913815 0.35779437812500003 0.3956281609375
11 0.3976308328125 0.4487956296875 0.3974892171875 0.43939169062500005 0.39553779375000003 0.4347399671875 0.3920030734375 0.43171331718749995 0.3892973609375 0.43184313437500005 0.38264078281249997 0.4408407203125 0.38144748281249996 0.44811619687500004 0.3827241484375 0.4519127171875 0.38643572656249997 0.45661565312499997 0.387344859375 0.45747767812499995 0.390402915625 0.45735811249999997 0.39310862812499997 0.457228296875 0.3951469078125 0.456033553125 0.3976308328125 0.4487956296875
11 0.4365706953125 0.4300863 0.4357993953125 0.4219180890625 0.433114965625 0.41807921875 0.4298807828125 0.41652390937500006 0.4240217015625 0.416143490625 0.42172840312500004 0.42464101249999997 0.42263949843750004 0.43218765625 0.4247445328125 0.4357997328125 0.4270701734375 0.43983531875 0.4278621171875 0.44069393124999995 0.42902182499999997 0.44089729375 0.432386284375 0.438945884375 0.43435757031250005 0.4362879875 0.4365706953125 0.4300863
11 0.44730894374999997 0.3748381890625 0.44716059531249996 0.36898626874999996 0.44567870468750004 0.3643482078125 0.44366825 0.36136451875 0.43846219218750004 0.3591248078125 0.4354411515625 0.3615436140625 0.4324876953125 0.3687678765625 0.4316896578125 0.37480219375 0.43391330000000006 0.3817586125 0.4349177453125 0.383250434375 0.43776469531249995 0.384271725 0.442529709375 0.38389039999999996 0.446055925 0.3804421765625 0.44730894374999997 0.3748381890625
7 0.7052780624999999 0.2961137375 0.70420638125 0.25372845312500003 0.70372435625 0.23505937968750001 0.6641980796875 0.238447221875 0.6249180921875 0.2347822875 0.6025254859375 0.23463540625 0.5956617875 0.25258745312499997 0.5961318999999999 0.2959632015625 0.5972344609375 0.32120559531250004 0.603910334375 0.332997728125 0.6230028359374999 0.321607803125 0.6586572640624999 0.31593426406249997 0.6943783640625 0.3159656734375 0.7052780624999999 0.2961137375