2 0.3309012203125 0.43617023593750004 0.6271712578125 0.49067787812499997 0.63446519375 0.4792866328125 0.6753121328125 0.100415403125 0.673128796875 0.0935702859375 0.65453004375 0.087393296875 0.3628854359375 0.0354709859375 0.3554944640625 0.051026571875 0.3365400390625 0.26120434531250003 0.332060221875 0.352915259375 0.32519758906249996 0.41282683750000004 0.32637282343749996 0.4294205625 0.3309012203125 0.43617023593750004
5 0.39851428125 0.215691209375 0.4087354859375 0.179218478125 0.4223152609375 0.16618459218749998 0.4434854875 0.1625493421875 0.4518522171875 0.1386332609375 0.45220259843750005 0.090081115625 0.44611082968750004 0.083395075 0.4366982453125 0.08516497656250001 0.40256820624999995 0.1087428640625 0.3800664296875 0.1360078546875 0.370141740625 0.19327046718750002 0.370373565625 0.216836575 0.3895275921875 0.232698540625 0.39851428125 0.215691209375
0 0.4395285984375 0.2653333484375 0.4756856625 0.28882404687499996 0.490117225 0.30626501875 0.50334120625 0.30850037812500003 0.49835457187500004 0.287901390625 0.4540463734375 0.21204417968749997 0.4347252109375 0.16983988125 0.42153357343750003 0.1662164078125 0.402810853125 0.198874771875 0.4017704078125 0.2100114953125 0.42043926249999997 0.2466951578125 0.43434789531250007 0.25306304062499996 0.4395285984375 0.2653333484375
1 0.415220803125 0.20253006093749998 0.41554966249999997 0.2219318296875 0.4239541453125 0.2299105359375 0.43330203906250003 0.2309168609375 0.44066066875 0.2167493875 0.44029946249999996 0.19873573125 0.43352304375 0.1879171671875 0.42176539843749994 0.1897825171875 0.415220803125 0.20253006093749998
7 0.42732895 0.3531980828125 0.4150483796875 0.3439903421875 0.4116898078125 0.320551496875 0.3735165453125 0.3165580140625 0.3685676671875 0.3278538125 0.361963790625 0.376660484375 0.3652900171875 0.4014874421875 0.37144647656249996 0.4053972578125 0.3934307359375 0.4003420765625 0.42053100624999995 0.4103334328125 0.42732895 0.3531980828125
11 0.41749047343749995 0.3397305546875 0.42035846093749996 0.350708196875 0.42745832968749997 0.3476456296875 0.4270647796875 0.3310200890625 0.4215929734375 0.33124279843750004 0.41749047343749995 0.3397305546875
11 0.36590456875 0.3751132921875 0.36186675625000003 0.3808248234375 0.36235734062499997 0.393286028125 0.3653547078125 0.3987112171875 0.370044828125 0.3985203234375 0.373495021875 0.384511928125 0.37131168593749997 0.377666809375 0.36668625625 0.3750814765625 0.36590456875 0.3751132921875
11 0.47969641875 0.1166980140625 0.4859499109375 0.1164434875 0.4908017546875 0.10931202656250001 0.49184219999999995 0.09817530625000001 0.4881278359375 0.09000570625 0.4826560296875 0.090228415625 0.47773949687500006 0.1001361015625 0.47969641875 0.1166980140625
11 0.6381523812500001 0.11995621406250001 0.63248650625 0.128507603125 0.6329770890625 0.1409688046875 0.6374731406249999 0.1491065921875 0.6437589781249999 0.1474639515625 0.6486755109375 0.137556265625 0.6473708968749999 0.126514990625 0.6428425015625 0.11976531875 0.6381523812500001 0.11995621406250001
11 0.6211656999999999 0.41326169999999995 0.6249447531250001 0.41865507187500006 0.631230590625 0.41701243281249994 0.6353654375 0.40713656406250004 0.6309987671874999 0.393446325 0.627090334375 0.3936054046875 0.621327425 0.4063211328125 0.6211656999999999 0.41326169999999995
10 0.6188529843749999 0.4119690328125 0.6304758390625 0.3823732359375 0.6489289796875 0.29425397656249996 0.6507457 0.2498025390625 0.6429180125 0.1835548953125 0.6515434984375 0.1485339078125 0.64590455625 0.12241428437499999 0.6382170703125001 0.1171799875 0.6333652265625 0.1243114484375 0.6207612078125 0.1289848390625 0.6117367609375 0.11409738437500001 0.585741625 0.0901930796875 0.5671752156250001 0.08262797656250001 0.5445386484375 0.0821625203125 0.47441868125 0.1085920421875 0.4681059109375 0.144905696875 0.46517864375 0.1699871828125 0.47807917812499995 0.18610367187500002 0.48964275312499994 0.192567003125 0.5029961140625 0.1892499078125 0.5238374828125 0.1662128890625 0.544355403125 0.1570570015625 0.5676766203125 0.1616549828125 0.5921730734375 0.18284668906249998 0.60624884375 0.21555690625 0.612313678125 0.2569139609375 0.604701703125 0.31546924062500004 0.5855261546875 0.3675611890625 0.5840328828125 0.39813149531250003 0.5868038359375001 0.4132734765625 0.59501425 0.42958086093750003 0.6188529843749999 0.4119690328125
9 0.53865189375 0.33479911875 0.559072778125 0.32980757031249996 0.572814278125 0.30983311874999997 0.577892534375 0.292984865625 0.58013515 0.263770859375 0.575930203125 0.2431400546875 0.5685014734375 0.2268008546875 0.55472221875 0.2148805203125 0.531923928125 0.2213556265625 0.520592178125 0.23845840468750001 0.5138535140625 0.259534628125 0.5142524734375 0.309443071875 0.5239615734374999 0.3284630515625 0.53865189375 0.33479911875
11 0.532076421875 0.238774521875 0.528224175 0.24074524218749999 0.5272339046875001 0.24738253906250002 0.5300574265625 0.2536995828125 0.533549846875 0.2552063375 0.5369409125 0.2491314375 0.5367265437500001 0.24237814218749998 0.5356464671875 0.2409382328125 0.532076421875 0.238774521875
11 0.5283849140625 0.281639496875 0.5266852671875 0.27890456874999997 0.524501271875 0.277014503125 0.5202146812499999 0.27768405937499996 0.5186593703125 0.2846744109375 0.5211922812500001 0.29149836875 0.5234616015625 0.29371502031249996 0.5265589484375 0.2922687234375 0.528622378125 0.287401678125 0.5283849140625 0.281639496875
11 0.54173229375 0.3104519515625 0.5403416875 0.3063856046875 0.53868039375 0.30595952187500003 0.5346652 0.306946703125 0.5331444984375 0.312451775 0.5341322625 0.3178533609375 0.5373117625 0.3208581109375 0.5401069546875 0.3204142859375 0.542360271875 0.31537448125 0.54173229375 0.3104519515625
11 0.5629614359375 0.307773965625 0.5636264859375 0.3031288640625 0.5633274687500001 0.30000825937500003 0.5614302343750001 0.29777646562500004 0.5598695765625 0.2959137234375 0.55688845625 0.29746623437499997 0.5540163171875 0.30121238125 0.5543928828125 0.3089478625 0.5563408328125 0.3129915234375 0.559957034375 0.313174396875 0.5629614359375 0.307773965625
11 0.570982371875 0.27429890156250003 0.5727160234374999 0.2676313484375 0.571991178125 0.2628777875 0.5701746328125 0.26113779375 0.5680682609375001 0.2599046828125 0.56553291875 0.26116168906250004 0.563918521875 0.26271126875 0.5627306640625 0.2698516953125 0.5646401546875001 0.275545825 0.5683262828125 0.276716025 0.570982371875 0.27429890156250003
10 0.5563342953125 0.2455379984375 0.5588620140625 0.2406534421875 0.558740665625 0.233896359375 0.557389225 0.232137434375 0.554109790625 0.2294668109375 0.550640390625 0.2309268625 0.5494102984375 0.23592502031249998 0.5492602843750001 0.242363090625 0.550948384375 0.2455935703125 0.553341515625 0.24648495312500002 0.5563342953125 0.2455379984375
8 0.48716944843750004 0.43236993124999995 0.49507010312500005 0.43877848750000004 0.5052673671875 0.44817641718749995 0.5172815703125 0.45413602812500004 0.5339687750000001 0.45598080625000004 0.546219346875 0.45856642656249996 0.554605090625 0.45766346249999995 0.5628598515625 0.4556452984375 0.5808812640625 0.44762141250000004 0.5897208968750001 0.4408130234375 0.5943471640625 0.431933671875 0.5931485796875 0.429178353125 0.5892304546875 0.4212070359375 0.585214078125 0.41071574999999994 0.5832233109375 0.3945338109375 0.58355681875 0.38022097499999996 0.58447790625 0.37457528125 0.5893061312500001 0.3569952703125 0.5932933328125001 0.3416919390625 0.5985512046875 0.33278688125 0.6038614109375 0.32163585625 0.6085129171875 0.30490343593749997 0.610642015625 0.2812648109375 0.6113753953125001 0.256561071875 0.6117556343749999 0.24701275625000002 0.6085016640625 0.23088223281250003 0.6033241890625 0.20922317812500002 0.600097315625 0.198699759375 0.59340735 0.187757025 0.5860276953125 0.1793663328125 0.5787659578125 0.1726516375 0.56841654375 0.162979765625 0.561523871875 0.1607363390625 0.5527952296875001 0.156045053125 0.5461594921875 0.1563151359375 0.5347132359375 0.15986525000000001 0.53022426875 0.162852059375 0.5246234656250001 0.1661642578125 0.5179027265625 0.17008230156249998 0.5089657734374999 0.18110080625 0.5010939624999999 0.18702801875 0.49154982968749994 0.19022058125000002 0.48368280468749997 0.18913872812500002 0.4775402203125 0.1818182171875 0.47216828906249997 0.1753081234375 0.46950108437500004 0.167846159375 0.4663218734375 0.16881734375 0.46197217031250004 0.179367621875 0.45942630781249993 0.187041765625 0.4545103734375 0.1948123734375 0.45309598125 0.201318546875 0.4518656265625 0.206696696875 0.44356870312499996 0.2715218265625 0.44149576250000006 0.2791767203125 0.4431239953125 0.29060699375 0.44339499375 0.2992870203125 0.4435547890625 0.31273937812499997 0.4451307203125 0.3264142296875 0.446462003125 0.337014803125 0.4482212203125 0.3495602765625 0.450335475 0.360409115625 0.4547675 0.3734060671875 0.4581988234375 0.3819588515625 0.4600495765625 0.3905759640625 0.46306531562500003 0.396620303125 0.4693069328125 0.4064607546875 0.4743246109375 0.41466744999999994 0.48074376250000006 0.4236588890625 0.48716944843750004 0.43236993124999995