2 0.4199204515625 0.8536116453125 0.4528086 0.8565263 0.7278319765625 0.8459630359375 0.7670834156249999 0.8398834656249999 0.770265059375 0.8353863531249999 0.7719558375 0.5468138109375 0.7297689734375 0.5461402765625001 0.437202784375 0.5658276125 0.42813249999999997 0.57524111875 0.4199204515625 0.8536116453125
5 0.4872615953125 0.8231597453124999 0.5037320015625 0.8278164468749999 0.5157377125 0.8251560453125 0.5501551296875 0.8286346968749999 0.5665728734375 0.8268926515624999 0.5757136093749999 0.8054552890625001 0.543475878125 0.799236440625 0.521714590625 0.7897931921875 0.5137345 0.7670033234375 0.5033811671875 0.7646026140625 0.5052093140625 0.7603151421875001 0.49891647343749995 0.7572855125 0.452721775 0.763639646875 0.4485908328125 0.7762924234375 0.46270578125000006 0.7829156828125 0.4673284546875 0.809429025 0.493150234375 0.8182433515625 0.4872615953125 0.8231597453124999
10 0.7221397171875 0.586564240625 0.7086751875 0.5766367890625 0.7069174890625 0.5689004062499999 0.6930309703125 0.5694495328125 0.6879158578125 0.5654366234375 0.646080534375 0.5663103656249999 0.639436153125 0.561733459375 0.627905090625 0.5603160296875 0.5904817984374999 0.562108128125 0.5289239734375 0.5748461390624999 0.5061429390625001 0.5855824109375 0.49649268593749996 0.58627625625 0.48255350625000004 0.5804266359375 0.474959828125 0.5840053921874999 0.4789498734375 0.595400328125 0.44201831093750005 0.6363585484375001 0.43351020937499996 0.6729143203125 0.43772868281250005 0.6914816390625 0.45723983281249997 0.715688940625 0.45852288281250003 0.7275031546874999 0.4724620640625 0.7333527765625 0.4640421953125 0.7394620875 0.48033683125 0.74334515 0.5045766828125 0.7451967328125 0.51876208125 0.7397961359375 0.5325432796875 0.7264495140625 0.533439915625 0.7118951015625 0.502397703125 0.686270371875 0.49429450468749997 0.6691056125 0.5026794984375 0.6381749484375 0.526058290625 0.6177357359375 0.5510190125000001 0.60425926875 0.6036296609375 0.595309653125 0.6407540734375 0.598369025 0.654517484375 0.6034450078125 0.6641677375 0.6027511624999999 0.6692828515625 0.6067640703125 0.711241284375 0.6002652187499999 0.7221397171875 0.586564240625
9 0.5950681906249999 0.687133234375 0.6101324375 0.6856008296875 0.6320872828125 0.6773951125 0.6460442515625 0.6648221296875 0.6511771515625 0.650412434375 0.647714415625 0.641338415625 0.6357791546875 0.6319749609375 0.6174279406250001 0.6252069859375 0.593539628125 0.6249026796875 0.56952820625 0.630223484375 0.559579071875 0.6357687984375 0.547801790625 0.6456015859375 0.542844659375 0.66078491875 0.546658934375 0.6714062140625 0.5585941953125 0.6807696703125 0.575240371875 0.686200009375 0.5950681906249999 0.687133234375
0 0.550946446875 0.8012827921874999 0.5653602734375001 0.8030545796874999 0.5717762234375 0.8004591015625 0.5873855671875 0.7828250078125001 0.59599899375 0.75906673125 0.604594628125 0.75373105625 0.6146846625 0.7241380281249999 0.6321221546875 0.7022164625 0.635848896875 0.6816176609375 0.618657625 0.6922890109375001 0.5698961234375 0.7366812703125001 0.5425799453125 0.752124296875 0.520027340625 0.7700329546875 0.516845696875 0.7745300671875001 0.521714590625 0.7897931921875 0.5346518109375 0.7973997296875 0.550946446875 0.8012827921874999
1 0.550138046875 0.7853907437500001 0.5640245640625 0.7848416171875 0.5756260765625 0.7742351921874999 0.573692609375 0.76572516875 0.55839993125 0.760085190625 0.547571946875 0.7617623124999999 0.535794665625 0.7715951 0.537728134375 0.7801051218749999 0.550138046875 0.7853907437500001
11 0.728043325 0.8098914687500001 0.7295199296875 0.8040567203125001 0.72440481875 0.8000438109375001 0.7123991078125 0.8027042124999999 0.7158618437500001 0.8117782328125 0.728043325 0.8098914687500001
11 0.6788434578125 0.7598497984375 0.6759080296875 0.75309669375 0.667435503125 0.752807259375 0.6611953234375 0.7561763765625 0.6656600171875 0.763493478125 0.6788434578125 0.7598497984375
11 0.47298937187499995 0.735673690625 0.47005394687499996 0.7289205859375001 0.45970061093750003 0.7265198765624999 0.448573746875 0.7330484703125 0.44980413593749996 0.7384639390625 0.45762624687500003 0.7420575671874999 0.46845422968749995 0.74038044375 0.47298937187499995 0.735673690625
11 0.4695458375 0.5848439546875001 0.46042289218750004 0.5878587140625 0.4586474046875 0.598544934375 0.47524091874999996 0.5975765265625 0.4799518296875 0.5936434109375 0.477192175 0.5876639453125 0.4695458375 0.5848439546875001
11 0.70892140625 0.565386571875 0.710573784375 0.5603254609375 0.7041051734375 0.5565221921875 0.6868612390625 0.56079479375 0.6942087 0.5684662546875 0.70892140625 0.565386571875
7 0.7318690796875 0.748113778125 0.6839304359375 0.7460766953125 0.661994325 0.7515773984375 0.6509032515625 0.76107565625 0.66709421875 0.765927 0.6618846953124999 0.78187420625 0.6626059328125 0.8158280015624999 0.7070549203125001 0.8154624171875 0.7074108906250001 0.8154072812500001 0.7281964078125001 0.8161833625 0.730054609375 0.79844234375 0.7318690796875 0.748113778125
8 0.6931637828125 0.60691255 0.67866574375 0.6078967625 0.65408065625 0.6049758421875 0.6256217703125 0.5963457296875 0.6019635562500001 0.5926509703125 0.568900309375 0.597772065625 0.5396960078124999 0.6069212421875 0.525405265625 0.6169150875 0.5128587609374999 0.6281107578125 0.5013884078124999 0.645658771875 0.4959216296875 0.657229865625 0.49884235937500004 0.6717071671875 0.5047319734375 0.684673090625 0.515567025 0.6983458125 0.5257426203125 0.70749409375 0.53416754375 0.72027795625 0.5347345421874999 0.724395465625 0.5302602703125 0.7322377796875 0.528196125 0.7409689546875 0.541866634375 0.747683475 0.551940359375 0.74990805625 0.5721075671875 0.7512003578125 0.596357796875 0.75101934375 0.6072207374999999 0.7513461718750001 0.622863440625 0.7494366593749999 0.6434839828125 0.7462427890625001 0.6653740421875 0.7405393921875 0.684697240625 0.73649493125 0.7087254953125 0.7256239421874999 0.727935028125 0.712975796875 0.74128304375 0.7020764328125 0.7510320765625 0.691524684375 0.75916443125 0.6738634078125 0.7617645937499999 0.65453468125 0.7614765359375 0.6354442796875001 0.753897546875 0.6118050359375 0.7371811265625 0.5916841359375 0.7237267265625 0.5843050625 0.717040384375 0.5937521593749999 0.6931637828125 0.60691255
11 0.622128675 0.6597232749999999 0.6259256093750001 0.6620415093750001 0.6333259250000001 0.6618298968749999 0.6384189734375 0.6586536734374999 0.637958246875 0.6534313296875001 0.6319325140625 0.6524962296875 0.626583853125 0.6537395187499999 0.6228502140625001 0.6564977625 0.622128675 0.6597232749999999
11 0.6168371359375 0.6356312281250001 0.615309446875 0.6369057671875 0.61291868125 0.6399749765625 0.6128806531250001 0.6406031375000001 0.6136349625 0.6415242218749999 0.6178431515625 0.6432597953125 0.623628628125 0.6415340031250001 0.6260257109375 0.6392943109375 0.62585979375 0.6377623296875 0.622924925 0.6360377578125 0.6168371359375 0.6356312281250001
11 0.5889245140625 0.6335188203125 0.5842085921875 0.6343525703124999 0.5822241203125 0.6360093953125 0.5784386375 0.63773775 0.5789170828125 0.63984359375 0.5807307328125 0.6414310953125 0.5877182609375 0.6418015765625 0.5945427671875 0.638253859375 0.5949932296875 0.6370420578125 0.5929744609375 0.6345517203125 0.5889245140625 0.6335188203125
11 0.5586198734375001 0.6504610390625001 0.55700863125 0.652163365625 0.5559822375000001 0.6556443203125 0.5587426796875 0.6573967109375001 0.5653556265625 0.6577219000000001 0.5686248125 0.6545166359375 0.5711915328125 0.651420171875 0.5684310890625001 0.6496677828124999 0.562786434375 0.649608265625 0.5586198734375001 0.6504610390625001
11 0.570783984375 0.6688179765625 0.5682487968750001 0.6704559875 0.5661567453125 0.6724410109375001 0.5724077359375 0.6767665125 0.5780247515625 0.6758965046875 0.5810104015625 0.673046690625 0.582195040625 0.670268409375 0.5802509625 0.6689085328125 0.5765072250000001 0.6676199781250001 0.570783984375 0.6688179765625
11 0.6125073375000001 0.6757459640625 0.6144626390625 0.67315905 0.6127565734375 0.67124335 0.6091192375000001 0.6696275796875 0.6032984515625001 0.6695945437499999 0.6004734125 0.6707584890625 0.59884716875 0.6731903234375001 0.600011546875 0.6759163078125 0.5999039671874999 0.67624450625 0.6011621125 0.6769842421875001 0.6041590375 0.6781802421875 0.6088129015625 0.6778750640625 0.6125073375000001 0.6757459640625