2 0.836168928125 0.575647028125 0.850679725 0.5675768062500001 0.684098296875 0.3795775609375 0.66872475 0.37988879062500003 0.18072630781250001 0.5387932859375 0.1733838796875 0.548344378125 0.17450545625 0.55843106875 0.2971261328125 0.741593971875 0.32338239999999996 0.738376015625 0.836168928125 0.575647028125
5 0.3969942921875 0.5185793624999999 0.393022625 0.508055503125 0.362016703125 0.5063502640624999 0.3570945 0.49987526875 0.35009868125 0.4999462 0.2450705921875 0.5379855375 0.22675916875 0.5496674578125 0.23461623281250002 0.5699392750000001 0.2676034671875 0.6146577093750001 0.28668985937499997 0.6225426406250001 0.2979176796875 0.6227395109375 0.3288388328125 0.6110850953125 0.3303947984375 0.5998837734375 0.3214131453125 0.5946927750000001 0.31934254218749997 0.576071190625 0.340333015625 0.5506908859374999 0.3908597171875 0.5389930421875 0.3969942921875 0.5185793624999999
0 0.38929923125 0.5879456328125 0.545541209375 0.5695831578125 0.5210134578125001 0.5631515890625 0.41832233125 0.5592214328125 0.35277019374999996 0.549166590625 0.33903738125 0.55163615 0.3126055484375 0.5784698203125 0.32124059374999997 0.5931409765625 0.35526915937500003 0.5968351828125 0.38929923125 0.5879456328125
1 0.34248989218750003 0.5700883703125 0.344907103125 0.5792297953125 0.3606257515625 0.5820221625 0.371594746875 0.579891334375 0.3791959984375 0.57266794375 0.370992328125 0.561876284375 0.35155932968750003 0.5634715109374999 0.34248989218750003 0.5700883703125
9 0.527146525 0.5553216640625 0.5594465734375 0.5686653953125 0.6063452 0.562131046875 0.6299254328125 0.5474439656250001 0.64158764375 0.5263528203125001 0.6233670171875 0.5010593703125 0.5919297203125 0.495474634375 0.5763836234374999 0.494234065625 0.5407990921875 0.5017411828125 0.5266333953125 0.5129150015625 0.5185992609375 0.528842653125 0.527146525 0.5553216640625
7 0.396888425 0.681392284375 0.4209863109375 0.6713606000000001 0.417792625 0.65523608125 0.3932678859375 0.6236370015625 0.386099515625 0.6221561343750001 0.3346237859375 0.6253190859375 0.3298726265625 0.6329796437499999 0.31259801249999997 0.6413885984375 0.339626234375 0.6829050015625 0.34696715624999996 0.6859376687500001 0.396888425 0.681392284375
11 0.32520925 0.6288323453125 0.3113038859375 0.6297501078125001 0.310784728125 0.6376784671875 0.3233944578125 0.637705971875 0.32520925 0.6288323453125
11 0.4193470828125 0.6566185124999999 0.4135591140625 0.6675520359375 0.42219566875 0.6696394359375 0.430314571875 0.667071440625 0.4321293640625 0.658197815625 0.4193470828125 0.6566185124999999
11 0.2361737046875 0.5461541953125 0.23271817968750003 0.5528694890625 0.24023165 0.557453953125 0.25534637187500003 0.5548150265625 0.251460978125 0.5450670671875 0.2361737046875 0.5461541953125
11 0.5369265000000001 0.54447536875 0.541817075 0.54387598125 0.54670903125 0.5404042265625 0.5466499328125 0.5370005359375 0.5453955171875 0.5341468015624999 0.5417396828125 0.5331147171875 0.5337926484375 0.5335499671874999 0.529433784375 0.536059021875 0.5281524328125 0.5389089484375 0.5313157859375 0.5429192078125 0.5369265000000001 0.54447536875
11 0.5729425546875 0.5489743578125 0.568617409375 0.5475917421875 0.5588743046875 0.550581371875 0.5538458640624999 0.5542491703125 0.5625017328124999 0.558752609375 0.5675794375 0.5584000484375 0.57191863125 0.5557140875 0.5746698484375 0.5516969921875 0.5729425546875 0.5489743578125
11 0.614616809375 0.5407429078125 0.6105733812499999 0.5380516796875 0.6032073203125 0.5394035359375 0.5986613281250001 0.543101865625 0.5985923984375 0.549662421875 0.6040835328124999 0.5515918703125 0.6116663124999999 0.547880771875 0.6142908796875 0.542712071875 0.614616809375 0.5407429078125
11 0.62702860625 0.5160632328125 0.6227161265625 0.514933096875 0.61299269375 0.5166635312500001 0.611562171875 0.5210567109375 0.61533876875 0.5248124953125 0.6203474546875001 0.526711415625 0.627042640625 0.5236470484375 0.6280779359374999 0.5214564562499999 0.62702860625 0.5160632328125
11 0.581688465625 0.5083829718749999 0.5818656765625 0.50997666875 0.58205280625 0.51022349375 0.587278128125 0.512634596875 0.5935498796875 0.511506515625 0.5974249109375 0.5089671015625 0.59977245 0.5056278734374999 0.5992309890625 0.5021944281249999 0.593689121875 0.499821334375 0.587625553125 0.5013729765625 0.5815014203125 0.5052647218749999 0.581688465625 0.5083829718749999
11 0.5527262625 0.5197414578124999 0.55531994375 0.5186158703125 0.55866871875 0.5155007640625 0.5573917453125 0.5127968671875001 0.554305778125 0.5109312734375 0.5474628906250001 0.5112312 0.543607528125 0.5139475203125 0.5432812359375 0.5167700515625 0.546258928125 0.5190979921875 0.5527262625 0.5197414578124999
8 0.748656465625 0.4787004078125 0.7316013671875 0.4642920390625 0.7125028265625 0.4518258171875 0.6870594265625 0.43654225 0.6575017796875 0.4350881375 0.6252709953125 0.433326959375 0.5814687578125 0.4325616390625 0.5487493 0.43657172187500004 0.51784160625 0.4433208265625 0.48849135625000006 0.4538979296875 0.46230113125 0.4623960375 0.4496817390625 0.4709234015625 0.43252947031250005 0.48613922968749995 0.4187474796875 0.5011543453125 0.4088215796875 0.5203504234375 0.3968509421875 0.5414895937499999 0.398266371875 0.554218996875 0.4081180640625 0.5870878890625 0.42419240625 0.5975763453125 0.4424323265625 0.6124741874999999 0.46360060000000003 0.6198208328125 0.521924128125 0.6359405375 0.56319434375 0.6342666703125001 0.601816009375 0.6324942874999999 0.6402744171875 0.6258775765625 0.6692311046875 0.6151371484375 0.6906111125 0.6040559453125 0.7115961796875 0.5928115843749999 0.7349531734375 0.5757767140625 0.7484799625 0.5584664874999999 0.758871325 0.533290434375 0.76103585625 0.515468709375 0.7599230265625 0.49868333906249995 0.748656465625 0.4787004078125