2 0.6158474140625 1 0.6282617765625 0.9479396875000001 0.6681049953125 0.7065457312500001 0.6713242312500001 0.682957346875 0.66673096875 0.659323509375 0.3816011875 0.4438119921875 0.37469117500000004 0.4479377515625 0.296230171875 0.7849241453125 0.293549709375 0.8001837437500001 0.2962571734375 0.812697378125 0.2924721609375 0.8168413203125 0.3014296234375 0.8293913171874999 0.529676215625 0.995969015625 0.536972865625 1 0.6158474140625 1
5 0.6103332625 0.8686821171875 0.6091612984375 0.8284043390625 0.5930109359375 0.8102578796875 0.5843767734374999 0.8088189953124999 0.5768471609375 0.818495765625 0.5768741609375 0.8462689984375 0.572712025 0.86429728125 0.5458936375000001 0.8821937562500001 0.5232912109375001 0.8570664921875 0.5153978859375 0.8542432625 0.49589363750000004 0.881902865625 0.49501815000000005 0.9055048859375001 0.5042585015625 0.9277771046875 0.5047838640625 0.9458326609375 0.583380403125 0.9893381890624999 0.590910015625 0.9796614187499999 0.6103332625 0.8686821171875
0 0.5395628125 0.8793796171875 0.548978225 0.8808230484375 0.57341245 0.8615240484375001 0.5756887859375001 0.8323755640625 0.568630534375 0.8045614249999999 0.527453171875 0.7584962875000001 0.49528709531250004 0.6999856906249999 0.48098211874999997 0.6915705453125 0.5305379359375 0.8376674984375001 0.5395628125 0.8793796171875
1 0.5456645734375 0.8474760781249999 0.5550395734375 0.8475306203124999 0.5587437609375 0.8406089031249999 0.5525879984375 0.8169659749999999 0.5447350859375 0.815531634375 0.5395896359375 0.8266109296874999 0.5456645734375 0.8474760781249999
9 0.45542975625000004 0.6455963109375 0.44284893125 0.6427458109375 0.41603054375 0.6606422843749999 0.40968630624999997 0.6842124890625 0.4073695578125 0.7119720859374999 0.417876109375 0.7509155171875 0.42761482187500005 0.763470059375 0.440276471875 0.7690983375 0.458783996875 0.7608740875 0.4715802953125 0.744284690625 0.47788412031250005 0.719325596875 0.47892125781250006 0.70127913125 0.47083928124999996 0.6651271140625 0.45542975625000004 0.6455963109375
11 0.58670675625 0.6741331328125 0.58474013125 0.660235153125 0.57622720625 0.662962934375 0.5774125812500001 0.67685636875 0.58670675625 0.6741331328125
11 0.605564759375 0.7853351484375 0.597671434375 0.78251191875 0.5954893343750001 0.7880538390625 0.596593884375 0.7991694953125 0.605928471875 0.7978351484374999 0.605564759375 0.7853351484375
7 0.61774128125 0.693754840625 0.60303218125 0.6714508046875001 0.58786513125 0.660253334375 0.5875284187500001 0.6755265671874999 0.57737216875 0.6754674796875 0.5776820578125 0.7129629343749999 0.5697349078125 0.735135159375 0.5692365453125 0.7448528375000001 0.587973134375 0.771346265625 0.594250134375 0.799155859375 0.6038271984375 0.806154846875 0.610912271875 0.7812002984374999 0.6208528703125 0.720157365625 0.6212704078125 0.7076619109375 0.61774128125 0.693754840625
8 0.358237453125 0.5869337546875 0.343113359375 0.630849425 0.33899995625 0.6614786390625 0.33057333906249997 0.7158162390625 0.3347207203125 0.76281019375 0.3460106890625 0.8068795375000001 0.3582931421875 0.827716921875 0.379325390625 0.8530544609374999 0.3920050578125 0.8684561875 0.41088897500000005 0.8868587890624999 0.431330540625 0.891922709375 0.44943275156249995 0.893016746875 0.4760537859375 0.8906998203125 0.49698909531249996 0.8745049359375001 0.5100665734375001 0.8557939203125 0.5203930953125 0.8380542359375 0.5267970953125001 0.8193030078125 0.5386236796875 0.7862454765625 0.5422911921875 0.7689627984375 0.541039490625 0.766803103125 0.5446687890625 0.7551331421875 0.545876153125 0.71064214375 0.54641705 0.681473840625 0.543506915625 0.648330575 0.52982891875 0.6082022234375 0.519785109375 0.5878736109375 0.505484628125 0.56455268125 0.4892372296875 0.5412190359375 0.4718014859375 0.524802303125 0.45348343125 0.5162902125 0.43192940625 0.51122120625 0.414891759375 0.5180431359375001 0.4032232875 0.5278638531250001 0.380356271875 0.544541859375 0.368889215625 0.5612847999999999 0.358237453125 0.5869337546875
11 0.43969827031250003 0.6670803015625 0.44171232343750005 0.66921249375 0.44485841718749997 0.669230796875 0.4467041125 0.665576878125 0.44794025312499997 0.659604525 0.445106196875 0.6516796546875 0.44477562031250006 0.651486096875 0.438768728125 0.653764646875 0.43744084687499996 0.6603155328125 0.43969827031250003 0.6670803015625
11 0.4211995671875 0.6687084953125 0.41764598125 0.6733162046875 0.41743886406249997 0.677365703125 0.41837225624999996 0.6833506765624999 0.419507146875 0.685093096875 0.421065178125 0.6864519328124999 0.422377975 0.6868456171874999 0.4254847875 0.6855139203125 0.4279195140625 0.6797415640625 0.4267745515625 0.6739483828124999 0.424173371875 0.6702685921875 0.4211995671875 0.6687084953125
11 0.45975673125 0.6743332890625 0.4579663890625 0.679916371875 0.458557928125 0.6853202875 0.4603143890625 0.68976725625 0.461997084375 0.6917058843749999 0.4639550453125 0.6919102984375 0.46496139062499997 0.6917314625000001 0.46615456875000005 0.6892221640625 0.4671518734375 0.6824777203125 0.46556208281250006 0.6762959046875 0.46168098906250005 0.6733793703125001 0.45975673125 0.6743332890625
11 0.45965988593749996 0.7306551359375 0.4612403859375 0.73278619375 0.4634601359375 0.7340683359375 0.465973721875 0.7314625703125001 0.466622775 0.723944009375 0.46484950156249993 0.7189192640625001 0.46068834531249997 0.7175452828125 0.4591283296875 0.7198497046875 0.4589941984375 0.7264075359375 0.45965988593749996 0.7306551359375
11 0.43881240468750005 0.7484724765624999 0.4399312234375 0.7496357359375 0.44279280156249995 0.7529226625 0.4470100515625 0.7506406453125 0.44764229375 0.7425443046875 0.445657409375 0.7377099640625 0.4421414171875 0.7361467125 0.438150565625 0.736894196875 0.43760452812499995 0.744221725 0.43881240468750005 0.7484724765624999
11 0.41704255625000003 0.72712719375 0.419702596875 0.7290715109375 0.42295092500000003 0.7288987734375 0.42562332343750003 0.7275631609375 0.4257001984375 0.7227422031249999 0.4244542046875 0.7134768 0.419642228125 0.7120976437500001 0.415791728125 0.7176687390625001 0.41482445468750007 0.721713815625 0.41704255625000003 0.72712719375
11 0.5856163265625 0.9588008140625 0.5815484265624999 0.9532225328124999 0.5769013390625 0.95458415 0.5746788265625 0.9587371812500001 0.575365840625 0.9823482921875 0.585562503125 0.9837962687499999 0.5892666906249999 0.97687455 0.5856163265625 0.9588008140625