2 0.50390625 0.8041666671875 0.70078125 0.702777778125 0.70078125 0.6763888890625 0.6015625 0.15 0.5953125 0.134722221875 0.38828125 0.2791666671875 0.38671875 0.29444444375 0.48515625 0.7958333328125 0.49375 0.8041666671875 0.50390625 0.8041666671875
5 0.4921875 0.73194444375 0.5015625 0.7513888890625 0.52265625 0.7458333328125 0.57109375 0.7180555562500001 0.58125 0.7 0.5828125 0.6888888890625 0.575 0.6569444437499999 0.5640625 0.6541666671875 0.5578125 0.6625 0.5390625 0.6625 0.51640625 0.6388888890625 0.5109375 0.5875 0.49140625 0.5791666671875 0.48046875 0.58194444375 0.475 0.6125 0.46796875 0.6166666671875001 0.4671875 0.6236111109375 0.4921875 0.73194444375
0 0.540625 0.66944444375 0.55625 0.6625 0.5640625 0.6291666671875 0.559375 0.5944444437499999 0.56015625 0.4375 0.55078125 0.4611111109375 0.534375 0.5625 0.51640625 0.6263888890625 0.5171875 0.640277778125 0.540625 0.66944444375
1 0.55 0.622222221875 0.54921875 0.6111111109375 0.54296875 0.602777778125 0.53125 0.609722221875 0.53046875 0.6291666671875 0.5359375 0.6388888890625 0.5453125 0.6375 0.55 0.622222221875
9 0.51640625 0.459722221875 0.54375 0.45416666718750004 0.5609375 0.4236111109375 0.56015625 0.3763888890625 0.5484375 0.3513888890625 0.52890625 0.3375 0.5015625 0.352777778125 0.4921875 0.38333333281250004 0.4890625 0.3986111109375 0.4921875 0.434722221875 0.5015625 0.45 0.51640625 0.459722221875
7 0.64765625 0.6541666671875 0.6515625 0.647222221875 0.653125 0.597222221875 0.64609375 0.5722222218749999 0.6296875 0.5736111109375 0.5953125 0.5944444437499999 0.59296875 0.6013888890625 0.58984375 0.652777778125 0.596875 0.6583333328125 0.603125 0.6763888890625 0.64765625 0.6541666671875
11 0.5921875 0.6625 0.59140625 0.6763888890625 0.59921875 0.6777777781250001 0.60078125 0.665277778125 0.5921875 0.6625
11 0.64296875 0.5625 0.634375 0.559722221875 0.63125 0.5722222218749999 0.64140625 0.5791666671875 0.64453125 0.5708333328124999 0.64296875 0.5625
11 0.51015625 0.7236111109375 0.5 0.7263888890625 0.49921875 0.7416666671875001 0.50546875 0.7458333328125 0.5109375 0.7388888890625 0.51015625 0.7236111109375
11 0.52756875 0.451359721875 0.5319375 0.448665278125 0.53416640625 0.4432736109375 0.53416640625 0.4383583328125 0.53131328125 0.433125 0.527925 0.43280833281250003 0.5249375 0.4337375 0.5234671875 0.4372486109375 0.52293203125 0.4451763890625 0.52489375 0.449775 0.52756875 0.451359721875
11 0.5514625 0.41948888906250004 0.55173046875 0.414415278125 0.549590625 0.4098166671875 0.54593515625 0.4066458328125 0.5430203125 0.4080583328125 0.5411203125 0.41219444375 0.5429039062500001 0.422184721875 0.54593515625 0.42757500000000004 0.5514625 0.41948888906250004
11 0.5468265625 0.3827013890625 0.5494117187499999 0.37746944375 0.5466484375 0.3695416671875 0.5418335937500001 0.36636944374999997 0.5399171875000001 0.36582916718749997 0.5367515625 0.3695416671875 0.53719765625 0.37699444375 0.5403179687499999 0.381909721875 0.5468265625 0.3827013890625
11 0.52418046875 0.36335694375 0.5266765625 0.3586 0.52444765625 0.3516236109375 0.52239765625 0.35035555625 0.5169125 0.3508013890625 0.51526484375 0.35495277812500003 0.5158 0.364784721875 0.51998984375 0.3666875 0.52418046875 0.36335694375
11 0.50064296875 0.394752778125 0.50376328125 0.3949111109375 0.50536796875 0.3949111109375 0.5056359375 0.394752778125 0.5086671875000001 0.3898375 0.50831015625 0.38349444374999997 0.506259375 0.379372221875 0.5032281249999999 0.3766763890625 0.4997515625 0.376834721875 0.49671953125 0.38206805625 0.49752265625 0.3882513890625 0.50064296875 0.394752778125
11 0.5046546875 0.4332833328125 0.50741875 0.43391805625 0.51009375 0.431222221875 0.5115203125 0.42488055625000004 0.5107179687500001 0.422184721875 0.5080312499999999 0.4185208328125 0.50518984375 0.41948888906250004 0.5029609374999999 0.42234305625 0.50242578125 0.42916111093750003 0.5046546875 0.4332833328125
8 0.62319765625 0.4682333328125 0.626559375 0.427127778125 0.62950078125 0.3886375 0.62761015625 0.349775 0.62046640625 0.3198791671875 0.6120617187499999 0.2974583328125 0.603446875 0.27541111093750004 0.58936875 0.2503736109375 0.5738203125 0.23505277812499997 0.5500765624999999 0.22197361093749998 0.53263671875 0.2178625 0.5158273437500001 0.217115278125 0.49460546875 0.22608333281249998 0.47821640624999995 0.24140555625000001 0.46350781249999995 0.25896805624999997 0.44522812500000003 0.2825111109375 0.44018515625 0.3116583328125 0.43451171874999994 0.343422221875 0.42841874999999996 0.38676944375 0.42841874999999996 0.4196541671875 0.43136015624999996 0.45104444375 0.43829375 0.48131250000000003 0.443546875 0.5082180562499999 0.45048125 0.5216708328124999 0.46350781249999995 0.54035555625 0.4767453125 0.5556763890624999 0.49460546875 0.567634721875 0.514146875 0.581834721875 0.5269640625 0.581834721875 0.5608140625 0.575690278125 0.57318984375 0.5609083328125 0.5902093749999999 0.544465278125 0.600084375 0.5242861109375 0.62319765625 0.4682333328125