10 1 0.292898834375 0.989377890625 0.28705874374999996 0.9387942578124999 0.26710775 0.9283466140625001 0.252304434375 0.921480525 0.25026132031250004 0.9004459703125001 0.2534841421875 0.8799204218750001 0.24579610624999998 0.8723210124999999 0.22962786406250002 0.8119928671875 0.239490096875 0.793515684375 0.24758276875 0.7831105640625 0.261712171875 0.7860376828125 0.28850061875 0.7925038359375 0.2991165484375 0.820919653125 0.31673805 0.8444388671875 0.319943771875 0.90890010625 0.3408636046875 0.9561628484375 0.372311034375 0.9858271625 0.4228588734375 0.9844092109375 0.453253403125 0.9751737015625 0.4721557734375 0.9575752734374999 0.49125618437499996 0.9288020453125 0.51114021875 0.8947322765625 0.5251812874999999 0.8482817375 0.5360123609375 0.8105213390625 0.53963126875 0.7186746312500001 0.538692353125 0.6760965140625 0.556048853125 0.6672245828125 0.5671577531249999 0.6663156390625 0.586641425 0.6842474546874999 0.5902389578125 0.715547865625 0.6057161875 0.7247895421874999 0.6165258859375 0.7278559234374999 0.6104848781250001 0.7419516765624999 0.6067776359375 0.7586411625 0.607160896875 0.7722642640624999 0.613585165625 0.7766093328125 0.6099790828125 0.91362789375 0.5976520015625 0.96431443125 0.5855528859375 1 0.5720487484375 1 0.292898834375
9 0.8043515734375 0.3734408828125 0.755670878125 0.37238798281249996 0.7205042140625 0.38009739374999996 0.6905250109375001 0.395987809375 0.6786594140625 0.411579021875 0.6761082046875 0.4364212390625 0.6891132265625 0.4560944046875 0.7174926875 0.4744952546875 0.749047603125 0.4845170546875 0.8003947468750001 0.48810176250000004 0.8312890578125 0.4824397421875 0.865358825 0.468398671875 0.8845995171875 0.443939715625 0.8830601609375 0.41724815312499997 0.8672796187499999 0.39738121875 0.8374033234375 0.38122152656249997 0.8043515734375 0.3734408828125
5 0.7965031875 0.2133883875 0.8618308421875 0.185891828125 0.8662486296875 0.1807270515625 0.8626670703125001 0.1679668484375 0.8520012796875 0.1578396140625 0.809198846875 0.1501601296875 0.767196284375 0.1253350109375 0.73699276875 0.1161894421875 0.6996686640625 0.11045618593749999 0.6765130265625 0.09945699531249999 0.66263541875 0.0984881546875 0.6511697562500001 0.10550655312499999 0.565461984375 0.12219768906249999 0.545524328125 0.1317521703125 0.5517359765625 0.147823528125 0.5488939046875 0.178900521875 0.5641956312499999 0.1791868984375 0.5755522187500001 0.1745065421875 0.60330743125 0.176444221875 0.6398618593750001 0.1688316953125 0.6841611249999999 0.1742700234375 0.7373021296875 0.199090865625 0.746652878125 0.20756252343749998 0.7965031875 0.2133883875
2 1 0.2458770796875 0.7913150812499999 0.026155635937499998 0.7777646953125 0.018172673437500002 0.7319685953125 0.014975501562499998 0.2454167859375 0.17804283125 0.22927883593749998 0.1956814328125 0.21675263125000002 0.1955888234375 0.215146725 0.200168021875 0.2251944359375 0.22354415468750002 0.5570461265625 0.571194121875 0.6394515125 0.6551356203124999 0.647523571875 0.661172353125 0.6641039828124999 0.6638936546875 0.9793252921875 0.5920740390625 1 0.584283553125 1 0.2458770796875
0 0.596883803125 0.1947610109375 0.595683996875 0.220479459375 0.64183815 0.36522284374999997 0.6552067484374999 0.3771025390625 0.6639394125 0.39882309375 0.6681026937500001 0.399113746875 0.6747444687499999 0.376120875 0.7010145421875 0.260672096875 0.7228791578125 0.20981222968750002 0.71955210625 0.1915966 0.6825915765625 0.178069875 0.629674884375 0.1782850171875 0.6141550125 0.182674721875 0.596883803125 0.1947610109375
1 0.6747801875 0.19628978125000002 0.6498004953125001 0.19454586875 0.6227058890625 0.2082920109375 0.6233664937500001 0.22397583281250003 0.644988940625 0.237995528125 0.6672294703125 0.238766325 0.6884094562499999 0.23242611562499998 0.696293559375 0.212647515625 0.6747801875 0.19628978125000002
7 0.4211053296875 0.321664915625 0.47617329531249997 0.305180371875 0.5018074265625 0.2928960390625 0.5100187484375 0.2661033171875 0.43777014843749995 0.20319990937500002 0.414287290625 0.199214840625 0.363746184375 0.2081965671875 0.3167866375 0.229938496875 0.3190531484375 0.241043121875 0.39594385 0.3238177375 0.4211053296875 0.321664915625
11 0.33928166875 0.225253865625 0.3323792234375 0.2239900984375 0.31821075468750004 0.229256034375 0.3192349375 0.2371463875 0.3287311171875 0.24250065781250002 0.3398332 0.24327572968750003 0.348450625 0.23762225781250002 0.3487414875 0.2313874828125 0.33928166875 0.225253865625
11 0.4940262265625 0.28062453125000003 0.48573602187500003 0.2792638796875 0.47164026875 0.282971121875 0.46988892968749996 0.29066770625 0.4793123921875 0.2975806703125 0.49041447656250003 0.2983557421875 0.5017710671875 0.2936753859375 0.502171003125 0.28510257031249997 0.4940262265625 0.28062453125000003
11 0.9156688125000001 0.2256171453125 0.9032153234375 0.2239658421875 0.8794052484374999 0.22699489687500002 0.8759752859375001 0.2408293734375 0.8826232265625 0.24754856875 0.9074938453125 0.2516305203125 0.9258255953125 0.2466552375 0.9291101265625 0.2359381484375 0.9156688125000001 0.2256171453125
11 0.75721704375 0.6078433609375 0.744727196875 0.6069714046875 0.7304860140625 0.613796034375 0.7300497218750001 0.623148196875 0.7422850624999999 0.62947558125 0.7603623093749999 0.6299557265625 0.771864328125 0.62215798125 0.766749578125 0.6124182828125 0.75721704375 0.6078433609375
11 0.7330365828125001 0.40990206875 0.7416540078125 0.40424859843750005 0.74048439375 0.3994756328125 0.7350787828125 0.395970709375 0.7225162218750001 0.39665744687500004 0.7192680499999999 0.4065951890625 0.7330365828125001 0.40990206875
11 0.7068570859375 0.43387660625 0.7052148203125 0.43923515 0.71189911875 0.44517499843749997 0.720225684375 0.4457563015625 0.727346275 0.4423439875 0.7248979734375001 0.435136096875 0.71806824375 0.43231363749999996 0.7068570859375 0.43387660625
11 0.7733666875 0.4705771453125 0.7763967140625 0.46531548437500003 0.7696760578124999 0.4601549828125 0.7627736109375001 0.458891215625 0.757113496875 0.4608417203125 0.7580649625 0.47029076718749996 0.7733666875 0.4705771453125
11 0.8525657843750001 0.4143373578125 0.8428878187500001 0.4128798234375 0.8315675859375 0.4167808328125 0.8313130828125 0.4222362609375 0.838070096875 0.426617415625 0.8477844203125 0.427295603125 0.856292775 0.4239801734375 0.8579713968749999 0.41784228125 0.8525657843750001 0.4143373578125
11 0.8046849593750001 0.3961388265625 0.8076059125 0.3932152078125 0.8022730156250001 0.38815158906249997 0.786934934375 0.388644559375 0.7865349984375001 0.397217375 0.7961766078125 0.3994542578125 0.8046849593750001 0.3961388265625
11 0.8321616437499999 0.463735415625 0.840706353125 0.4596406375 0.8409608578125001 0.454185209375 0.825840921875 0.45000209843750005 0.820108090625 0.453511296875 0.8183931109374999 0.460428534375 0.8321616437499999 0.463735415625
8 0.6384433625 0.580915940625 0.65942488125 0.5827396125 0.6669080125 0.572869215625 0.6787573953125 0.551477628125 0.69744375625 0.5477648265624999 0.7418496484375 0.540114021875 0.7866578234375 0.537508659375 0.8204317859374999 0.538791434375 0.8568689609375 0.53775106875 0.8950105640625001 0.52751275 0.9307736421874999 0.513525 0.9585156640625 0.49360103125 0.972207925 0.473772078125 0.97774580625 0.4508647734375 0.983919284375 0.428001840625 0.9768299953125 0.40206280781250003 0.9624255921874999 0.3824225203125 0.9465986718750001 0.36590741875 0.9243574546875 0.3500203875 0.888588284375 0.33677152499999996 0.8610234546875001 0.3255301921875 0.8364741671875 0.3180819828125 0.8137663703125 0.3121963109375 0.8002179546875 0.30157462343749997 0.7906372453125 0.28800465937499997 0.7831980140625 0.26956684062499997 0.7812027734375 0.2576015328125 0.775975403125 0.246485671875 0.753219003125 0.2416717 0.712764165625 0.24673116562500003 0.7006253906250001 0.2469588125 0.6036869406250001 0.27180910156250004 0.5887429234375 0.2778520375 0.5711305953125 0.285939409375 0.5506383984375 0.30099405 0.5267641000000001 0.32011294375 0.5085337937500001 0.3414171625 0.4921130625 0.364997896875 0.4809826046875 0.38464759531250003 0.475091040625 0.401437759375 0.48203035156249996 0.4305915984375 0.493822921875 0.451483521875 0.50309073125 0.4854591734375 0.521147625 0.50893783125 0.547475534375 0.5329946984375 0.5777711515624999 0.5541032859375 0.598923071875 0.5659727859375 0.6384433625 0.580915940625