2 0.6924038328125001 0.31202886875 0.5289711593749999 0.386253296875 0.3522739890625 0.46999961093750003 0.3446497953125 0.4793160375 0.346616646875 0.5413613953125 0.4686410125 0.8732712906250001 0.47565267968749997 0.8755159406249999 0.7984005187500001 0.73394801875 0.80450191875 0.71795611875 0.74254550625 0.35731895156250004 0.7209064953125 0.3265679203125 0.7047512453125 0.31273296093749997 0.6924038328125001 0.31202886875
5 0.7551344234374999 0.6226365296874999 0.7458462328125 0.5783583265625001 0.7275556640625 0.5694089671875 0.7091102593749999 0.570465509375 0.7109376125 0.5784760796875 0.7023980375 0.590902853125 0.7094062984375 0.6073787671875001 0.7118410640625 0.6251751546875 0.7074121812499999 0.659183525 0.6868280484375 0.67935693125 0.6784399 0.6960090703125 0.693672953125 0.74141690625 0.7075448625 0.7416808406250001 0.75695325625 0.6662252578125 0.7592417078125 0.6584493859375 0.7543670625 0.64420350625 0.7551344234374999 0.6226365296874999
0 0.6174872406249999 0.5997653078125 0.5926409890625 0.594131759375 0.5751092609375 0.5991935859375 0.5761743640625 0.6074242328125 0.5839465781250001 0.6165644343750001 0.635313303125 0.6387323703125001 0.6837807546875 0.6731216171875001 0.7023792921875 0.66917480625 0.70924635 0.6387315625000001 0.706508728125 0.612484446875 0.6873044828125 0.5995298046875 0.6537689328125 0.594982034375 0.6174872406249999 0.5997653078125
1 0.69567729375 0.6469183562499999 0.6981188765625 0.6362522171875 0.697662890625 0.6306917578125 0.6955309796875 0.6213460953125 0.6933973625000001 0.619116065625 0.6853188859375 0.6157564 0.6776963968749999 0.6179571953125 0.6725120796875 0.6237231140625 0.6711390078125 0.6283886375 0.669611103125 0.6430600609375 0.6726583953125 0.649295375 0.6747920109375001 0.65152540625 0.6813459890625 0.6553252265625 0.6846995453125 0.6557800046875 0.688510790625 0.65467960625 0.6889684796875 0.6531244328125 0.6939996640625 0.6502487828125 0.69567729375 0.6469183562499999
10 0.4199354609375 0.5600372953125 0.41231297187499993 0.5622380890625001 0.396147496875 0.591096921875 0.402852903125 0.5991221078125 0.4014764234375 0.6180188953125 0.429191275 0.739512509375 0.47932272343750004 0.8274963874999999 0.4823734234375 0.8195004359375 0.5006674015625 0.8142185312500001 0.5363348625000001 0.8281119640625001 0.5970085234375 0.8162861484375 0.6634892531250001 0.7444395453125 0.6628818390625 0.7346537234375 0.659077409375 0.7072915921875 0.64780191875 0.6863556187500001 0.6410948078125001 0.685446065625 0.6081649671875 0.6977997484375 0.58132289375 0.7510865890625 0.5599782171875 0.7643644453125 0.5343680125 0.76606660625 0.5214131859375 0.7555766937499999 0.5052545281249999 0.7559729984375 0.48970839687499995 0.7448082265625 0.46395528593749996 0.7067068640625 0.4543744625 0.6112841421875 0.451328875 0.5979331953125 0.444774896875 0.5941333734375001 0.4362438421875 0.5709819875 0.4199354609375 0.5600372953125
9 0.5113883078125 0.6047840875 0.49766441562499997 0.62297678125 0.49339036875 0.646979246875 0.49475662187499997 0.670776253125 0.5081640265625 0.7010578921875 0.5462713671875 0.7114008171874999 0.571582125 0.6870166625 0.577988084375 0.6723598578125001 0.5764686984375 0.651453121875 0.5717471859375001 0.6343169703125 0.5610808109375001 0.6160511843750001 0.5324267218750001 0.59728676875 0.5113883078125 0.6047840875
11 0.6871973625 0.41029800312500003 0.6940559000000001 0.4154329234375 0.7004601546875 0.40789174843750003 0.6975676984375 0.3916505359375 0.6914714109375 0.3862955375 0.6852202859375 0.3909464421875 0.6871973625 0.41029800312500003
11 0.6440400921875 0.48110268281249996 0.63885748125 0.47975297031249997 0.6347399734375 0.48663390624999997 0.6353473859375 0.4964197265625 0.639919175 0.5022148828125 0.6487616046875 0.49823883281250003 0.6492210015625 0.489568028125 0.6440400921875 0.48110268281249996
11 0.65845806875 0.747315196875 0.650682446875 0.752406259375 0.649460803125 0.76129714375 0.6557085171875 0.7708775046875 0.6625687609375001 0.768896790625 0.665619459375 0.760900840625 0.6653166046875 0.7524501124999999 0.65845806875 0.747315196875
11 0.48237001562500004 0.8337317015625001 0.49090447812500004 0.8426518218749999 0.49959548125 0.8344504125000001 0.4971590109375 0.8237696531250001 0.49060503281249995 0.8199698328125 0.48282941093750004 0.8250608953125 0.48237001562500004 0.8337317015625001
11 0.3801385625 0.602834221875 0.38867132187500003 0.6188699765625 0.3993428078125 0.6157888640625 0.3985839671875 0.601777678125 0.39187856249999997 0.59375249375 0.3854760109375 0.5941780343749999 0.3801385625 0.602834221875
7 0.637077671875 0.4100688703125 0.620114515625 0.4266979796875 0.628212078125 0.46366263124999996 0.6318519796875 0.4854883046875 0.640015171875 0.503661421875 0.656346721875 0.5018789765625 0.6530216296875 0.47996241093750003 0.66790961875 0.4703844609375 0.7069366421875001 0.45519456875 0.7011467687499999 0.4179677703125 0.6916048484374999 0.379073565625 0.6689887609375 0.4002690953125 0.637077671875 0.4100688703125
11 0.5246476921875 0.6166090953125 0.5254082359375001 0.6235046484375 0.52815096875 0.62840486875 0.5310468359375 0.6304148203125 0.5356203296875 0.6290943437500001 0.5354689015625 0.6248689796875 0.534250665625 0.6195286015625 0.5325747421875 0.6157433953125 0.52861206875 0.6126184296875 0.526325321875 0.61327866875 0.5246476921875 0.6166090953125
11 0.5045225062500001 0.6414370609375 0.5051428546875 0.6475007765624999 0.5069891171875 0.650387253125 0.5104586296875 0.652953053125 0.5107764890625 0.6528612796875 0.513386915625 0.6538906421874999 0.51445496875 0.6485290953125 0.512895603125 0.6424376625 0.5101905343750001 0.6387603328125 0.5068632875 0.6379365124999999 0.5045225062500001 0.6414370609375
11 0.51997338125 0.6805306453125 0.5167427078125 0.67492318125 0.5115692468749999 0.6741869968749999 0.509085540625 0.6774314 0.5118383859375 0.684662465625 0.5165495859375 0.68820883125 0.5194628359375 0.6857326484375 0.51997338125 0.6805306453125
11 0.5373694609374999 0.6976574156249999 0.5384988796875 0.7014936828125 0.5425675875 0.7023339578125001 0.5453595984375 0.7007010578124999 0.5455674484374999 0.6952904609375 0.5439440734375001 0.6904071609375 0.5417323281249999 0.6885184453125001 0.5393442015625001 0.6892079546875001 0.5377839171875001 0.692037746875 0.5373694609374999 0.6976574156249999
11 0.5557897609375 0.6753921968750001 0.557604046875 0.6781384874999999 0.5614849640624999 0.6808231515625 0.562936815625 0.678828675 0.565198221875 0.6738654000000001 0.5629383671875 0.6691658656249999 0.5598823703125 0.6661832624999999 0.5571923375 0.6659197046875 0.55515455625 0.6696301828125 0.5557897609375 0.6753921968750001
11 0.5574627703124999 0.6448918046875 0.5592811531249999 0.6419789546875 0.5593781078125 0.63496389375 0.5559874640625 0.6308882578125 0.5542055890625 0.6290248468749999 0.5506388171875 0.633472771875 0.551847559375 0.6402602640625 0.5535662125 0.6425873375 0.5574627703124999 0.6448918046875
8 0.455265465625 0.6431304 0.4569221609375 0.6705690390625 0.4642236890625 0.7087881031250001 0.47438566875 0.72694764375 0.49411347968749997 0.7528927828125 0.5119162046875 0.7626418562499999 0.530053040625 0.7629892828125 0.5539034015625 0.7635483984375 0.5599492484375 0.7605619375 0.5771580578125 0.7506298250000001 0.5883217046875 0.7312751703125 0.6065300109375 0.70244269375 0.612908484375 0.6962594171875 0.6313123625 0.688464021875 0.643470096875 0.6874355546875 0.6501128328125 0.69172061875 0.65536125 0.6945483578125 0.6591522000000001 0.666155871875 0.6488352984375 0.5909022187499999 0.6395015734375 0.5738056140625 0.6268176765625 0.5414850671875 0.6039690046875 0.5065139515625 0.5859021703125 0.48629365 0.5605261500000001 0.47128588593750004 0.5358786249999999 0.47033791249999995 0.5087731468750001 0.46947774375 0.47728201875 0.47422689843750004 0.45568758125000003 0.49287053125 0.44332854062499993 0.506984940625 0.4217341015625 0.5256285734375 0.40957166093749997 0.554576784375 0.4285709609375 0.5633599375 0.44869711562500003 0.5879491859375 0.45467225625 0.6141424078125 0.455265465625 0.6431304