2 0.8188281046875 0.14214097812499998 0.819935175 0.130997275 0.8153997921875 0.119779675 0.7021986109375 0.0767424203125 0.63516526875 0.063167234375 0.619447809375 0.054688928125 0.6062529578125 0.0325844796875 0.5569678046875 0.01944974375 0.37988653125 0.0132659296875 0.319607896875 0.1763879421875 0.2275035640625 0.4406699109375 0.24488591093749998 0.4853379859375 0.320230834375 0.5211460484375 0.6572286578125001 0.6509932140625 0.675018015625 0.654304321875 0.7065317656250001 0.631246353125 0.8188281046875 0.14214097812499998
8 0.68084469375 0.3956257890625 0.6830391234375 0.38334203125 0.695347978125 0.35945538906249996 0.7048651687499999 0.32052633125 0.7072412531250001 0.271115075 0.6942280578125 0.211883128125 0.66847500625 0.1749931171875 0.631500459375 0.1608496921875 0.60903348125 0.1634411890625 0.5552583984374999 0.19486482968750002 0.525464375 0.17119630937500002 0.520497990625 0.15843400000000002 0.5111624546875 0.1602355640625 0.49907895625 0.179892734375 0.4985057125 0.1954682328125 0.46699624687499997 0.27143152656249997 0.461128440625 0.275587096875 0.4529042578125 0.319150278125 0.45038593281250006 0.3856817375 0.4642414265625 0.4580067453125 0.48131530156249996 0.49401355625 0.508586715625 0.5313082171875 0.548250103125 0.557606975 0.6021717078125 0.5619684484375 0.6476789078125 0.54120995625 0.6536692453125 0.5299378265625 0.6453576625 0.507704953125 0.6459900296875001 0.46211851406250004 0.660165134375 0.42729049531249996 0.68084469375 0.3956257890625
9 0.5670899781250001 0.3581603875 0.5772481015625 0.3794555328125 0.6080463703125 0.3890932640625 0.6423912015625 0.36107041875 0.65621841875 0.33758842968749997 0.6651820749999999 0.3042312203125 0.6655693765625 0.2728779 0.6570521484375 0.2448708484375 0.643734765625 0.22988295625 0.6284483078124999 0.2229493578125 0.6085870546875001 0.2248054484375 0.5866341937499999 0.2418323875 0.573463334375 0.2626296140625 0.5606643546875001 0.3149824875 0.5670899781250001 0.3581603875
10 0.6554129640624999 0.5261130078125 0.66202024375 0.5321634078125 0.7035061796875001 0.5146227609375 0.7013511671875 0.506899225 0.70463295625 0.49347541093749997 0.7222560828125 0.47100505000000004 0.74754985625 0.4105433578125 0.7613136671875 0.36416698593749997 0.768881490625 0.3232885671875 0.7842776296875 0.16438964375 0.76581220625 0.1737669453125 0.7562907296875 0.159790684375 0.745990365625 0.1556157453125 0.7332462265624999 0.1250523578125 0.7111665515625 0.09629053125 0.6620648046875 0.06890625 0.6161660203125 0.06811273906250001 0.546262184375 0.079509721875 0.529584178125 0.11796023281250001 0.5234516015625 0.14635256875 0.5315378281250001 0.1728149140625 0.5643882875 0.1872890921875 0.6042530359375 0.1664567046875 0.6111053796875 0.1582739875 0.6367119078125001 0.15937888281249998 0.651895540625 0.1634253953125 0.6952125953125 0.207855984375 0.7094356828125 0.258831315625 0.711061153125 0.3150283765625 0.697502990625 0.367178925 0.6821377015625 0.40025991093749996 0.6620116765625 0.4263527671875 0.6500112921875 0.4589006734375 0.6458280828125 0.489242365625 0.6554129640624999 0.5261130078125
0 0.54597513125 0.3353750640625 0.5381339656249999 0.29467960312499997 0.5044172203125 0.22421068906250002 0.485350278125 0.1533564921875 0.473570965625 0.1287696078125 0.452519528125 0.128878665625 0.4223819 0.16946149375 0.41409430937499997 0.19013029374999998 0.4628918671875 0.26175862968749997 0.509471003125 0.302769053125 0.52471804375 0.3297099484375 0.54597513125 0.3353750640625
1 0.44474605624999997 0.1639829078125 0.4363556421875 0.1817646203125 0.44282068125 0.2049352234375 0.45539859062500004 0.2097171421875 0.47355554218749996 0.1916785765625 0.47663168437500003 0.172480584375 0.4715624765625 0.156831190625 0.45789720625 0.153189328125 0.44474605624999997 0.1639829078125
5 0.4495179328125 0.0551567484375 0.41063772031249995 0.07196199375 0.4004204734375 0.0806777890625 0.3751266984375 0.1411394796875 0.36704475468750003 0.1675824578125 0.3795001328125 0.1794809328125 0.3945809421875 0.18064035625 0.39825431875 0.18876854375000002 0.4122871828125 0.1710607296875 0.415671796875 0.1605240046875 0.44133744999999996 0.131617959375 0.46208041875 0.12284763437499999 0.48703058906249996 0.1266372921875 0.5030128203124999 0.11087883750000001 0.507915796875 0.1007467625 0.5177808749999999 0.050471673437499996 0.5121581328125 0.040394128125 0.4984928625 0.0367522671875 0.47904290156249996 0.050156714062499996 0.4495179328125 0.0551567484375
11 0.30070889843750004 0.4058454703125 0.29666792656249996 0.41906695781250003 0.298597584375 0.4310199640625 0.305861221875 0.43438560156249995 0.3112980265625 0.4286853203125 0.3167545375 0.4129813953125 0.3153587046875 0.40546018593750005 0.3058175234375 0.401487571875 0.30070889843750004 0.4058454703125
11 0.402577196875 0.362931578125 0.4000545890625 0.3765577171875 0.41012959687499995 0.384962128125 0.41765800625000005 0.36409100156249996 0.408014 0.3572312984375 0.402577196875 0.362931578125
11 0.5738574937500001 0.06255668125 0.56823475 0.052479137499999995 0.55422159375 0.06018330468750001 0.5524581671875 0.0740117703125 0.5576499078125 0.08254460625 0.5716630640625 0.074840440625 0.5738574937500001 0.06255668125
11 0.761174 0.15966225625 0.765278378125 0.1693351515625 0.7750449171875 0.16907829531250002 0.7815887890625 0.15223431406250001 0.7755350437499999 0.1406120625 0.7691334125 0.1403358390625 0.7615218875 0.1483162296875 0.761174 0.15966225625
11 0.7128220062499999 0.5228248437499999 0.7234702578125 0.51565375625 0.7267520484375 0.5022299421875001 0.7244942109375 0.4916193203125 0.71636856875 0.4851642671875 0.707566859375 0.491397625 0.7031780000000001 0.5159651421875 0.7128220062499999 0.5228248437499999
7 0.32860996249999996 0.334325325 0.31125076093750004 0.3890045984375 0.297497209375 0.42675889375000003 0.3337000390625 0.446291628125 0.3654600703125 0.45569666875000003 0.38200849375 0.4652843625 0.3947620734375 0.44467905781250006 0.40817864843749996 0.39742087187499997 0.415537671875 0.37820182812500003 0.41825220781250005 0.36056894375000004 0.4034413609375 0.3496126921875 0.368141221875 0.3326225765625 0.33638833125 0.31992365 0.32860996249999996 0.334325325
11 0.5920401484375 0.3619500453125 0.5946458734375 0.36121464062499997 0.5979079546875 0.3577944734375 0.6002052078125 0.348397803125 0.5999995593749999 0.3426236265625 0.5953416453125 0.338522584375 0.5905612015624999 0.3415381015625 0.5891456625 0.34402053593750004 0.5868484078125 0.3534172078125 0.5870540546874999 0.3591913828125 0.589003421875 0.36114074218750003 0.5920401484375 0.3619500453125
11 0.5792128921875 0.318495921875 0.5832341546875 0.31527808125 0.585306053125 0.31011088125 0.5857567640625 0.3016519421875 0.5853257609375 0.3001072359375 0.5814270296874999 0.29620851875 0.5766465843749999 0.299224034375 0.5752310453125 0.3017064703125 0.5732619703124999 0.30976075937499997 0.573795796875 0.314192553125 0.576176165625 0.3176866203125 0.5792128921875 0.318495921875
11 0.5940640625 0.27097949374999997 0.599378334375 0.272395775 0.6012248765625 0.27145804375 0.6040559546875001 0.2664931703125 0.60602503125 0.25843888125 0.6059222046875 0.25555179375 0.6050601999999999 0.25246237968749996 0.602351653125 0.2503106953125 0.5971402046875001 0.2517815046875 0.5949654828125001 0.254061615625 0.5923400515624999 0.2648006671875 0.592873878125 0.2692324609375 0.5940640625 0.27097949374999997
11 0.6373768328125 0.2625047625 0.639017728125 0.2557928546875 0.63881208125 0.2500186796875 0.6349133484375 0.24611996249999998 0.6289427187500001 0.247388446875 0.6275271796874999 0.24987088281249997 0.6255581046875001 0.257925171875 0.626522934375 0.26390167343750004 0.6296624859375 0.26759806406250003 0.6352021109375 0.26478487500000003 0.6373768328125 0.2625047625
11 0.649116728125 0.307098940625 0.6519478078125001 0.302134065625 0.6539168828124999 0.294079778125 0.6526238734375001 0.28944565624999996 0.6483969640625 0.286889321875 0.6450320578125 0.2874224015625 0.64252915625 0.29104489375 0.640457259375 0.29621209375 0.640334728125 0.3033286515625 0.6416277359375 0.307962771875 0.6461828265625 0.3091767265625 0.649116728125 0.307098940625
11 0.6282949296875 0.35588385 0.63221336875 0.349778921875 0.6338542640625 0.3430670140625 0.6344077984375 0.3374951640625 0.6327866109375 0.334203425 0.628990703125 0.3331917953125 0.6249694390625 0.33640963749999997 0.6235539 0.338892075 0.6212566453125 0.34828874375 0.6213594687499999 0.3511758328125 0.6237398390625 0.354669896875 0.6282949296875 0.35588385