2 0.7790343203125001 0.70681690625 0.795699725 0.7050586890625 0.8039687296875 0.6987052703125001 0.8014824703125001 0.3655383578125 0.791022375 0.30308808125 0.7927928859375 0.21624884375 0.7843509859375 0.2077434265625 0.702350559375 0.2110440359375 0.2842159328125 0.24563116875 0.2675505265625 0.2473893875 0.251003421875 0.259314178125 0.26004277187499997 0.6776591765625 0.2656494734375 0.6815046859375 0.285140978125 0.68362433125 0.5383576515625 0.6963208859375001 0.7790343203125001 0.70681690625
5 0.47530273906250003 0.654818503125 0.4822178390625 0.6516094390625 0.48180834375000003 0.6164174609375 0.47617434375 0.61022581875 0.444142834375 0.605905640625 0.3937007234375 0.5728601421875 0.38656722499999996 0.5573001515625 0.36414041875000003 0.5419181125 0.30442120156249997 0.5480880578125 0.296197696875 0.558351696875 0.297697196875 0.5677200453125 0.3102826984375 0.5738308 0.35968940625 0.637392190625 0.37787251093749996 0.646566409375 0.44887793125000003 0.654343834375 0.47530273906250003 0.654818503125
9 0.518661978125 0.437658459375 0.553319390625 0.42865153593749994 0.574055596875 0.4182423 0.587794803125 0.40400373125 0.58599500625 0.3688279296875 0.5495741984375 0.34578722812499996 0.523085690625 0.33983825 0.48555667968750005 0.341057090625 0.45230777031249997 0.351611925 0.42888195937500007 0.36987395625 0.42212155625000003 0.3863777671875 0.4236938546875 0.4020024703125 0.43782435625 0.42139179374999997 0.46159596093750005 0.4328474328125 0.49085597031250006 0.4379820125 0.518661978125 0.437658459375
7 0.6491520046875 0.538601703125 0.5882972828125 0.5666850578125 0.5904792750000001 0.63470670625 0.597485375 0.6393180828125 0.6364774859375 0.6443394171875 0.7339077140625 0.6525915109375 0.74914641875 0.6477212953125 0.7573608234375 0.6366756125 0.7536793328125 0.5592856140625 0.6741137125 0.5328361984375001 0.6491520046875 0.538601703125
1 0.44248863906249997 0.5832425421874999 0.4605716421875 0.583814278125 0.47713694999999995 0.573453575 0.47700044999999996 0.5617229140625 0.45187494375000004 0.553411628125 0.4352004390625 0.554387803125 0.42419633437500004 0.5646837953125 0.427077034375 0.5732539234375 0.44248863906249997 0.5832425421874999
0 0.415681634375 0.5499220265625 0.40076142499999995 0.5821637828124999 0.435664534375 0.5942720453125 0.4787638484375 0.593770540625 0.4898225515625 0.5881668109375 0.5634609890625 0.463730271875 0.5591717875 0.45361223281249996 0.5396711828125 0.45071054374999997 0.5327651796875 0.4547016515625 0.415681634375 0.5499220265625
10 0.31512385468750004 0.312681890625 0.2919519921875 0.3326922 0.272573953125 0.3693619578125 0.2683032234375 0.3891523328125 0.26963264531250003 0.4260871875 0.2779577109375 0.4452249453125 0.30177148125 0.48038002031250004 0.31001410156250003 0.49243245937499996 0.296601228125 0.5001808609375 0.30484973437499996 0.512739284375 0.333687925 0.515440809375 0.3688667859375 0.5216116921875 0.39129363125 0.5147705046875 0.41817826562500005 0.504334309375 0.418883453125 0.48762251093750003 0.3941687671875 0.452477921875 0.365083234375 0.4285196578125 0.3530114609375 0.3967718765625 0.3534928640625 0.36082805156250003 0.38010070625000003 0.32660442343749996 0.4257642 0.30532029843749997 0.4823113796875 0.2909958078125 0.5254737406250001 0.286950428125 0.570514490625 0.2894634203125 0.6175132921875 0.3056201328125 0.6436147921875001 0.3053164140625 0.67954284375 0.2983181265625 0.7054146718750001 0.2782764 0.704515146875 0.2782868671875 0.68988474375 0.2587164265625 0.6789244953125 0.24517745624999998 0.6761171375 0.23609885937500003 0.66062254375 0.2195755625 0.6356547375 0.24011282031249997 0.604151921875 0.24047938906250002 0.555511684375 0.23800828125 0.49254138437500006 0.2417780953125 0.43317057343750004 0.245506025 0.39193092812499997 0.260158446875 0.358822009375 0.277247296875 0.3353674734375 0.272964975 0.30566370625 0.2733106078125 0.288826628125 0.29628429375 0.306953296875 0.3067027890625 0.31512385468750004 0.312681890625
8 0.6472392203124999 0.30729844375000004 0.6156892921875 0.3036163703125 0.5841511406250001 0.3009462609375 0.5525821609375 0.29574625781249997 0.514796165625 0.29770409062500003 0.47702195312500006 0.3006746703125 0.4482662109375 0.3050584640625 0.406180046875 0.324276759375 0.39281428125 0.3360738015625 0.3733537984375 0.3656582421875 0.364706334375 0.3961289609375 0.36142486093750004 0.4235009359375 0.37418415625 0.437018971875 0.3977637578125 0.45193003750000005 0.41522956874999994 0.48310900468750007 0.41451849375 0.4993148203125 0.39852933125 0.5177233984375 0.4076184703125 0.525209965625 0.43381558125 0.5330035140625 0.4383277671875 0.5339638953125 0.5193153046875 0.5381391265625 0.552667715625 0.5351644671875 0.5877007390625 0.5286826437500001 0.6244988703125001 0.5191431953125 0.659490671875 0.5091187140625 0.6907755921875001 0.49002610312500006 0.7327675359375 0.46271052343749997 0.7594166109375 0.4320303359375 0.77251146875 0.3969518421875 0.7794114921874999 0.3710566984375 0.775546996875 0.348323896875 0.7525562031249999 0.306579803125 0.7226286484375 0.2876934125 0.7180929125 0.2847091015625 0.701067384375 0.2914874390625 0.6723646390625 0.30042585625 0.6472392203124999 0.30729844375000004
11 0.74629301875 0.6414972984375 0.7434487203125 0.6360553453125 0.7336802171875 0.6330404125 0.7184051124999999 0.6347824531249999 0.7129076109375 0.640321471875 0.7171968093750001 0.6504395109375001 0.74081371875 0.648600403125 0.74629301875 0.6414972984375
11 0.6563947015625 0.563546221875 0.656312803125 0.556507828125 0.6423552 0.5519773390625 0.6312600953125 0.554452890625 0.6271528953125001 0.5599757328125 0.6341862953125 0.566933240625 0.6494887 0.5675373312499999 0.6563947015625 0.563546221875
11 0.2928347015625 0.5083332375 0.3012311046875 0.512928434375 0.3123262078125 0.5104528828125 0.320604309375 0.504881509375 0.317714509375 0.49552933593750004 0.307946009375 0.49251440312500006 0.2968327046875 0.4934258671875 0.28995400312499997 0.4997631078125 0.2928347015625 0.5083332375
11 0.2917589265625 0.29638313906249997 0.3001280296875 0.29863220468749996 0.3181200375 0.29138350156250004 0.3194011375 0.2819827953125 0.3109956359375 0.276605553125 0.2998732328125 0.276734975 0.29157692968750004 0.280742259375 0.2874697296875 0.2862651015625 0.2917589265625 0.29638313906249997
11 0.6457395390625 0.245335209375 0.6596607437500001 0.246737521875 0.67629885 0.24263317031249998 0.68043335 0.23945646250000002 0.67613505 0.2285563796875 0.666357446875 0.22475940312499998 0.65108234375 0.22650144375 0.6400600390625 0.23523334999999998 0.6457395390625 0.245335209375
11 0.55145589375 0.3880014265625 0.5459492921875 0.3927584 0.548784490625 0.397418309375 0.5543729921875 0.3996997296875 0.5668674953124999 0.39799004375 0.566776496875 0.39016960312500004 0.55145589375 0.3880014265625
11 0.46109546718749994 0.389835015625 0.4610135671875 0.38279661875 0.45263536562500006 0.379765509375 0.44431176250000004 0.3814266625 0.4458021625 0.39001296875 0.46109546718749994 0.389835015625
11 0.51562658125 0.4157935828125 0.511510278125 0.42053437968749996 0.517116978125 0.4243798890625 0.5310108828125 0.42343607031249997 0.533727784375 0.41792940625 0.5281301843749999 0.41486594062500004 0.51562658125 0.4157935828125
11 0.5491367953124999 0.36531712656250004 0.546607528125 0.3592254515625 0.536745459375 0.356773190625 0.5290439171875 0.358836953125 0.526627225 0.3624199453125 0.52582695 0.367972353125 0.5330233437499999 0.368861609375 0.5491367953124999 0.36531712656250004
11 0.4764443046875 0.3602530546875 0.478552209375 0.365743465625 0.48383475625 0.3670648390625 0.49258233437500004 0.3641981515625 0.49812472812499997 0.3576175703125 0.49210882187499994 0.3537377140625 0.48019329062500005 0.3558512921875 0.47566889375 0.359458028125 0.4764443046875 0.3602530546875
11 0.481492728125 0.4071780546875 0.4688544109375 0.40752221562499996 0.46256258125 0.4101624421875 0.45943919062500005 0.413358671875 0.460178046875 0.416509178125 0.461254871875 0.41847157656249995 0.47006999218749995 0.42152888906249997 0.47954953749999996 0.4212207015625 0.486519103125 0.416597659375 0.4878681703125 0.41184291406250007 0.481492728125 0.4071780546875