2 0.341759596875 0.37267886875 0.33429065156250004 0.3833775671875 0.3164562796875 0.5770270578125001 0.311703503125 0.6404990171875 0.3194371859375 0.6605136359375 0.5585737140625 0.751375365625 0.561373265625 0.7482369734375001 0.5779225140625 0.47927815625000003 0.5683189890625 0.4636854515625 0.341759596875 0.37267886875
5 0.34750878749999997 0.4739939234375 0.3463945953125 0.4922985265625 0.350541809375 0.5225357203125001 0.3725901015625 0.522626915625 0.37730118749999997 0.487110784375 0.396734409375 0.47075224687499995 0.4206421234375 0.4734104828125 0.43044055156249994 0.4624261109375 0.43029776093749994 0.45405840781249995 0.4199385875 0.42458301406250004 0.4138902625 0.41973460312500005 0.39278210156250004 0.4139379734375 0.3806541875 0.4252080203125 0.3667085421875 0.4059552 0.35801388125 0.4056239265625 0.3527212078125 0.41465820625000005 0.34750878749999997 0.4739939234375
0 0.39828739999999996 0.47056179687500005 0.37730118749999997 0.487110784375 0.3746444265625 0.4986168796875 0.376636215625 0.5165405796875 0.3818976203125 0.528473171875 0.4054780578125 0.5423518296875 0.44468949843749994 0.5906495171875 0.4642342453125 0.603625553125 0.41375476562499997 0.5105910359375 0.39828739999999996 0.47056179687500005
1 0.3977004859375 0.5145974484375 0.40041495312500003 0.5120816125000001 0.40179990625000006 0.5079567421875 0.40073562812499997 0.49976773124999996 0.39853102812499996 0.495128546875 0.3942935703125 0.4929202140625 0.3907912140625 0.49525875781249995 0.3897703265625 0.4992034203125 0.38960670468749997 0.50740605625 0.39237113125 0.5129325 0.3977004859375 0.5145974484375
7 0.3493129671875 0.61771884375 0.35318501874999997 0.624231675 0.36900050625 0.6390625828125 0.37644860625 0.642341796875 0.38594060625000004 0.6285999296875 0.383499596875 0.599551034375 0.3855539234375 0.5755409953124999 0.38075216093750003 0.56774464375 0.37578676093749996 0.5655585000000001 0.372067921875 0.560424415625 0.364181025 0.5390310484375 0.3540865875 0.5402689734375 0.34858858593750003 0.582869284375 0.34981429999999997 0.5938992562500001 0.3471679640625 0.59841639375 0.3493129671875 0.61771884375
9 0.46042472968750003 0.5551789828125 0.4600974546875 0.5663994031249999 0.46146596406249996 0.5857970765625 0.46779986874999996 0.6073808921875 0.4767905359375 0.6174586140625 0.486568121875 0.620452153125 0.4974390546875 0.6191190046874999 0.503978290625 0.6071367859375 0.5070946921874999 0.599766928125 0.5105487921874999 0.5741876953125 0.5091698625000001 0.5617789796875 0.5054614468749999 0.5496559359375001 0.5005064703125 0.5404808375 0.4922922984375 0.5303078921875 0.481585003125 0.5260308296875 0.472573490625 0.529931021875 0.4630814890625 0.5436728875 0.46042472968750003 0.5551789828125
11 0.3540865875 0.5402689734375 0.35221674531249997 0.544690884375 0.353289246875 0.5543421093750001 0.3582546484375 0.556528253125 0.360900984375 0.5520111156249999 0.36028812656250003 0.546496128125 0.36091140781250003 0.5450221578125001 0.3587455578125 0.5396976234374999 0.3540865875 0.5402689734375
11 0.3865430421875 0.6411038718750001 0.3874831734375 0.6353984374999999 0.3868703171875 0.6298834531249999 0.3857873921875 0.627221184375 0.38330469218749996 0.6261281125 0.38097520625 0.6264137875 0.37957543125000004 0.627982984375 0.37770558906249996 0.632404896875 0.3784716609375 0.6392986281249999 0.38126079062499996 0.64314919375 0.3851432671875 0.64267306875 0.3865430421875 0.6411038718750001
11 0.485060403125 0.541142428125 0.4819789484375 0.5375722828125 0.4798063484375 0.536358728125 0.47774055156250006 0.537763634375 0.47600002343750003 0.54126688125 0.477431815625 0.5491508828125 0.48109748281250003 0.55297780625 0.48425893125 0.5522602859375 0.485747115625 0.5464862421875 0.485060403125 0.541142428125
11 0.47160778593749997 0.5592397765625 0.46940210000000004 0.5560569609375 0.4681940171875 0.555795634375 0.465693675 0.5560170125 0.4629477546875 0.560466703125 0.4643830734375 0.565882225 0.4668073953125 0.5693680484375 0.46983615 0.57162818125 0.4725108359375 0.5665303828125 0.47160778593749997 0.5592397765625
11 0.49400660625 0.6074820046875 0.4932290453125 0.6021493312499999 0.49171788125000004 0.5985515218749999 0.4896182234375 0.5979872609375 0.48643639843750003 0.600185871875 0.48520438906249996 0.6057649875 0.48696805000000004 0.6116349703124999 0.490053809375 0.612736540625 0.49327010156249995 0.611683875 0.49400660625 0.6074820046875
11 0.475455925 0.5888679859375 0.473067609375 0.58570616875 0.4728851328125 0.5857285453125 0.46946750625 0.5866409953125 0.46761666562500004 0.590816009375 0.469690434375 0.5969763828125 0.472387321875 0.6012505328125 0.4754955984375 0.599225846875 0.4763416546875 0.5951740531249999 0.475455925 0.5888679859375
11 0.5060966921875 0.5846170484375001 0.5045119812500001 0.5811931671874999 0.5026306515625001 0.5809291578125 0.501115203125 0.5806216734375 0.498552365625 0.5842257625 0.499546265625 0.5915052265625 0.5022246203125 0.5964412828125 0.5045832234375001 0.59516398125 0.5067104625 0.58931156875 0.5060966921875 0.5846170484375001
11 0.5013663375 0.55871525 0.5014103078125001 0.5532818296875 0.50044674375 0.5504400140625 0.498349834375 0.5474073671874999 0.49738580624999995 0.547479471875 0.49515146718749997 0.5486213484375 0.49297105625000004 0.5531665968749999 0.49471648281249997 0.558872509375 0.49659551874999996 0.5607803046875001 0.4994440921875 0.5614190296875 0.5013663375 0.55871525
8 0.5078803187500001 0.7156772234375001 0.515374278125 0.7094461765625 0.52712568125 0.700454165625 0.5361479328125001 0.6895607859374999 0.5422828734375 0.6781829671875 0.5463347796875 0.6678991234375 0.5521896125 0.6568337671875 0.5583664671874999 0.6373409078125001 0.5609455953125 0.6152132796875 0.5617911140625 0.5888247390625 0.5625998890624999 0.566355203125 0.55735601875 0.5418314578125 0.551298909375 0.5213219437500001 0.5439618875 0.5048838875 0.5385445703125 0.4929648234375 0.530366528125 0.47886736093750004 0.52137655625 0.4673864265625 0.512752521875 0.46061503437500007 0.501801709375 0.4527300515625 0.49432396875 0.447774634375 0.486377090625 0.44567321875 0.46852016562500004 0.445066621875 0.460136103125 0.4446972578125 0.44985093125000003 0.448475534375 0.44699217812500003 0.4496646375 0.43933890781249996 0.45871169375000004 0.432582921875 0.4701670703125 0.42517780624999996 0.48002361093749996 0.4164027828125 0.4917251921875 0.41275548593750006 0.5014004062499999 0.41222027343749995 0.506499965625 0.4069750015625 0.54309481875 0.4071260125 0.5499074546875 0.40589418437499997 0.5643203703124999 0.407089715625 0.5750787265625 0.40895375156249997 0.5961024593750001 0.4109219171875 0.6095639296875001 0.4136051375 0.6223773015625 0.4186404546875 0.6407746671875 0.42290939375000003 0.6522755453125 0.42953444531249996 0.6665634609375 0.435512296875 0.677853371875 0.4453394265625 0.6897920515625 0.4569061109375 0.7017955109375 0.46928395 0.7111825359374999 0.483780790625 0.715556678125 0.497817834375 0.7157932015624999 0.5078803187500001 0.7156772234375001
11 0.3616318046875 0.410126125 0.3567345734375 0.41376633281249997 0.35886662812500003 0.42696733125 0.363635775 0.430397590625 0.3669800140625 0.4210124984375 0.36555060156249997 0.4117404515625 0.3620384234375 0.4100455125 0.36159196875 0.410808815625 0.3616318046875 0.410126125