2 0.1757321921875 0.9460357875 0.1959576265625 0.9499392859375 0.5209921921875 0.88763394375 0.7973929531249999 0.8298472171875 0.841498209375 0.8126434734375 0.8490337140625 0.8059374109374999 0.7762458859375 0.558888209375 0.7495746078125001 0.49688623125 0.6847576484375 0.287989875 0.6825455328125 0.2820331859375 0.667726246875 0.276488728125 0.41960798906249996 0.335331634375 0.0381739390625 0.417568196875 0.02460640625 0.42128472656250004 0.014419982812500001 0.42919714375 0.012060451562500001 0.4429687890625 0.1662362921875 0.927828578125 0.1757321921875 0.9460357875
5 0.1839254328125 0.77764431875 0.1814615890625 0.7906442140625 0.18768069062499998 0.8054272859375 0.21510714531250003 0.8105595125 0.25294676250000003 0.8510947328125 0.2889518484375 0.8572383890624999 0.3077781171875 0.8716092312500001 0.32101116093750004 0.8758274953124999 0.350797146875 0.8671880796875 0.41203811874999996 0.8622572343750001 0.45305365468750003 0.853422890625 0.4593158546875 0.8477058796874999 0.46119692343749996 0.8095754109375 0.4351480859375 0.804225878125 0.42846863125 0.8068558921875001 0.3904385015625 0.8065490875 0.3372761484375 0.7983825734375001 0.323208603125 0.7879903171875 0.31339976875 0.7674678593750001 0.31490324687500004 0.757772265625 0.3049469953125 0.756978140625 0.3041124953125 0.7508041484375 0.2718014546875 0.7511716265625 0.1839254328125 0.77764431875
0 0.3297225328125 0.7633167234375 0.3314743 0.7866864984374999 0.3379235765625 0.792763028125 0.3824029828125 0.7991463624999999 0.3990386859375 0.7973104734375001 0.4327488921875 0.7864756500000001 0.457589075 0.7620641109374999 0.4582580515625 0.7461945234375 0.47485409218749997 0.7128367625 0.47162039531250005 0.688912540625 0.47805156093749995 0.6532171578125 0.498593371875 0.607413946875 0.49940975937500004 0.571816028125 0.4929604828125 0.5657394984375 0.48147920468749994 0.5848910109375 0.46386158593750004 0.600281240625 0.41465968281250004 0.6734631453125 0.38779445625000003 0.703711534375 0.35988610312499997 0.7262424328125 0.3297225328125 0.7633167234375
1 0.38436681093749997 0.7720376812499999 0.40926820937499997 0.7688979734375 0.41818133125 0.7619746078125 0.41768131718749996 0.747865821875 0.40551294843749996 0.7411150078125 0.383679721875 0.74613535625 0.36977770312499997 0.7577866796875 0.37123808125 0.7685911671875 0.38436681093749997 0.7720376812499999
9 0.3900349984375 0.595374275 0.420446859375 0.5913653531249999 0.4673073453125 0.5737270046875 0.49765799218750006 0.5484462531250001 0.5056538484375 0.5243271046875 0.5014597875 0.5037071828124999 0.476392865625 0.48480331249999997 0.4484448484375 0.47581233906250003 0.40321370312499993 0.4742768 0.3609248640625 0.48410019687499994 0.32656723125 0.500554565625 0.304169340625 0.5222162499999999 0.2950044953125 0.5480962015624999 0.3018494734375 0.5675097671875 0.316438584375 0.5817607687499999 0.347559084375 0.5934041296875 0.3900349984375 0.595374275
7 0.595123915625 0.69701838125 0.5771718124999999 0.7203434046875 0.5768373234374999 0.7282781984375 0.599731790625 0.772747253125 0.6131519109375 0.7887590546875 0.6413301031249999 0.7890434859375001 0.7009434515625 0.7772755499999999 0.7323570593750001 0.775473225 0.75239541875 0.7675831828125 0.7571756921875 0.7613117265625 0.7544023484375 0.7199744203125 0.74751426875 0.7210609359375 0.7324863578125 0.7139729796875 0.7266017421875001 0.691255115625 0.7293785234375 0.680570465625 0.7204041921875 0.6662220015625 0.7130988609375 0.6642215218749999 0.6265176921875 0.6794551203125 0.6215287921875 0.684183078125 0.5996955640625 0.6892034265625 0.5919514328125 0.6943659921875 0.595123915625 0.69701838125
10 0.557905809375 0.41125392656250004 0.5678836078125 0.4017980109375 0.58802628125 0.39467971875 0.6071473765625 0.3695938921875 0.5878823046874999 0.362386096875 0.5651533625 0.339960621875 0.41056900625 0.3517332921875 0.34306583125 0.3623811484375 0.260595959375 0.387212878125 0.23005823749999998 0.400700090625 0.1884780359375 0.42617577031250004 0.15455920625 0.4354670953125 0.13295615624999998 0.43178090156250004 0.119179996875 0.433953934375 0.08110676875 0.454147209375 0.083610275 0.47266918750000003 0.1140005859375 0.47891030625 0.105691790625 0.5007142078125 0.08859573750000001 0.51996318125 0.0783446625 0.558625721875 0.08205682187499999 0.6069087703125 0.088275925 0.6216918421875001 0.107497896875 0.6493997203124999 0.1920687015625 0.7337968375 0.2032982515625 0.7336019109375 0.2886061203125 0.7193573640625 0.31196437499999996 0.694391378125 0.32048179375 0.6741309765625 0.31595324687500004 0.6614458484375 0.30326331406249996 0.6508362890625 0.27669291406249996 0.6416280125 0.23267385937500001 0.617831590625 0.204247378125 0.584481790625 0.199136053125 0.5466660875 0.217444196875 0.5051562281249999 0.260110621875 0.4668979578125 0.2995614671875 0.44648737968749996 0.3599894859375 0.42513249999999997 0.4178493484375 0.41600576718750004 0.5390364390625 0.4173831671875 0.557905809375 0.41125392656250004
11 0.7483668859375 0.769006840625 0.7544204609375 0.761746334375 0.753273021875 0.75325709375 0.7254077671875 0.755287909375 0.7177679484375 0.7612222234375 0.719541265625 0.7743419578124999 0.7281198984375 0.7753533859374999 0.7483668859375 0.769006840625
11 0.603263746875 0.7051928546874999 0.6157666015625 0.704008875 0.626265965625 0.698411703125 0.6293556859375 0.6900423046874999 0.623010721875 0.6847375234374999 0.6062707046875 0.6858016640625 0.5930161109375 0.6918334421875 0.5926816234375 0.699768234375 0.603263746875 0.7051928546874999
11 0.169609596875 0.7341866921875 0.19440668125 0.7302752359375 0.20152493593749998 0.7204821765625 0.1989998796875 0.7122102406249999 0.1830116046875 0.7084265828125 0.1664802140625 0.7110342203125 0.15629379062499998 0.7189466390625 0.15785848125 0.730522875 0.169609596875 0.7341866921875
11 0.0862611921875 0.47146283125000005 0.0934622109375 0.4726915625 0.119011034375 0.4639323078125 0.1231654328125 0.4530303578125 0.1138566078125 0.446616684375 0.09690796874999999 0.44613732656250005 0.0835490609375 0.45139735468750003 0.07663943281249999 0.46273391249999996 0.0862611921875 0.47146283125000005
11 0.5667611531250001 0.3310367765625 0.5554488390625 0.3202099140625 0.5412554296875001 0.31929595 0.523972303125 0.326751384375 0.5214041468749999 0.33897953125 0.5305043421875 0.3438497046875 0.55265050625 0.341144603125 0.5667611531250001 0.3310367765625
11 0.4443732140625 0.497736078125 0.435064390625 0.49132240781250003 0.42817631250000004 0.4924089234375 0.4208494328125 0.5006584843749999 0.4326005484375 0.5043223015625 0.4443732140625 0.497736078125
11 0.46918841093749997 0.5355965328125001 0.47661960312499996 0.5281187234375 0.46731078125 0.5217050515625 0.45660279375 0.5257587234375001 0.4608184046875 0.5361286046875 0.46918841093749997 0.5355965328125001
11 0.44645603281249996 0.5651930140625 0.44455685312500004 0.561551571875 0.43291005 0.558659503125 0.42230637499999996 0.563484925 0.4219718859375 0.57141971875 0.42779528906250003 0.5728657515625 0.4388162140625 0.5711273265625 0.44645603281249996 0.5651930140625
11 0.35163071874999996 0.571480390625 0.3522565953125 0.576110884375 0.35977055 0.5796548640625 0.3694138609375 0.578133740625 0.37832698124999997 0.5712103765625 0.366262928125 0.565231309375 0.35163071874999996 0.571480390625
11 0.3425736203125 0.5461101359375 0.3445986640625 0.5402732859375 0.3341208515625 0.535620415625 0.32076194375 0.5408804421875 0.3203231421875 0.5480434875 0.3247689296875 0.5497068265625 0.33737609687500003 0.5492945953125 0.3425736203125 0.5461101359375
11 0.3671439671875 0.4988832671875 0.3578135953125 0.5027196359375 0.355997178125 0.510099984375 0.36616205156250003 0.5124376078124999 0.37824765625 0.5081666312500001 0.37899939531250004 0.503318834375 0.3671439671875 0.4988832671875
8 0.4893889515625 0.4209392796875 0.45052185 0.4193118375 0.41169899687499995 0.42339346562499997 0.3481038125 0.43301659062500003 0.309106525 0.441210203125 0.252777590625 0.46683688593749995 0.24698974062499998 0.477957875 0.20850635 0.5277190828125 0.201525528125 0.5569953390625 0.20598022968750002 0.579158434375 0.21961628281249998 0.6206991828125 0.23896667031250002 0.6343883156250001 0.2772143171875 0.642237809375 0.30824700781250003 0.6614341875 0.3123664453125 0.68650898125 0.3015030765625 0.70863938125 0.2920474375 0.71421379375 0.31497976875 0.7220301546875 0.35643111875 0.7212085140625 0.40579018749999995 0.719547021875 0.45587540156250006 0.71246323125 0.4791135609375 0.6981632390625 0.5242206265625 0.689433084375 0.5691568078125 0.6766280765625 0.6326370906250001 0.6445655890624999 0.6617270875 0.6224181703125 0.6925493312500001 0.5861156750000001 0.7047900984375 0.5364102609375 0.71198578125 0.5087340578124999 0.7113525515625 0.471675678125 0.6965706203125 0.427049365625 0.6645223421875001 0.39494714062499997 0.624381815625 0.3731037390625 0.6090109859374999 0.3726702875 0.593983734375 0.390965521875 0.562145903125 0.41436217031250006 0.533252665625 0.4217785625 0.4893889515625 0.4209392796875