2 0 0.426044859375 0.010417746875 0.6562252296875 0.028750068750000003 0.7594898718749999 0.44203106718749996 0.9919796390625001 0.4734614625 0.9914310203125 0.4794066984375 0.9730654624999999 0.5274747203125 0.55129365625 0.516723709375 0.5042249390625 0.47842026718749997 0.4728407578125 0.19012969375 0.31943450625 0.0084683796875 0.24501304687499997 0 0.24680088281249998 0 0.426044859375
10 0.10083591249999999 0.459517771875 0.0932546015625 0.4033218484375 0.0785185375 0.36978148437499997 0.06913505156250001 0.361894825 0.02189664375 0.3521323703125 0.0083466140625 0.469176334375 0.019799306250000002 0.569664384375 0.0409106078125 0.652606946875 0.049674103125 0.6704921890625 0.042186425 0.7002663874999999 0.045368071875 0.713691384375 0.144268440625 0.8210916296875 0.20253298437499997 0.852490653125 0.2666544984375 0.862917775 0.2737294890625 0.871291803125 0.297296865625 0.86913561875 0.30090314375 0.866964596875 0.311502721875 0.8097496796874999 0.3051852828125 0.77866099375 0.2770806796875 0.750762325 0.25923271406250004 0.7446626796875 0.2367797015625 0.7620899703124999 0.1986377125 0.76309411875 0.1683282671875 0.7497576375 0.156969209375 0.73523970625 0.14956129375 0.7339843187499999 0.1329533109375 0.707887503125 0.125832465625 0.70375216875 0.1156216828125 0.6777144546875 0.0962686296875 0.6451488234375 0.077960196875 0.5869885890625001 0.076168040625 0.5634025515625 0.08426376249999999 0.5010775671875 0.10083591249999999 0.459517771875
9 0.21609110625 0.5691038828125 0.18220929375 0.5311475296875 0.14690408125 0.5301431109375 0.13060705625 0.5462707578125 0.122200375 0.56637128125 0.1226030390625 0.600118359375 0.1336869734375 0.6400684375 0.14750403437499998 0.6639351296875 0.168246578125 0.6863397203125 0.18989618125000002 0.6958657781250001 0.210672634375 0.6914794734374999 0.22571773281250002 0.6727967921875 0.23239005625 0.6474237421875 0.22649724999999998 0.6007390359375 0.21609110625 0.5691038828125
0 0.245264221875 0.6165123546875 0.3600389109375 0.8178284796874999 0.3717308921875 0.8252277734375 0.38173436875 0.823115846875 0.408459503125 0.7892802546875 0.40561077812499996 0.768736621875 0.3903005765625 0.7409561499999999 0.36527396562500003 0.7124076578125 0.25637011875 0.6071193359375 0.24920342031249998 0.60722269375 0.245264221875 0.6165123546875
1 0.365292575 0.7491763875 0.3554559953125 0.7482800828125 0.35102295156249996 0.7549138703125 0.3524929578125 0.7687256 0.3553047546875 0.77903295625 0.3582393296875 0.7821307125 0.36370170156250003 0.788409284375 0.3698380265625 0.7905829875 0.3769823875 0.7826324828125 0.37647739375 0.7710952203125 0.37302144375 0.7579508625 0.365292575 0.7491763875
7 0.46872694531250003 0.589852865625 0.4738786984375 0.55037426875 0.452466671875 0.5361560109375 0.395927321875 0.5106164578125 0.3795226328125 0.501282815625 0.3687805546875 0.55153866875 0.3666508515625 0.5876374421875 0.370022284375 0.6212032109375001 0.3735524 0.6323414578125 0.38859344687499997 0.6296227390625 0.3948092421875 0.62236870625 0.44899657968750006 0.650691296875 0.46237079999999997 0.6487826203125 0.46872694531250003 0.589852865625
8 0.06526355 0.3629630921875 0.0828212265625 0.38293315625 0.0989392609375 0.41881220625 0.10132069531250001 0.4425247546875 0.09827334062500001 0.47168715 0.08991765 0.4949754515625 0.077347303125 0.5288393921875 0.0750487109375 0.5519259125 0.07982214374999999 0.616566496875 0.0847595578125 0.64780979375 0.1136177875 0.68853383125 0.1327584640625 0.7157029703125 0.141042078125 0.7263296390625 0.15870965625 0.7452009187499999 0.1736374953125 0.755501853125 0.20157658750000002 0.7635943562499999 0.224571065625 0.7592768671875 0.24897659062500002 0.75089625 0.2597085828125 0.7427113171874999 0.27689355625 0.7519972296875 0.292338503125 0.7686466921874999 0.30785860781249996 0.7874328515625 0.31773217656249997 0.78642393125 0.3252870875 0.7740675234375 0.3278325046875 0.7643827859375001 0.3412669390625 0.6830053296874999 0.34179026874999996 0.6559673234375001 0.3375141265625 0.626735575 0.3296874328125 0.5826483687499999 0.3199204453125 0.5465054796875 0.30170743906249997 0.5056880078125 0.285940753125 0.473501421875 0.2681017484375 0.4433664140625 0.244245528125 0.41880688906249997 0.223786190625 0.3962212765625 0.20142029843749998 0.3783433078125 0.1808737140625 0.3638464796875 0.13962452812499998 0.349416640625 0.11159843124999999 0.3494142765625 0.08476948281249999 0.3561553671875 0.08174093437499999 0.356256259375 0.06526355 0.3629630921875
11 0.4584610921875 0.5672734203124999 0.46707507968749995 0.5753225343749999 0.47462055625 0.56386185 0.46715484218750003 0.5442929484375 0.4586903609375 0.5460799609375 0.45576187656249995 0.5565659125 0.4584610921875 0.5672734203124999
11 0.3798227625 0.5740077765625 0.372173634375 0.5713936453125 0.368521503125 0.577803359375 0.369877084375 0.594433215625 0.3729092234375 0.5980220843749999 0.38497998125 0.5940640453125 0.384589259375 0.582869171875 0.3798227625 0.5740077765625
5 0.3822017703125 0.8272461812499999 0.369135328125 0.828595084375 0.3492659359375 0.8201028593749999 0.33580568906249997 0.8342219390625001 0.339057078125 0.8885126484375 0.34685571406250004 0.9009629125 0.3588347625 0.9054822578125 0.4437666390625 0.884732178125 0.45709934375000005 0.811433875 0.45618033750000003 0.8017602015625 0.422539740625 0.7651625953125001 0.40832194062499994 0.8019963296875 0.3822017703125 0.8272461812499999
11 0.2047136921875 0.628269065625 0.2088856421875 0.6293294046875 0.213610425 0.6280894499999999 0.21530660625000003 0.6260327015625 0.2168645890625 0.6162406640625 0.21009751406250002 0.6067500156250001 0.2030198890625 0.605574321875 0.2001689046875 0.6127283671875 0.2017388046875 0.6223449750000001 0.2047136921875 0.628269065625
11 0.1798641328125 0.58037353125 0.18244706718749998 0.581769340625 0.18518418125 0.583296121875 0.19243470468749999 0.5784484437499999 0.1898212671875 0.5675945484375 0.18429475 0.5573570671875 0.1799749171875 0.557784140625 0.1765935078125 0.5650487578125001 0.1776601890625 0.5764716671875 0.1798641328125 0.58037353125
11 0.14322475625 0.5682113046875 0.1456961859375 0.575940340625 0.14983682812500002 0.5799182578125001 0.152336784375 0.5808466578125 0.15422435 0.58141941875 0.156127446875 0.5805327124999999 0.15635400625 0.5717491546875 0.151919921875 0.56225089375 0.1453388796875 0.560000509375 0.14356025 0.5615883296875 0.14322475625 0.5682113046875
11 0.1466841109375 0.6232912265625 0.14797481562499998 0.6220488828125 0.1494859609375 0.616633890625 0.1448373140625 0.6066960046875 0.138479490625 0.6041560296874999 0.13670540625 0.6135087625 0.1396385640625 0.619197790625 0.14535215937499998 0.6243012265625 0.1466841109375 0.6232912265625
11 0.1646342421875 0.6617240578125 0.166705303125 0.665655384375 0.1706385015625 0.6684647796875 0.17379821875 0.6653702515625 0.175426184375 0.6613867875 0.17392373125 0.65369705625 0.1690561703125 0.6518123124999999 0.166249246875 0.65070625625 0.16475363437499999 0.6546617765625 0.1646342421875 0.6617240578125
11 0.20320978906249998 0.6739638578125 0.2062450390625 0.6701682156250001 0.2059006953125 0.6612627234375 0.2015185234375 0.655150809375 0.19618645625 0.6514230140625 0.19471603125 0.6570718703125 0.1967583234375 0.667802475 0.198762709375 0.6698067609375 0.20320978906249998 0.6739638578125
11 0.2865119453125 0.8488577968750001 0.279345246875 0.8489611531250001 0.2751648328125 0.8568920703125 0.2768533359375 0.8664032859375 0.2841695421875 0.876136059375 0.29777929531249997 0.871853109375 0.2943564359375 0.8570693671875 0.2865119453125 0.8488577968750001
11 0.0485038640625 0.7313550734375001 0.055291785937500004 0.7426090453125 0.071646609375 0.7447949125 0.0750575265625 0.737026453125 0.060953396874999996 0.71603970625 0.046861215625 0.717605165625 0.0485038640625 0.7313550734375001
11 0.029466009375 0.38577609062499996 0.0255607203125 0.3682748546875 0.0159360203125 0.35902945 0.007712753125000001 0.3621752109375 0.0050254828125 0.37401990625 0.009217840625 0.38864119375 0.0180730421875 0.398049053125 0.026537525 0.39626204062500003 0.029466009375 0.38577609062499996