2 0.9805101234375 0.44708409062500004 0.9827582796875 0.06058057343749999 0.977695825 0.045536915625 0.6398944390625 0.029803562500000002 0.616989721875 0.0299061125 0.41107945625 0.47799746875000004 0.410966240625 0.497461675 0.41948610625000005 0.5114647796875 0.7280481203125 0.9669341749999999 0.7412673843750001 0.9796015765625 0.750698528125 0.971368971875 0.9805101234375 0.44708409062500004
5 0.8901374750000001 0.25554824374999996 0.8868967203125001 0.27497604999999997 0.878239375 0.28460805312500004 0.882027496875 0.30550805937500003 0.886694546875 0.309733559375 0.8912241203125 0.33759416875000003 0.8935455140625 0.34179236875 0.9060637609375 0.34054766718749996 0.9168645890624999 0.365700471875 0.9403777484375 0.3562413671875 0.9490593531249999 0.3424384625 0.9755625765625 0.3566508640625 0.98106003125 0.3525436609375 0.9828443874999999 0.0457767125 0.8684326140625 0.040447898437500004 0.8663382734375 0.0453216859375 0.8670797234375 0.05228228593749999 0.87482579375 0.064885990625 0.9067294296874999 0.09167479375000001 0.919334090625 0.21000502499999998 0.9130385750000001 0.2168837296875 0.9105311828125 0.2446624390625 0.8901374750000001 0.25554824374999996
0 0.9201321484375 0.2072335265625 0.9210515109375 0.18360751875 0.9135723109375 0.1251239015625 0.9043595140624999 0.0958183953125 0.8669584218749999 0.0731367921875 0.8504498796875 0.08823899843750001 0.8211077015624999 0.1588076234375 0.7888401546875 0.1945823390625 0.754299734375 0.21781704999999998 0.7031213843749999 0.2783987734375 0.6928194000000001 0.3019155828125 0.725626225 0.30785897812499996 0.8456832437499999 0.23556534375 0.88015088125 0.2248433359375 0.9075249453125 0.2237715328125 0.9177379718750001 0.215548028125 0.9201321484375 0.2072335265625
1 0.8702370703125 0.18162572500000002 0.8905741687500001 0.180472021875 0.9000376578125 0.16667821562500001 0.900183221875 0.141652809375 0.8916957015625 0.122088503125 0.8870205640625001 0.11925330468749999 0.867449178125 0.1231967078125 0.858710965625 0.146731715625 0.8617333765625 0.1648420203125 0.8702370703125 0.18162572500000002
9 0.7282336625 0.5317428468750001 0.7519166453125 0.49308743125000004 0.7631784265625 0.4389931140625 0.7619057828125 0.3889241 0.7527010734374999 0.3582282921875 0.7449792671875 0.3414536875 0.7224501640625001 0.3161643828125 0.7052972140625 0.3076223828125 0.6763593796875 0.3086759859375 0.652805784375 0.3250865953125 0.6369901718750001 0.35549120625 0.6232937828125 0.42485152656249997 0.6253887437500001 0.467978140625 0.63529446875 0.5125860515625 0.6523422890624999 0.5392019578125 0.6757098859374999 0.5547682593750001 0.6976107546875 0.5536327562500001 0.720358203125 0.54138395 0.7282336625 0.5317428468750001
8 0.5929377109375 0.73170173125 0.6248773765625 0.755254115625 0.6623656312499999 0.772629596875 0.7329566796875 0.7859327375 0.7414976234374999 0.782465778125 0.7741562640625 0.7685818156249999 0.8123738703125 0.74673719375 0.850690775 0.707955940625 0.8725203265625 0.6600661999999999 0.8859237875 0.5960318515624999 0.899978821875 0.506149309375 0.9048836078125 0.4384496859375 0.8977917718749999 0.36526020312499996 0.8806035765625 0.3044347875 0.8613120953125 0.260525459375 0.8495125203124999 0.22115954062499998 0.8342201796875001 0.1790792421875 0.8228440046875001 0.1530924546875 0.8188863515625 0.144131184375 0.8098968609374999 0.138676321875 0.7924753171875001 0.117968025 0.77196885625 0.1105980265625 0.7338860828125 0.10926217187500001 0.6977917109375 0.1106259671875 0.6450611734375 0.128733928125 0.602399503125 0.1389365 0.569100446875 0.176884909375 0.536130671875 0.244259290625 0.509551903125 0.33310344375 0.4945670890625 0.41049359374999994 0.49804689843750005 0.5014714578125 0.514113453125 0.5827893578125 0.5343398984375 0.6382998953125 0.5621767265625001 0.6778510734375 0.5929377109375 0.73170173125
11 0.6772599140625 0.3559056546875 0.681099884375 0.359153815625 0.6821216375 0.3605394171875 0.687269884375 0.3601418953125 0.6919835156249999 0.346007778125 0.6851110031250001 0.3331125265625 0.6802306484375 0.331682015625 0.6745279890625 0.33893885468749996 0.6742095234375001 0.349461825 0.6772599140625 0.3559056546875
11 0.6394144171875 0.4039802296875 0.6419522062499999 0.4099606546875 0.6456663921875 0.4139970953125 0.6519675046875 0.4132806859375 0.658477271875 0.40008374375000005 0.6557240515625 0.386777603125 0.65035583125 0.3807656265625 0.644947684375 0.381617565625 0.6399821328125 0.3948338703125 0.6394144171875 0.4039802296875
11 0.6497994609375 0.4764169046875 0.652597159375 0.481941525 0.6615595375 0.48936904062500003 0.6656841421874999 0.48804472499999996 0.6644884515625 0.47246951406250004 0.6632688046874999 0.461012371875 0.6573879890625001 0.4545356015625 0.65299360625 0.45814675625 0.6498393953125 0.46955160312500005 0.6497994609375 0.4764169046875
11 0.6968662625 0.4797107171875 0.693205553125 0.4897373515625 0.6931602984375 0.497517471875 0.69463984375 0.5085201984375 0.7000328015624999 0.5104141125 0.70208008125 0.5122677 0.707740146875 0.5123335734375 0.7108730640625 0.5045893875 0.71144078125 0.49544302812499996 0.70713613125 0.48349254375 0.701508009375 0.47793498124999995 0.6968662625 0.4797107171875
11 0.7386137374999999 0.42435835 0.733454840625 0.42658689687500007 0.7303299125 0.43295746562500004 0.728985146875 0.4430110515625 0.7299768359375001 0.449430921875 0.7330006124999999 0.46045022968750005 0.7389232390625 0.45960428125 0.74280125625 0.45644594375 0.7446259000000001 0.45234744375 0.7462358874999999 0.4409246234375 0.7429396875000001 0.43264678281249996 0.7386137374999999 0.42435835
11 0.7302653125 0.3556076765625 0.721798784375 0.3513893984375 0.7179154390625 0.3554639421875 0.7173344125 0.3668987359375 0.7193531828124999 0.373788 0.7234211109375 0.3820734328125 0.7285920625 0.38476285 0.7326833203125 0.3821812296875 0.7326859812500001 0.3817238203125 0.7342834484375 0.3725880546875 0.733302403125 0.3643385484375 0.7302653125 0.3556076765625