2 0.62902318125 0.665354296875 0.638737715625 0.656921425 0.7006980781250001 0.47390399062500005 0.7199463109375001 0.41363399218749997 0.71705726875 0.392239046875 0.5059647218750001 0.2422940546875 0.5025244890625 0.24461023593750003 0.4244450859375 0.5009303796875 0.43016819687499996 0.518524815625 0.62902318125 0.665354296875
5 0.646807365625 0.565698040625 0.652109490625 0.5482504609375 0.65505785 0.5178789140625 0.633684428125 0.512082875 0.6209231609375 0.5452762203125 0.5982940109375 0.5560959078125001 0.5757082625 0.547331215625 0.563667446875 0.55543785 0.56187644375 0.56358259375 0.5651314968750001 0.5948241046875 0.5698824328125001 0.60108765 0.5890279484375001 0.6121685265625 0.6033950421875 0.6043881296875 0.6124874984375 0.6266530390625 0.620847928125 0.6292248218750001 0.6280669203125 0.62184129375 0.646807365625 0.565698040625
0 0.5967431578125 0.5558784171875 0.6209231609375 0.5452762203125 0.6261543984375 0.5348152921875 0.6283548171875 0.5169327296875 0.62600105 0.504008765625 0.6063202578125 0.48445690781249995 0.5794089046875001 0.427508740625 0.5634359828125 0.4098761921875 0.5909650734375 0.5130885265625 0.5967431578125 0.5558784171875
1 0.6074671281249999 0.513362559375 0.604253015625 0.51509755 0.601957953125 0.518735765625 0.6011023140625 0.5269459171875 0.6021717578125 0.5320117046874999 0.605774321875 0.5352483968749999 0.6097120734375 0.5338891578125 0.6116123109375 0.5303313046875 0.613662578125 0.5224258203125001 0.612254509375 0.5163554109375 0.6074671281249999 0.513362559375
7 0.6781991328125 0.42597053437500004 0.675943740625 0.4186576421875 0.664017215625 0.400193240625 0.6575461640625 0.3950877859375 0.645166825 0.40594558281250004 0.640836875 0.43472405625 0.63330684375 0.45745647500000003 0.6361684000000001 0.46625369375 0.640482434375 0.46965733125 0.6429070890624999 0.4755946390625 0.64562686875 0.4983651671875 0.655707415625 0.499778859375 0.6708658515625 0.459925096875 0.6722199546875001 0.4489204421875 0.6758294499999999 0.44522867968749996 0.6781991328125 0.42597053437500004
9 0.5559609265625001 0.457804065625 0.5588658828125 0.44701690312500003 0.5620109921875 0.4278675015625 0.5608420656249999 0.4053144640625 0.5544419031250001 0.3932223546875 0.545644571875 0.3877906625 0.5347885984375 0.386268225 0.5256802281249999 0.3961854234375 0.5209567796875 0.40251960625 0.51170663125 0.42641011406249996 0.510183265625 0.43879035 0.510986178125 0.4514968234375 0.5136784703124999 0.46166962343750007 0.5193032078125001 0.47365298906250003 0.5287067015625 0.4805690078125 0.5383503484375 0.4791227921875 0.5507296890625 0.4682649921875 0.5559609265625001 0.457804065625
11 0.655707415625 0.499778859375 0.6585414843749999 0.49597835156250003 0.6597263250000001 0.48634927812499995 0.655412290625 0.482945640625 0.6518027953125001 0.48663740312500003 0.65112574375 0.49213973125 0.6501810531250001 0.49340656875000005 0.6510548546875 0.4991263859375 0.655707415625 0.499778859375
11 0.6474656171875 0.39367409375 0.6452377125 0.398958928125 0.6445606609375 0.40446125625 0.6449975609374999 0.4073211671875 0.647154578125 0.40902298437500006 0.6494808578125 0.409349221875 0.651200975 0.4081911296875 0.65403504375 0.4043906203125 0.654881359375 0.39751271250000003 0.6530628671875001 0.39305972968749997 0.6491857343749999 0.392516003125 0.6474656171875 0.39367409375
11 0.52881904375 0.46502713125 0.5309858562499999 0.46928408125 0.5328141875 0.47102236406250003 0.5351426890625001 0.4701958734375 0.5376394390625 0.46725201875 0.5380681265625 0.45924226562500003 0.535393640625 0.45458527968749995 0.5321604875 0.4544621015625 0.5293849609375 0.45967153906249997 0.52881904375 0.46502713125
11 0.5460459078125 0.45097443437500007 0.5474522390625001 0.45462937343750004 0.548564234375 0.4551953203125 0.5510414765625 0.4556280859375 0.5547320499999999 0.45202745625 0.55458809375 0.44640859062500005 0.553039484375 0.4424034578125 0.5506217265625 0.43942947187500003 0.546850825 0.4436765203125 0.5460459078125 0.45097443437500007
11 0.53543580625 0.398432315625 0.5349606140625001 0.4038006296875 0.535597321875 0.407677878125 0.5375046 0.40876815625 0.5410990578125 0.407461521875 0.5435810546875001 0.4023746390625 0.5432232921875 0.39623043281250003 0.5404830609375 0.39436426406249997 0.53711940625 0.39455162499999996 0.53543580625 0.398432315625
11 0.5491440437499999 0.421270378125 0.5507324296875 0.42495225000000003 0.5509146546875 0.4249778046875 0.5544413375 0.42497842500000005 0.557200034375 0.4214122265625 0.5566083234375 0.4149063703125 0.554977015625 0.41006683906249997 0.5514940296875 0.4112239875 0.549738734375 0.41493090156249995 0.5491440437499999 0.421270378125
11 0.5184316765625 0.4174572453125 0.5191798578125 0.421185009375 0.5209445171875 0.4219278421875 0.5223441203125 0.42261808125 0.5256620468750001 0.419789390625 0.5263762390625 0.412478753125 0.524915546875 0.40700267031250004 0.5223323484375 0.40762972187499996 0.518918646875 0.4127496640625 0.5184316765625 0.4174572453125
11 0.517048890625 0.443779025 0.5157532984375 0.44903228593750005 0.516032975 0.4520352671875 0.517368384375 0.45551654218750004 0.51832045 0.4556962359375 0.5207518421875 0.4551682375 0.5239157125 0.45132862031250004 0.5235378078124999 0.4453481078125 0.5221544265625 0.44301314375 0.5195376140625 0.44165684374999997 0.517048890625 0.443779025
8 0.5469229421875 0.2900064015625 0.5382143609375001 0.2941039265625 0.5247379203125 0.29977451718750003 0.51347125 0.307993915625 0.50489455625 0.317430146875 0.49859139218750004 0.3263456265625 0.490358553125 0.335551615625 0.479869890625 0.3528399625 0.4722646984375 0.3736125875 0.4653591515625 0.3989625515625 0.4593929671875 0.420524759375 0.4588262453125 0.44564422343750004 0.45997431093749996 0.4670846734375 0.463303196875 0.48491146875 0.465811371875 0.497862684375 0.47049606875 0.5136393078125 0.4765719828125 0.5270908640624999 0.4833788125 0.5358844375 0.49218663124999995 0.546359346875 0.49829991875 0.5530966109375 0.5055265515625 0.557189971875 0.52271405 0.5624003796875 0.5307643109375 0.5649286640625 0.5416157312500001 0.5639302890625 0.5446639109375 0.5635181734375 0.5541764437500001 0.55673335625 0.5633736468749999 0.5473827453125 0.5728320453125 0.5397493484375 0.5840451890625 0.5306828515625 0.5898153921875 0.52225235625 0.591510675 0.5174497546875 0.6050390375 0.48334948125 0.6064634734375 0.476709371875 0.6109823390625 0.46306304374999996 0.6123030984375 0.45232937812499996 0.6153423359375 0.4314761515625 0.616536703125 0.417923325 0.6168877703125 0.40481336093750003 0.616244140625 0.38568396250000003 0.6147538578125 0.3734352234375 0.6116200140625 0.3578760890625 0.608422846875 0.34538937812500003 0.6016401578125 0.331277578125 0.5931844374999999 0.3166526890625 0.5833382765625 0.3043529796875 0.5702800015625 0.2963618890625 0.55671376875 0.2924989203125 0.5469229421875 0.2900064015625
11 0.6183754859375 0.623925896875 0.62396690625 0.6216665171875 0.62494218125 0.608323646875 0.6211054703125 0.6037653421875 0.615696234375 0.6119931828125 0.6149451578125 0.62134725 0.6179623359375 0.62389874375 0.618571565625 0.623274725 0.6183754859375 0.623925896875