2 0.8047789265624999 0.6316145421875 0.81165914375 0.599261128125 0.83489801875 0.3228345125 0.8337265296874999 0.2826139875 0.8297006781249999 0.278680434375 0.5466258890625 0.22846619375000002 0.540809378125 0.270482575 0.5243835109375 0.565962490625 0.5325160078125 0.576603428125 0.8047789265624999 0.6316145421875
5 0.7831146140625 0.5592440171875 0.7896986515625 0.5435790125 0.788554153125 0.53114221875 0.79617490625 0.4973564515625 0.7964710859374999 0.4806680375 0.7765438062500001 0.467934840625 0.7664994625 0.49908309375000004 0.7545700859375 0.5192269046875 0.7312228953125001 0.5233638734375 0.72760100625 0.5332994640625001 0.72361555 0.5307528265625 0.7198724703125 0.536527675 0.72046500625 0.583728209375 0.7323809781249999 0.5899812140625 0.7406076734375 0.5769991640625001 0.76719978125 0.5768411906249999 0.7790079703125 0.552536634375 0.7831146140625 0.5592440171875
10 0.5795598359375 0.284899090625 0.5681690140625 0.2966759765625 0.5603596859375 0.29713035625 0.5592017828125 0.31109037968750003 0.554637375 0.3155237515625 0.5503827296875 0.3574492546875 0.545077784375 0.363314978125 0.5422772234375 0.3745920484375 0.53946325625 0.41226593281249996 0.5444452078124999 0.4758822546875 0.55220073125 0.500437775 0.551702571875 0.5101916156249999 0.544256809375 0.5231282265625 0.546841984375 0.5313134015625 0.5585155796875 0.529244915625 0.594209690625 0.5730138296875 0.629055484375 0.587657534375 0.64779786875 0.5865670234375 0.67394561875 0.5711529875 0.68570000625 0.5718583328125 0.6931457671875 0.558921721875 0.6981141375 0.5683574984375 0.7039172421875 0.5527379328124999 0.7086970375 0.52884231875 0.7051289484375001 0.513768009375 0.6937111359375 0.4977611640625 0.679533159375 0.4944183046875 0.650584846875 0.5211094093749999 0.6327445828125 0.526315225 0.603405715625 0.5127403703125 0.58619820625 0.48595627500000005 0.576019090625 0.4587632359375 0.573662709375 0.40471900312500003 0.5812026703125001 0.36815940625 0.5878675 0.3552682328125 0.588365659375 0.3455143921875 0.5929300671875 0.3410810203125 0.5916777875 0.29808666875 0.5795598359375 0.284899090625
9 0.662756425 0.42870972187499995 0.6630929984375 0.41340822343749994 0.65772066875 0.39010330312499997 0.647083790625 0.3740510203125 0.63356555625 0.36650197812499996 0.6242347609375 0.368434146875 0.6135844765625 0.3787786828125 0.6046980359374999 0.3959669140625 0.6014801078125 0.4197716515625 0.603769103125 0.4446452390625 0.6079969359375 0.455513365625 0.6162102234375 0.4689281328125 0.6305093890625 0.4764317359375 0.6414020515625001 0.4744086921875 0.6520523375 0.46406415624999997 0.6594173062500001 0.448353715625 0.662756425 0.42870972187499995
0 0.7694212140625 0.49196676874999995 0.772921915625 0.47787043437500004 0.7711580687499999 0.4710267359375 0.755754803125 0.452473253125 0.7334847250000001 0.43987636874999997 0.7292972890625 0.43039515625 0.701479890625 0.415342509375 0.6820911671875 0.3942423859375 0.6623254734375 0.3870568453125 0.670700346875 0.406019271875 0.7083198875 0.46217953906250003 0.7201416609375 0.49205553125 0.7349659749999999 0.5175890265625 0.738991828125 0.5215225796875 0.7545700859375 0.5192269046875 0.7636181093750001 0.5075863328125 0.7694212140625 0.49196676874999995
1 0.7537217671875001 0.49010170000000003 0.7548796703125 0.47614167656250006 0.7458854500000001 0.462772346875 0.737295190625 0.46327216406250005 0.729889825 0.477595690625 0.73021299375 0.4886910078125 0.73842628125 0.502105775 0.747016540625 0.5016059578125 0.7537217671875001 0.49010170000000003
11 0.79951366875 0.3165577328125 0.7939663484375 0.31410196875 0.789401940625 0.318535340625 0.7905464375 0.330972134375 0.799877234375 0.3290399640625 0.79951366875 0.3165577328125
11 0.7443772109375 0.357275959375 0.7373892125 0.359071815625 0.7360697234375 0.36748418125 0.7386145015625 0.3742824390625 0.7463430359375 0.3710542296875 0.7443772109375 0.357275959375
11 0.695488565625 0.55878540625 0.68850056875 0.5605812640625001 0.684878678125 0.5705168578125 0.6899278375 0.5827264609375 0.6953943671875 0.5824083953125 0.6998779828125 0.57520119375 0.6995548140625 0.564105878125 0.695488565625 0.55878540625
11 0.54700356875 0.536861059375 0.548848209375 0.5464785859375 0.5591215218750001 0.5500486359375001 0.5601986343750001 0.533314784375 0.55691331875 0.5279488796875 0.5507062515625 0.5296992953124999 0.54700356875 0.536861059375
11 0.5571551640625 0.294538278125 0.552388775 0.2920370765625 0.5478647624999999 0.2978573640625 0.549951778125 0.315796378125 0.5583804546875 0.3097489015625 0.5571551640625 0.294538278125
7 0.739336221875 0.302348759375 0.731478284375 0.3498798234375 0.7341974890625 0.37271116718749997 0.7421662359375001 0.385384403125 0.7489072015625 0.3700311890625 0.763925390625 0.3779152953125 0.7973447609375001 0.3829046359375 0.8024176437499999 0.33845446562500003 0.80240701875 0.33808970625 0.8057089046874999 0.31746288749999996 0.7885202546875 0.3126239140625 0.739336221875 0.302348759375
8 0.595994125 0.31725744843750003 0.5951886 0.33190132656250004 0.589316884375 0.3559618890625 0.577367271875 0.38293095 0.5708491718750001 0.40593577031250005 0.57183596875 0.43981532031250004 0.5772485609375 0.4705185140625 0.5853128046875 0.48647041562500004 0.5947699859375 0.5008825406249999 0.61059454375 0.5152881734375 0.621285421875 0.52269330625 0.6358541953125 0.5222110109375 0.6493021046874999 0.5185097109375 0.6640481984375 0.5099885328125 0.67427221875 0.5013650953125001 0.6878512265625 0.49510130625000004 0.691962528125 0.49522747031250003 0.6991142828125 0.50101441875 0.7074331234375 0.50454398125 0.715695096875 0.49202111562499995 0.71910991875 0.4823351359375 0.722843003125 0.46241259375 0.7256287390625 0.43816481874999996 0.72727705 0.4273715734375 0.727314121875 0.411428990625 0.7266986875 0.39029934375 0.723774878125 0.36747990625 0.7221659109375 0.347502809375 0.7144305531249999 0.3216791078125 0.7043617656250001 0.30036874375 0.6952934046875 0.28520602031250003 0.68612648125 0.2736958515625 0.669782825 0.2626046453125 0.651126246875 0.25675773125 0.6323506765625 0.253835196875 0.608218703125 0.257428778125 0.586423946875 0.2707390375 0.5775360171874999 0.2829343359375 0.585992809375 0.2912002109375 0.595994125 0.31725744843750003
11 0.6391558921875 0.3970767421875 0.6418956125 0.3936747890625 0.6425922140625 0.3862489265625 0.6400966109375 0.38062867968749997 0.6349137203125 0.380210603125 0.6332594078125 0.3860709171875 0.6338262828125 0.391621390625 0.63607769375 0.39581378749999996 0.6391558921875 0.3970767421875
11 0.614858946875 0.3983098359375 0.6159234296875 0.4000497765625 0.6186442078125001 0.4029534109375 0.619256203125 0.4030970171875 0.6202525765625 0.40249862031249994 0.622470578125 0.39858798906250004 0.6214834265625 0.3925201546875 0.619577728125 0.3897497 0.6180535640625 0.389657778125 0.6160019640625001 0.3922986671875 0.614858946875 0.3983098359375
11 0.6093742875 0.425829378125 0.6096164546875 0.43067910468750004 0.61100039375 0.4329394921875 0.6122344656250001 0.4370104765625 0.6143601640624999 0.4368867953125 0.6161401890625 0.4353425578125 0.61735776875 0.4284268046875 0.614709071875 0.4210149796875 0.6135745359375 0.420361353125 0.6108831625 0.42195861562500003 0.6093742875 0.425829378125
11 0.62230256875 0.4589418796875 0.6237767843750001 0.4608371953125 0.6270684875 0.462447546875 0.629126078125 0.4599855265625 0.6302534234375 0.45343623437499997 0.627506428125 0.44963249375 0.6247804015625 0.44654855937500004 0.622722809375 0.4490105796875 0.62197459375 0.4546375703125 0.62230256875 0.4589418796875
11 0.641809403125 0.4498811328125 0.6431075749999999 0.452688325 0.6448005484375 0.4551113375 0.6498106234375001 0.44959619375 0.6496429796875 0.44384049687499993 0.647210271875 0.44037967812499995 0.644627696875 0.43872945625000004 0.6430551859375 0.44044222343749995 0.6413327640625 0.4439642015625 0.641809403125 0.4498811328125
11 0.653709046875 0.40937937187499995 0.65140850625 0.4069917109375 0.649319446875 0.4083733234375 0.647288815625 0.4117340203125 0.64654506875 0.41754135625 0.6473424484375 0.420558290625 0.6495309640625 0.42259125937500003 0.6523492546874999 0.42188685625 0.6526582875 0.4220494796875 0.653538209375 0.4209174328125 0.6550785109375 0.41812569218749995 0.655347640625 0.4134268203125 0.653709046875 0.40937937187499995