2 0.361233309375 0.8037203296875 0.366789040625 0.8199472562500001 0.3748804953125 0.8272047 0.698586671875 0.7764822453125 0.75695813125 0.7570907515624999 0.841889365625 0.7462619328125 0.8482205046875 0.7366810015625 0.8260918921875 0.6560629625 0.6959711203125 0.2475496578125 0.6904153859375 0.2313227296875 0.674991565625 0.21668555781249998 0.2698911046875 0.28622800625 0.26744154062500003 0.292329953125 0.26987478125000003 0.31191357656249996 0.31592950625 0.5641772015625001 0.361233309375 0.8037203296875
5 0.3417791640625 0.49580545000000004 0.34649781874999996 0.502179421875 0.380656590625 0.4966764203125 0.38538340781249997 0.4902076078125 0.38219924375000003 0.45790348593749997 0.40272715468750003 0.40323054375 0.41622651250000003 0.3939216390625 0.42602476874999995 0.3695138515625 0.406243240625 0.3113469765625 0.39435636875 0.3047009796875 0.3855838265625 0.307541071875 0.38253932968750004 0.3208730125 0.332070684375 0.3789425984375 0.3273357078125 0.3982541984375 0.3361454359375 0.46960327656249995 0.3417791640625 0.49580545000000004
9 0.5631486906250001 0.5072280609375001 0.57991020625 0.5401985234375 0.594825253125 0.5591981500000001 0.6118533984375001 0.5707232046875 0.6456757078125 0.5638475781250001 0.659700165625 0.5244906453125 0.659380025 0.49743244999999997 0.64953641875 0.46049385000000004 0.6315932 0.42914059218749995 0.6084143875 0.408618603125 0.590791309375 0.4043235421875 0.575946096875 0.4081419484375 0.5603336375 0.42492542499999997 0.5546672640625 0.45009439375 0.556419415625 0.4797755515625 0.5631486906250001 0.5072280609375001
7 0.49499983593749997 0.650902084375 0.453627496875 0.594786675 0.38792366718750004 0.6067984359375 0.3850514828125 0.6143952968749999 0.38915888125000003 0.653684834375 0.4036023359375 0.7512360874999999 0.41185794062500003 0.7656012343749999 0.424503896875 0.7721249421875 0.49898027031250003 0.7572730890625 0.5063697703125001 0.674753321875 0.49499983593749997 0.650902084375
1 0.4038762109375 0.45298448281250003 0.40749115625 0.47095090468749995 0.42139681093750003 0.48583265468750003 0.4327830671875 0.48399832031249995 0.43507664375 0.45794588281250004 0.43027999375 0.441596665625 0.41772019531250004 0.4322054171875 0.41004319999999994 0.43629584687499995 0.4038762109375 0.45298448281250003
0 0.4301240046875 0.4216461734375 0.3953004671875 0.4115611390625 0.39156671875 0.44783340000000005 0.4019970953125 0.49038479218750003 0.41000239218749995 0.5005097734375 0.5481066796875 0.5553099031250001 0.556965378125 0.54960226875 0.555291221875 0.5298963578125 0.5498134828125 0.5236446734375 0.4301240046875 0.4216461734375
10 0.6378388796875 0.28782992812499997 0.61301700625 0.2678123453125 0.572855240625 0.253960090625 0.5526075921875 0.252603353125 0.51696464375 0.25926861562500003 0.5002578296875 0.27027423281249996 0.4715339296875 0.2989180765625 0.46170441562500003 0.30881575625 0.4510685890625 0.29667325 0.44074794375000004 0.30665005 0.4447709421875 0.33556158125 0.44687980625 0.37124644687499997 0.45871198125 0.392434946875 0.47507160156249995 0.4175112953125 0.49150028749999997 0.41578778125 0.520006159375 0.386254478125 0.53661581875 0.3540190109375 0.5647319890625 0.33748127499999997 0.5998280640625 0.33275043125 0.6392767390625 0.3541071171875 0.6705268703125 0.3961837765625 0.6975136890625 0.4500323 0.7114079484375 0.49213266874999995 0.71935209375 0.5370407765625 0.7144681515625 0.58586181875 0.720784921875 0.6116314890625 0.735884496875 0.6461495562499999 0.7613597828125 0.6688327765625 0.761142090625 0.6679446890625 0.7768155171875 0.6506405828124999 0.7874650015625 0.6378399015625 0.7956538203125 0.633748346875 0.80816203125 0.6160310015625 0.782412971875 0.594313615625 0.7747890390625 0.56321129375 0.765973790625 0.5147494578125 0.7477784046875 0.4530196609375 0.7304541203125 0.3948435921875 0.7066792953125 0.3561813078125 0.6824086484375 0.3259130375 0.6811661953125 0.3020967953125 0.673977646875 0.27277065 0.64773276875 0.25944728125 0.6417736875 0.278883315625 0.6378388796875 0.28782992812499997
8 0.7196918546875 0.6155030734375 0.7159976984374999 0.5837676609375 0.711321290625 0.5521904921874999 0.7091001796875 0.5202163453125 0.6984780140625 0.483130646875 0.6868728328125 0.44620331249999995 0.6759725359375001 0.4183997203125 0.647558353125 0.379561678125 0.6329927515625 0.3680522609375 0.5997082859375 0.35309206875 0.5680555546875 0.3489540484375 0.540656746875 0.3496739515625 0.5304426453125 0.3642508109375 0.5213687265625 0.3897304546875 0.4950505109375 0.41152034843749996 0.4791129515625 0.41316474062499997 0.45750700312500003 0.400018621875 0.45231684375 0.410092059375 0.45077439531249996 0.4371292828125 0.45088051562500003 0.4417308359375 0.4654990484375 0.5224301328125 0.47608816875000004 0.554983834375 0.4904785875 0.5886915593750001 0.5082522484374999 0.6237019890625 0.526081315625 0.6568557453125 0.5518815109374999 0.6850298593749999 0.588155246875 0.722601721875 0.6241645109375 0.744512496875 0.6613280406250001 0.752381375 0.6881241484375 0.75545405625 0.7093590828125 0.74833903125 0.7446860859375 0.7195545812499999 0.756164928125 0.6872211078125 0.7580233187500001 0.6823030718750001 0.74749830625 0.666447221875 0.7321771046875 0.6393558406250001 0.7196918546875 0.6155030734375
11 0.417257684375 0.761877671875 0.42189834375 0.7582764 0.4225794328125 0.7481788640625 0.4173601640625 0.7333245625 0.41070072187499995 0.7286900828125 0.40184202343750003 0.734397715625 0.409080075 0.7574877718749999 0.417257684375 0.761877671875
11 0.47239147187499997 0.6616784578125 0.47922322656249994 0.66057785625 0.4804130921875 0.64611786875 0.47544413125 0.63550373125 0.46912115312499997 0.632241878125 0.46397171562499995 0.6402056046875 0.466913734375 0.655426775 0.47239147187499997 0.6616784578125
11 0.44226480625000003 0.29412923750000003 0.43972908593750004 0.3030987234375 0.444698046875 0.31371286249999997 0.452030415625 0.32109259218749997 0.4604664953125 0.3168798734375 0.46114758437500003 0.3067823390625 0.457696790625 0.2959236234375 0.44994180000000006 0.29003880937500004 0.44226480625000003 0.29412923750000003
11 0.6483129890625 0.2623615640625 0.64805451875 0.27096418437500003 0.6592603031250001 0.2877077171875 0.6687057734375 0.28761287343749997 0.672000578125 0.27852109999999997 0.6693088671874999 0.2675400953125 0.663494665625 0.2599157859375 0.6571716875 0.25665393281250004 0.6483129890625 0.2623615640625
11 0.779656275 0.6050437390625001 0.7815027437500001 0.619014571875 0.789335728125 0.634874634375 0.7933814546875 0.6385033546875001 0.8029992375000001 0.632673434375 0.804439409375 0.6224536109375001 0.799220140625 0.6075993078125 0.7881785078125 0.5979634796875 0.779656275 0.6050437390625001
11 0.6190461015625 0.5324668734375 0.61314574375 0.527710103125 0.60926416875 0.5311890890625001 0.608332771875 0.5370464562499999 0.6128791125 0.549155509375 0.6204699515625001 0.5479326203125 0.6190461015625 0.5324668734375
11 0.5964168734374999 0.443368503125 0.6032486296874999 0.44226790156250007 0.60426618125 0.43354299375 0.60072923125 0.4255518171875 0.592715771875 0.428269621875 0.5964168734374999 0.443368503125
11 0.583730109375 0.501058721875 0.578166215625 0.497674578125 0.5757166515625001 0.5037765234375 0.579840371875 0.517380490625 0.5858268859375 0.5192697203125001 0.5875173671875 0.5132900625000001 0.583730109375 0.501058721875
11 0.640590325 0.5268872296875 0.6459360484375 0.52350339375 0.6460478890625 0.5133948328125 0.6422625703125 0.5060771828124999 0.638217665625 0.5042061859375 0.6326287578125 0.5042190734374999 0.6334233015625 0.5114649296875 0.640590325 0.5268872296875
11 0.62875044375 0.454262746875 0.6238927453125 0.457142765625 0.6238252078125 0.46255847812499995 0.6286333390625 0.47079431562499996 0.6363169156249999 0.47532230625 0.6387055140625 0.46881069531249997 0.6338996140625001 0.4573327390625 0.6293453890625 0.4533807171875 0.62875044375 0.454262746875
11 0.584241746875 0.466053203125 0.5809913296875 0.4536041078125 0.576970115625 0.447764134375 0.573138634375 0.44513820156249995 0.5702426078125 0.44632530312499996 0.5685809625 0.44767453437500004 0.5676386953125 0.4568353375 0.5701254265625 0.46616570468749996 0.5762329046875 0.47238870468750005 0.5811720218749999 0.4730341078125 0.584241746875 0.466053203125