2 0.65390625 0.6152777781250001 0.64765625 0.5916666671875 0.6296875 0.36666666718749996 0.6234375 0.31805555625 0.6234375 0.29444444375 0.61875 0.28611111093749997 0.5765625 0.29305555625 0.50625 0.315277778125 0.3578125 0.3513888890625 0.35234375 0.3541666671875 0.34921875 0.3625 0.35234375 0.434722221875 0.37421875 0.69305555625 0.64609375 0.622222221875 0.65390625 0.6152777781250001
5 0.41171875 0.50555555625 0.4140625 0.497222221875 0.41015625 0.4611111109375 0.4171875 0.45277777812500003 0.42578125 0.427777778125 0.43046875 0.4236111109375 0.45078125 0.4263888890625 0.4625 0.3916666671875 0.4625 0.38194444375000003 0.4515625 0.372222221875 0.44453125 0.352777778125 0.415625 0.3611111109375 0.4046875 0.38333333281250004 0.3875 0.3736111109375 0.37578125 0.38333333281250004 0.38203125 0.490277778125 0.3921875 0.515277778125 0.4046875 0.5138888890625 0.41171875 0.50555555625
0 0.4296875 0.5 0.453125 0.4986111109375 0.5015625 0.5208333328125 0.51015625 0.5166666671875 0.50546875 0.5013888890625 0.48671875 0.490277778125 0.45390625 0.45694444375 0.44140625 0.44166666718750003 0.43515625 0.425 0.42734375 0.427777778125 0.41953125 0.45277777812500003 0.41171875 0.4611111109375 0.415625 0.4888888890625 0.4296875 0.5
1 0.44296875 0.46388888906250003 0.4390625 0.4513888890625 0.43125 0.4486111109375 0.42578125 0.45416666718750004 0.42421875 0.46527777812500004 0.43046875 0.477777778125 0.4375 0.477777778125 0.44296875 0.46388888906250003
7 0.43984375 0.63055555625 0.44765625 0.60694444375 0.4390625 0.5833333328125 0.43671875 0.5513888890625 0.4203125 0.540277778125 0.41328125 0.525 0.403125 0.525 0.396875 0.5305555562500001 0.403125 0.6263888890625 0.4265625 0.6347222218749999 0.43984375 0.63055555625
9 0.5453125 0.5291666671875 0.5609375 0.5166666671875 0.5703125 0.4888888890625 0.56796875 0.447222221875 0.5640625 0.4375 0.5484375 0.42222222187499997 0.52890625 0.4236111109375 0.5203125 0.43333333281249997 0.51328125 0.45416666718750004 0.51328125 0.497222221875 0.52109375 0.5166666671875 0.53359375 0.527777778125 0.5453125 0.5291666671875
11 0.40078125 0.5291666671875 0.39765625 0.5319444437499999 0.3984375 0.547222221875 0.4046875 0.547222221875 0.40625 0.5333333328125 0.40078125 0.5291666671875
11 0.446875 0.60694444375 0.44296875 0.60555555625 0.4390625 0.6111111109375 0.43828125 0.61944444375 0.44140625 0.6263888890625 0.44765625 0.6236111109375 0.446875 0.60694444375
8 0.4738703125 0.5843597218750001 0.48369765625000005 0.6038694437500001 0.50198046875 0.6176888890625001 0.517978125 0.6282569437500001 0.536946875 0.633540278125 0.55134453125 0.633540278125 0.5655140624999999 0.6294763890625 0.58219765625 0.6193138890625 0.59728125 0.601025 0.6068796875 0.5831402781249999 0.6155640625000001 0.5636305562499999 0.62013515625 0.531522221875 0.62561953125 0.5083541671875 0.62881953125 0.48152916718750005 0.6283624999999999 0.4534833328125 0.6208203125 0.41243194375 0.61784921875 0.39820694375 0.605965625 0.3726013890625 0.5949953125 0.3567486109375 0.5844828125 0.3474013890625 0.56597109375 0.33155 0.55454453125 0.32789166718749996 0.53740390625 0.325859721875 0.51729296875 0.3295166671875 0.50700859375 0.3339875 0.49329609375 0.34780694375 0.48415468749999996 0.3608138890625 0.47021406250000003 0.3811361109375 0.45695859375000003 0.42259444375 0.45421640625000004 0.441290278125 0.45535859375000004 0.455109721875 0.45261640625000005 0.4831541671875 0.45353046875 0.49534861093749993 0.4544671875 0.5013361109375001 0.45535859375000004 0.5160763890625 0.4599296875 0.5359930562499999 0.46587187500000005 0.5595666671874999 0.4738703125 0.5843597218750001
11 0.555784375 0.5023736109375 0.5535664062500001 0.49757222187499994 0.5508656249999999 0.49791527812499997 0.5478765625 0.5016875 0.54710546875 0.5078625 0.55211953125 0.5154083328125 0.55616953125 0.5097486109375 0.555784375 0.5023736109375
11 0.56340234375 0.4843666671875 0.56475234375 0.4780208328125 0.5642703124999999 0.4721888890625 0.562534375 0.46893055625 0.5589664062499999 0.46858750000000005 0.556459375 0.47150277812499997 0.55616953125 0.47870694374999995 0.55858046875 0.48488055625 0.56340234375 0.4843666671875
11 0.55308359375 0.4550388890625 0.5567484375 0.4504083328125 0.55665234375 0.44371944374999994 0.5548195312499999 0.44011805624999994 0.55308359375 0.43994722187499996 0.5492265625 0.43960416718750006 0.54768359375 0.44371944374999994 0.548165625 0.4504083328125 0.54980546875 0.45418194375 0.55308359375 0.4550388890625
11 0.5309046875 0.4550388890625 0.5346656249999999 0.45315277812500004 0.53678671875 0.449722221875 0.53640078125 0.44406249999999997 0.5349546875 0.4377166671875 0.5316757812499999 0.4353166671875 0.52897578125 0.43720277812499997 0.5298437500000001 0.436859721875 0.52762578125 0.43926111093750003 0.5260828125 0.44560694375 0.52733671875 0.4516083328125 0.5309046875 0.4550388890625
11 0.5209718750000001 0.48162222187500003 0.52425078125 0.48042083281250003 0.52560078125 0.475790278125 0.5246359375 0.471159721875 0.5233828125 0.468759721875 0.5221289062500001 0.46773055625 0.52020703125 0.464809721875 0.5175 0.468759721875 0.5172109375 0.4752763890625 0.51913984375 0.48059305625000004 0.5209718750000001 0.48162222187500003
11 0.52897578125 0.5094055562500001 0.53196484375 0.5114638890625 0.5348578125000001 0.50991944375 0.535340625 0.50511805625 0.53437578125 0.500315278125 0.5328328124999999 0.4982583328125 0.5314828125 0.4982583328125 0.5286867187500001 0.49877222187500003 0.52666171875 0.5010013890625 0.52723984375 0.50631805625 0.52897578125 0.5094055562500001
11 0.3810015625 0.401947221875 0.38316328125 0.40386944375 0.387640625 0.40057361093750005 0.3890296875 0.393984721875 0.389184375 0.38739444375 0.38733203125000004 0.38464861093749997 0.3836265625 0.38464861093749997 0.38069296874999997 0.385747221875 0.37883984375 0.3931611109375 0.3810015625 0.401947221875